0 0 
7.557868957519531e-05 0
0.01212930679321289 0
0.0184323787689209 1
0.02422046661376953 2
0.030621767044067383 3
0.03638148307800293 5
0.0426182746887207 6
0.04958677291870117 9
0.056504249572753906 12
0.06308984756469727 15
0.06972527503967285 18
0.07536506652832031 21
0.08172965049743652 25
0.08738040924072266 29
0.09364485740661621 34
0.10022592544555664 37
0.10599088668823242 43
0.11353278160095215 49
0.12011051177978516 51
0.12584638595581055 61
0.13633441925048828 66
0.1429593563079834 71
0.1495819091796875 76
0.1551513671875 83
0.16231846809387207 88
0.16900897026062012 93
0.17465853691101074 99
0.18140697479248047 104
0.18701744079589844 109
0.19331860542297363 115
0.19991040229797363 120
0.205613374710083 127
0.21264266967773438 133
0.21946334838867188 139
0.22494268417358398 144
0.23166632652282715 150
0.2372751235961914 155
0.24385595321655273 163
0.2503507137298584 169
0.25605201721191406 175
0.2636547088623047 182
0.2702512741088867 186
0.27599382400512695 194
0.2823023796081543 199
0.28893375396728516 205
0.29456496238708496 211
0.30138707160949707 217
0.3070342540740967 225
0.31435060501098633 231
0.32111525535583496 236
0.326505184173584 242
0.33307671546936035 248
0.33969807624816895 254
0.3453354835510254 260
0.35570549964904785 271
0.3632369041442871 277
0.3701298236846924 283
0.3758533000946045 291
0.3823521137237549 297
0.38924121856689453 303
0.39452242851257324 309
0.4012601375579834 315
0.4065849781036377 323
0.41423797607421875 329
0.42064404487609863 335
0.42635011672973633 342
0.434065580368042 348
0.440474271774292 354
0.446199893951416 360
0.45254945755004883 366
0.4593985080718994 371
0.4660072326660156 377
0.47249722480773926 382
0.47937488555908203 386
0.48462915420532227 389
0.49138379096984863 392
0.49700379371643066 395
0.5035073757171631 398
0.5100867748260498 400
0.5165343284606934 401
0.5230720043182373 402
0.529813289642334 403
0.5355093479156494 403
0.5418717861175537 403
0.5478875637054443 402
0.5539460182189941 401
0.5604255199432373 399
0.5684025287628174 397
0.5741972923278809 395
0.5806033611297607 393
0.5863182544708252 391
0.5929925441741943 388
0.599644660949707 385
0.6052749156951904 381
0.6118566989898682 377
0.6195309162139893 373
0.6250991821289062 369
0.6317455768585205 365
0.6373782157897949 360
0.6436917781829834 355
0.6504850387573242 351
0.6562149524688721 348
0.6625287532806396 344
0.6705348491668701 341
0.6762545108795166 339
0.6825175285339355 337
0.6895637512207031 336
0.6951475143432617 335
0.7016420364379883 335
0.7072091102600098 335
0.7136602401733398 335
0.7214267253875732 336
0.7270498275756836 337
0.7333481311798096 338
0.7399191856384277 340
0.7456097602844238 343
0.7519276142120361 347
0.7626814842224121 351
0.771693229675293 354
0.7773463726043701 358
0.7840657234191895 362
0.7904596328735352 365
0.7961905002593994 368
0.8024911880493164 371
0.8093805313110352 373
0.8146352767944336 377
0.8221368789672852 378
0.828535795211792 379
0.8344218730926514 381
0.8411328792572021 381
0.8465113639831543 381
0.853907585144043 381
0.8603603839874268 380
0.8660945892333984 379
0.874143123626709 377
0.8805985450744629 375
0.8863606452941895 373
0.8931355476379395 371
0.8997936248779297 368
0.9054841995239258 365
0.9117767810821533 362
0.9174461364746094 358
0.9250931739807129 355
0.9315676689147949 353
0.9371809959411621 349
0.9456124305725098 346
0.9524490833282471 344
0.9592714309692383 342
0.964571475982666 341
0.9721076488494873 340
0.9794182777404785 339
0.9846410751342773 339
0.9913716316223145 340
0.9969608783721924 341
1.0032496452331543 342
1.009997844696045 343
1.0156872272491455 346
1.02315354347229 348
1.029759168624878 351
1.035381555557251 353
1.0417304039001465 356
1.0474069118499756 359
1.0536823272705078 363
1.0602266788482666 364
1.0659940242767334 367
1.0735242366790771 370
1.0805773735046387 372
1.086289644241333 374
1.0925371646881104 375
1.0993907451629639 376
1.104618787765503 376
1.1113007068634033 376
1.1166417598724365 376
1.1241426467895508 375
1.1310722827911377 374
1.1364526748657227 373
1.1431000232696533 371
1.1498386859893799 369
1.160172939300537 365
1.1659750938415527 361
1.1725976467132568 359
1.1812777519226074 357
1.1866681575775146 356
1.1934528350830078 353
1.2000503540039062 353
1.2057771682739258 350
1.2121131420135498 349
1.2184648513793945 349
1.2251615524291992 348
1.231726884841919 348
1.237321376800537 349
1.2435925006866455 350
1.2503173351287842 351
1.2560372352600098 353
1.262324571609497 355
1.2689411640167236 357
1.274488925933838 359
1.2826149463653564 361
1.2894892692565918 362
1.295074701309204 363
1.301548719406128 365
1.3071708679199219 366
1.3136224746704102 368
1.320190668106079 369
1.326629877090454 371
1.3332161903381348 371
1.3397724628448486 372
1.3453803062438965 371
1.3517506122589111 371
1.3573217391967773 371
1.3636140823364258 369
1.3703312873840332 367
1.3760268688201904 366
1.3833816051483154 363
1.3904938697814941 361
1.396195888519287 359
1.4024934768676758 358
1.4095993041992188 357
1.4152839183807373 355
1.421684980392456 354
1.4294312000274658 352
1.4350807666778564 351
1.4415390491485596 349
1.447103500366211 349
1.4546194076538086 348
1.4613502025604248 349
1.4666869640350342 349
1.4732334613800049 350
1.4806663990020752 351
1.4870920181274414 353
1.493699312210083 356
1.5003130435943604 357
1.5060460567474365 359
1.5123512744903564 360
1.5192182064056396 361
1.5246264934539795 362
1.532167673110962 363
1.5386252403259277 363
1.544478178024292 364
1.5513529777526855 366
1.5617637634277344 367
1.5674240589141846 369
1.5763897895812988 372
1.5865399837493896 373
1.595823049545288 373
1.6044878959655762 373
1.6132886409759521 371
1.6217491626739502 369
1.6305062770843506 366
1.6400141716003418 363
1.6486029624938965 361
1.65439772605896 359
1.661177158355713 357
1.666558027267456 356
1.6733288764953613 354
1.6799273490905762 352
1.686467170715332 350
1.6934950351715088 347
1.7000956535339355 347
1.705756425857544 345
1.712022066116333 345
1.7183868885040283 344
1.724146842956543 344
1.7310173511505127 345
1.7374660968780518 346
1.7439866065979004 347
1.750469446182251 349
1.7561585903167725 351
1.7624635696411133 353
1.76932954788208 356
1.7746295928955078 358
1.7813904285430908 361
1.7886595726013184 363
1.7953569889068604 365
1.8018999099731445 365
1.8079030513763428 368
1.8139803409576416 369
1.8204727172851562 371
1.8261711597442627 371
1.8324344158172607 372
1.8400702476501465 372
1.8457584381103516 371
1.853161096572876 370
1.8597443103790283 369
1.8653419017791748 368
1.8717281818389893 366
1.8773725032806396 364
1.8837230205535889 361
1.8914315700531006 360
1.8979158401489258 358
1.9039616584777832 357
1.91064453125 356
1.9163506031036377 355
1.9226703643798828 353
1.9296917915344238 351
1.9353411197662354 349
1.9425232410430908 348
1.9493279457092285 347
1.9546005725860596 347
1.968540906906128 347
1.9744737148284912 349
1.9813201427459717 349
1.9884347915649414 353
1.9960520267486572 355
2.002683639526367 357
2.0095505714416504 359
2.015153169631958 361
2.021634817123413 362
2.02724552154541 364
2.0338470935821533 365
2.0413758754730225 367
2.0469884872436523 369
2.0533459186553955 371
2.0601089000701904 372
2.0657970905303955 373
2.072099208831787 374
2.0784554481506348 374
2.0841927528381348 374
2.09175968170166 373
2.0973472595214844 373
2.104290723800659 371
2.110621690750122 369
2.116312265396118 368
2.122551202774048 366
2.129377841949463 363
2.1346957683563232 360
2.142382860183716 359
2.1494083404541016 357
2.1549386978149414 355
2.1615183353424072 354
2.1671736240386963 352
2.173522472381592 350
2.180063009262085 349
2.1857340335845947 347
2.1932103633880615 347
2.199831008911133 347
2.206122875213623 347
2.2125308513641357 348
2.2193729877471924 349
2.2246224880218506 351
2.2313456535339355 353
2.2366909980773926 355
2.244224786758423 358
2.250626802444458 360
2.256361484527588 362
2.262686014175415 363
2.269681215286255 365
2.275320529937744 367
2.2816784381866455 369
2.287365198135376 372
2.294639825820923 373
2.3013505935668945 375
2.3073959350585938 375
2.313727855682373 375
2.320542573928833 375
2.3262107372283936 375
2.33262300491333 374
2.3393850326538086 373
2.345896005630493 371
2.3615987300872803 365
2.3693554401397705 363
2.375044822692871 360
2.381664991378784 358
2.387357711791992 355
2.39532732963562 353
2.4017655849456787 351
2.407449722290039 349
2.4143381118774414 347
2.4211299419403076 346
2.426499128341675 346
2.4330029487609863 345
2.439631462097168 345
2.4461207389831543 346
2.452619791030884 347
2.4594409465789795 348
2.4650516510009766 350
2.4724884033203125 352
2.479400634765625 355
2.4846508502960205 357
2.491468667984009 360
2.4986655712127686 362
2.5044050216674805 364
2.511782169342041 365
2.5174214839935303 367
2.5238804817199707 370
2.5304300785064697 371
2.5361597537994385 372
2.542428493499756 372
2.5500826835632324 372
2.5557639598846436 372
2.5620880126953125 371
2.568434000015259 370
2.5742690563201904 369
2.5811362266540527 367
2.5864996910095215 365
2.593106985092163 362
2.6004750728607178 361
2.606191396713257 359
2.6124684810638428 359
2.6198058128356934 357
2.625530481338501 356
2.631993532180786 355
2.6383955478668213 354
2.644277572631836 352
2.6517961025238037 351
2.657409429550171 350
2.663710355758667 349
2.6703314781188965 349
2.676034688949585 350
2.6822848320007324 351
2.6886520385742188 352
2.6946182250976562 354
2.702075719833374 355
2.7085132598876953 357
2.7144229412078857 358
2.721674919128418 359
2.7273547649383545 360
2.733668804168701 361
2.740293502807617 361
2.746028184890747 361
2.75352144241333 362
2.7643396854400635 363
2.7712457180023193 363
2.776620864868164 364
2.7833142280578613 365
2.7904019355773926 366
2.796114683151245 367
2.8035056591033936 369
2.810586929321289 371
2.816316604614258 372
2.8232483863830566 373
2.829819917678833 373
2.8359124660491943 373
2.8423476219177246 372
2.8490262031555176 371
2.8570051193237305 369
2.863312005996704 368
2.870025396347046 366
2.875753879547119 363
2.8820595741271973 361
2.888439416885376 359
2.8941328525543213 358
2.9005649089813232 356
2.9073739051818848 355
2.913684129714966 353
2.9202911853790283 351
2.926039218902588 349
2.932490348815918 348
2.9394028186798096 347
2.9446563720703125 347
2.9514667987823486 347
2.9585719108581543 347
2.964292049407959 349
2.9711573123931885 349
2.976520299911499 351
2.9850447177886963 354
2.9921116828918457 355
2.998565196990967 359
3.005509376525879 360
3.0118696689605713 361
3.017932415008545 363
3.0245494842529297 364
3.031297206878662 365
3.0366628170013428 367
3.0431814193725586 369
3.049966335296631 371
3.056480884552002 372
3.062999725341797 373
3.069612979888916 373
3.075256824493408 373
3.0816428661346436 373
3.087249517440796 372
3.093520164489746 371
3.1002585887908936 369
3.106997013092041 367
3.1134588718414307 365
3.1200168132781982 363
3.1261556148529053 360
3.1324872970581055 358
3.1393914222717285 356
3.145554304122925 354
3.1519505977630615 352
3.159614086151123 347
3.1713454723358154 345
3.176698923110962 343
3.1834075450897217 342
3.1901907920837402 341
3.1959152221679688 341
3.202200174331665 340
3.2098209857940674 341
3.2155168056488037 341
3.2218737602233887 342
3.227872133255005 343
3.234227418899536 345
3.241244077682495 347
3.246601104736328 349
3.253141403198242 353
3.2604026794433594 355
3.2661209106445312 359
3.27242112159729 361
3.279294490814209 364
3.2846243381500244 367
3.2915680408477783 369
3.297210931777954 371
3.3034865856170654 374
3.3111233711242676 375
3.316526174545288 377
3.3230512142181396 377
3.329686403274536 377
3.3353307247161865 378
3.341747760772705 377
3.3473434448242188 377
3.3539435863494873 376
3.361701250076294 375
3.3673272132873535 373
3.373607873916626 370
3.3801677227020264 369
3.3858890533447266 365
3.392198085784912 363
3.3986728191375732 360
3.4044177532196045 358
3.412156581878662 355
3.4186248779296875 353
3.4243838787078857 351
3.4312045574188232 349
3.436577558517456 348
3.4430785179138184 346
3.450028896331787 346
3.455733299255371 345
3.4631288051605225 345
3.469900131225586 346
3.4756016731262207 347
3.4819116592407227 348
3.4879660606384277 351
3.4960944652557373 353
3.502392530441284 355
3.509249687194824 357
3.5159261226654053 361
3.522268056869507 363
3.5286927223205566 364
3.534574508666992 367
3.5419816970825195 368
3.548403263092041 371
3.5541117191314697 372
3.565791606903076 373
3.5741310119628906 373
3.5810585021972656 373
3.5871026515960693 373
3.5936343669891357 371
3.6001946926116943 370
3.605940103530884 368
3.6122186183929443 365
3.620370864868164 363
3.6261255741119385 361
3.6324729919433594 359
3.639453649520874 357
3.6450600624084473 355
3.6533262729644775 353
3.661942720413208 350
3.6719067096710205 347
3.680697441101074 346
3.6896016597747803 345
3.6972711086273193 345
3.7058193683624268 345
3.714651584625244 347
3.7245962619781494 349
3.732089042663574 350
3.738440990447998 353
3.744598388671875 355
3.7515480518341064 358
3.75718355178833 360
3.7635178565979004 361
3.771404981613159 363
3.7770748138427734 364
3.7833971977233887 366
3.7899863719940186 367
3.7957708835601807 369
3.8021371364593506 371
3.8085594177246094 373
3.814244031906128 373
3.821692943572998 374
3.827336072921753 374
3.8339099884033203 374
3.840360164642334 373
3.8460400104522705 373
3.853358030319214 371
3.8599400520324707 370
3.865623950958252 368
3.872558116912842 365
3.8795292377471924 363
3.8851630687713623 361
3.8918163776397705 359
3.897463321685791 357
3.9039483070373535 355
3.9104700088500977 353
3.9162230491638184 351
3.9235103130340576 349
3.930091142654419 348
3.935748815536499 347
3.9420559406280518 347
3.9484786987304688 346
3.9543673992156982 346
3.9610955715179443 347
3.9720840454101562 348
3.9784305095672607 350
3.984323263168335 351
3.991149425506592 353
3.9965097904205322 357
4.00510048866272 359
4.012151718139648 361
4.018585205078125 362
4.025607585906982 364
4.0319178104400635 365
4.037915229797363 367
4.0439534187316895 369
4.050459623336792 370
4.056207656860352 371
4.062480688095093 372
4.069549322128296 372
4.076099395751953 372
4.0823822021484375 371
4.089271783828735 370
4.094578981399536 369
4.101300001144409 367
4.106638669967651 365
4.113142013549805 363
4.1197850704193115 361
4.126331806182861 359
4.1330406665802 357
4.142414331436157 356
4.149292945861816 355
4.154604434967041 353
4.161342144012451 352
4.166948556900024 350
4.174252510070801 349
4.180636167526245 348
4.186326742172241 347
4.1941869258880615 347
4.200685024261475 348
4.2063868045806885 349
4.21266508102417 350
4.219487428665161 351
4.22602653503418 353
4.232327938079834 355
4.2390296459198 357
4.244516611099243 359
4.25206995010376 361
4.260154724121094 361
4.2658774852752686 363
4.2724082469940186 364
4.280077695846558 365
4.285765171051025 366
4.2920920848846436 367
4.298464059829712 369
4.304363012313843 371
4.311282396316528 372
4.316657781600952 373
4.323150873184204 374
4.3304665088653564 374
4.336186408996582 373
4.342489957809448 373
4.349368333816528 371
4.354650497436523 369
4.362499713897705 367
4.373075008392334 363
4.380680084228516 361
4.386401414871216 360
4.393093585968018 359
4.399888753890991 357
4.405690431594849 355
4.412041664123535 355
4.4184348583221436 353
4.424291372299194 350
4.432066917419434 349
4.438422918319702 347
4.4441237449646 347
4.450509786605835 346
4.4561989307403564 346
4.462496280670166 346
4.469383478164673 347
4.474621534347534 348
4.482104778289795 349
4.488486289978027 351
4.494366407394409 353
4.50109076499939 355
4.50652551651001 357
4.513094902038574 359
4.519731760025024 360
4.5253705978393555 362
4.533034086227417 363
4.53963041305542 364
4.545288801193237 365
4.551849842071533 367
4.557872533798218 369
4.563963413238525 370
4.570440769195557 371
4.576148271560669 371
4.583553075790405 372
4.590123414993286 372
4.595794200897217 371
4.602378606796265 370
4.60938024520874 369
4.614659547805786 367
4.621400594711304 365
4.626969814300537 363
4.634361267089844 361
4.641158580780029 359
4.646533489227295 358
4.653093338012695 357
4.659869909286499 355
4.665609836578369 353
4.672131299972534 352
4.678540229797363 350
4.685513257980347 349
4.691871404647827 348
4.697875738143921 348
4.703951358795166 348
4.710416316986084 349
4.716096639633179 349
4.72237229347229 351
4.729024887084961 352
4.7360124588012695 355
4.74229884147644 357
4.7490222454071045 359
4.7545037269592285 361
4.761994361877441 363
4.780055284500122 366
4.786635637283325 367
4.793462038040161 369
4.8000099658966064 370
4.805696487426758 371
4.812016487121582 371
4.818409204483032 370
4.824120283126831 369
4.830473899841309 369
4.837228775024414 367
4.844507455825806 365
4.8521034717559814 363
4.858529567718506 361
4.864289999008179 359
4.870649814605713 358
4.876391649246216 357
4.883718967437744 355
4.891555547714233 354
4.89717698097229 353
4.903522968292236 351
4.910253286361694 350
4.915987491607666 349
4.922462463378906 349
4.929260969161987 349
4.934546947479248 350
4.942084550857544 351
4.948444843292236 352
4.954176664352417 354
4.960611581802368 355
4.966393709182739 357
4.9731175899505615 359
4.97974419593811 359
4.985379934310913 361
4.992444276809692 361
4.999423980712891 362
