0 0 
7.05718994140625e-05 0
0.01572275161743164 1
0.02338123321533203 1
0.03184914588928223 3
0.041320085525512695 5
0.04785656929016113 7
0.05468034744262695 10
0.05995011329650879 13
0.06671595573425293 15
0.07207918167114258 19
0.07868170738220215 23
0.08599734306335449 27
0.09173941612243652 31
0.0984196662902832 35
0.10501241683959961 39
0.11055302619934082 44
0.11707830429077148 48
0.12269091606140137 53
0.12895846366882324 60
0.13702702522277832 64
0.14260125160217285 69
0.14903831481933594 76
0.15561509132385254 79
0.16133856773376465 86
0.1676318645477295 91
0.17406153678894043 97
0.179795503616333 102
0.18732500076293945 107
0.19330739974975586 115
0.19934725761413574 121
0.20644927024841309 126
0.2118542194366455 131
0.2183527946472168 137
0.22510170936584473 143
0.23072266578674316 148
0.23850321769714355 156
0.24509143829345703 161
0.250685453414917 167
0.2570652961730957 173
0.26265931129455566 179
0.2692265510559082 186
0.2757387161254883 192
0.2814192771911621 201
0.2923247814178467 207
0.2988300323486328 215
0.30556559562683105 219
0.31130409240722656 227
0.3177192211151123 233
0.3244011402130127 239
0.32999277114868164 245
0.3369762897491455 252
0.3449559211730957 258
0.3504817485809326 264
0.3570828437805176 270
0.36273646354675293 275
0.36904311180114746 282
0.37565135955810547 285
0.38138413429260254 291
0.38790154457092285 296
0.3955566883087158 298
0.4012730121612549 301
0.40755152702331543 304
0.41399049758911133 306
0.4196789264678955 307
0.4260561466217041 309
0.43178272247314453 310
0.43807435035705566 311
0.4467151165008545 311
0.45206785202026367 311
0.4586219787597656 310
0.4652271270751953 309
0.47094130516052246 308
0.4773252010345459 307
0.4833333492279053 306
0.4896230697631836 304
0.4984126091003418 303
0.5052051544189453 301
0.5109336376190186 299
0.5172975063323975 297
0.5233190059661865 295
0.5294344425201416 292
0.5358812808990479 290
0.5415928363800049 286
0.549504280090332 284
0.5559308528900146 281
0.5617778301239014 278
0.568476676940918 275
0.5750973224639893 272
0.5807440280914307 269
0.5871376991271973 265
0.5947868824005127 260
0.6003239154815674 257
0.6068966388702393 253
0.612494945526123 250
0.6189420223236084 246
0.6257238388061523 244
0.6314237117767334 242
0.6377170085906982 241
0.6453144550323486 239
0.6515383720397949 239
0.6578347682952881 239
0.6646289825439453 239
0.6698782444000244 239
0.6766035556793213 240
0.6819698810577393 242
0.6959209442138672 245
0.7017436027526855 247
0.7084875106811523 249
0.715219259262085 252
0.7209422588348389 255
0.7272393703460693 259
0.7347838878631592 263
0.7403140068054199 267
0.7478377819061279 270
0.7551391124725342 273
0.760749340057373 275
0.767193078994751 276
0.7728257179260254 278
0.7792315483093262 279
0.7857666015625 279
0.7915401458740234 279
0.7987995147705078 279
0.8055465221405029 278
0.8112492561340332 277
0.8176181316375732 275
0.824639081954956 274
0.8299543857574463 272
0.8367371559143066 270
0.8423552513122559 267
0.8496854305267334 264
0.8569233417510986 261
0.8625385761260986 258
0.8690001964569092 254
0.875708818435669 252
0.8814189434051514 249
0.8877034187316895 248
0.8943116664886475 247
0.901047945022583 245
0.9073481559753418 245
0.9133365154266357 245
0.9204509258270264 245
0.9270987510681152 245
0.9326653480529785 247
0.9389147758483887 248
0.9455103874206543 250
0.9519519805908203 252
0.958881139755249 255
0.9654197692871094 257
0.9711451530456543 261
0.9774265289306641 263
0.9838347434997559 267
0.9897294044494629 269
0.9964776039123535 271
1.0033643245697021 274
1.0117855072021484 275
1.018364667892456 276
1.0250370502471924 276
1.030656099319458 276
1.0370512008666992 275
1.0425803661346436 275
1.0490357875823975 273
1.057281255722046 272
1.0632712841033936 269
1.0693318843841553 267
1.0759992599487305 265
1.081709623336792 260
1.0926673412322998 257
1.0992920398712158 254
1.107116460800171 251
1.1127426624298096 249
1.119300127029419 247
1.1257374286651611 246
1.1314218044281006 245
1.1378662586212158 245
1.1447460651397705 245
1.149989366531372 245
1.1574933528900146 246
1.1648688316345215 247
1.170454978942871 249
1.1768977642059326 251
1.182452917098999 253
1.1887497901916504 255
1.195326805114746 258
1.2010366916656494 262
1.2083191871643066 265
1.2149507999420166 268
1.2205283641815186 271
1.2271878719329834 273
1.2328720092773438 275
1.2393136024475098 277
1.2457609176635742 278
1.2514755725860596 279
1.258730173110962 279
1.2660140991210938 279
1.2717125415802002 279
1.277930498123169 278
1.284881353378296 277
1.290496587753296 276
1.296968936920166 274
1.3025784492492676 272
1.309748888015747 270
1.3165335655212402 267
1.3219473361968994 265
1.3285033702850342 262
1.3351187705993652 259
1.340728759765625 255
1.347290277481079 253
1.3533227443695068 249
1.3605098724365234 246
1.3673467636108398 245
1.3733253479003906 243
1.3793375492095947 243
1.3858120441436768 242
1.3914921283721924 242
1.3979253768920898 242
1.404904842376709 243
1.4114272594451904 244
1.4176874160766602 245
1.424053430557251 247
1.4297447204589844 249
1.4365019798278809 252
1.4419136047363281 254
1.448436975479126 257
1.4550204277038574 261
1.4614989757537842 265
1.4687352180480957 269
1.475532054901123 271
1.4812400341033936 275
1.491471290588379 278
1.498030185699463 279
1.5049538612365723 280
1.511542797088623 281
1.5193276405334473 281
1.526052474975586 281
1.5317306518554688 280
1.5380010604858398 279
1.5447981357574463 277
1.550036907196045 276
1.5568318367004395 273
1.564061164855957 271
1.5706696510314941 269
1.5770583152770996 266
1.5826613903045654 263
1.589257001876831 259
1.5957233905792236 256
1.601466417312622 253
1.608332633972168 250
1.615802526473999 247
1.6214892864227295 246
1.6277563571929932 245
1.6350252628326416 243
1.6406753063201904 243
1.6472415924072266 243
1.6528513431549072 243
1.659487247467041 244
1.6676952838897705 245
1.6749804019927979 246
1.6805074214935303 248
1.686934471130371 249
1.6925654411315918 253
1.699458122253418 255
1.7060141563415527 258
1.712658166885376 263
1.719470500946045 266
1.7266411781311035 269
1.731997013092041 272
1.7389428615570068 275
1.7455618381500244 277
1.7512598037719727 279
1.757615327835083 280
1.7654361724853516 281
1.7711303234100342 282
1.778411626815796 282
1.7852327823638916 281
1.790940284729004 281
1.79734206199646 280
1.8033089637756348 278
1.8094522953033447 277
1.8173861503601074 275
1.8233683109283447 272
1.8296229839324951 269
1.8360259532928467 267
1.8417341709136963 264
1.84897780418396 260
1.8555634021759033 258
1.8613336086273193 253
1.8694889545440674 250
1.8767673969268799 249
1.882350206375122 246
1.8948516845703125 245
1.9004509449005127 244
1.9076712131500244 244
1.9154260158538818 244
1.9218246936798096 245
1.9283466339111328 245
1.9349205493927002 247
1.9404675960540771 248
1.9470491409301758 250
1.9526076316833496 252
1.958890438079834 255
1.966953992843628 258
1.972557783126831 262
1.9794988632202148 265
1.985903024673462 270
1.9946966171264648 272
1.9999897480010986 275
2.0069077014923096 276
2.012554168701172 278
2.0198264122009277 279
2.027935266494751 280
2.0366222858428955 280
2.0455820560455322 279
2.054702043533325 277
2.06237530708313 275
2.072763681411743 272
2.0819284915924072 269
2.090637445449829 265
2.0987443923950195 262
2.1070492267608643 257
2.1152660846710205 253
2.121758460998535 250
2.128469228744507 247
2.1350514888763428 245
2.1406774520874023 243
2.1470377445220947 242
2.15261173248291 241
2.1588706970214844 239
2.165562868118286 239
2.172065258026123 239
2.17877197265625 240
2.1859419345855713 241
2.1916160583496094 243
2.2020041942596436 245
2.208674907684326 247
2.215207576751709 249
2.221623659133911 253
2.2279603481292725 256
2.234793186187744 259
2.240004062652588 263
2.2469332218170166 266
2.252530336380005 269
2.258863687515259 272
2.265455722808838 273
2.2718968391418457 276
2.2784860134124756 277
2.285592794418335 278
2.2957537174224854 279
2.301459789276123 279
2.3080203533172607 278
2.3150336742401123 277
2.320667266845703 275
2.3278698921203613 274
2.334711790084839 272
2.339989423751831 270
2.3468708992004395 268
2.35250186920166 265
2.358849048614502 262
2.365628719329834 260
2.371359348297119 255
2.378681182861328 253
2.3914198875427246 247
2.3977510929107666 245
2.404629707336426 243
2.4098823070526123 243
2.4166204929351807 242
2.4220082759857178 241
2.429600238800049 241
2.436495542526245 242
2.4418814182281494 243
2.448411226272583 243
2.45501971244812 245
2.460622549057007 246
2.467031717300415 248
2.4726178646087646 251
2.479857921600342 254
2.4868104457855225 257
2.4932992458343506 261
2.499361991882324 265
2.505862236022949 268
2.511586904525757 271
2.517880439758301 273
2.52475905418396 275
2.5312716960906982 277
2.538874626159668 279
2.545665979385376 279
2.5513980388641357 280
2.557703733444214 280
2.5643677711486816 279
2.5699872970581055 279
2.5774986743927 277
2.584000587463379 276
2.5897109508514404 274
2.5970327854156494 272
2.602631092071533 270
2.6090638637542725 267
2.6156623363494873 264
2.621415376663208 261
2.6287548542022705 257
2.635401725769043 255
2.641117572784424 252
2.6474227905273438 251
2.653787851333618 248
2.659497022628784 247
2.666013240814209 246
2.671725034713745 245
2.6790430545806885 245
2.685661554336548 245
2.6914031505584717 247
2.7023394107818604 248
2.708799362182617 249
2.715503454208374 251
2.721146821975708 253
2.7276926040649414 256
2.7353320121765137 259
2.7410049438476562 263
2.7472991943359375 265
2.75331974029541 269
2.759453058242798 272
2.7658679485321045 274
2.7715868949890137 276
2.7779057025909424 278
2.785626173019409 279
2.791393756866455 279
2.7984273433685303 280
2.8050568103790283 280
2.810669183731079 279
2.817070722579956 279
2.8227133750915527 277
2.8292899131774902 276
2.836914300918579 274
2.84253191947937 272
2.8490195274353027 269
2.8555846214294434 267
2.861351490020752 264
2.8676598072052 261
2.874052047729492 258
2.879791021347046 255
2.8873043060302734 253
2.8932926654815674 251
2.899867296218872 249
2.9067928791046143 247
2.9124083518981934 246
2.9196016788482666 245
2.926032781600952 245
2.9327621459960938 246
2.939103841781616 247
2.945702314376831 248
2.9514007568359375 249
2.9578857421875 251
2.9649040699005127 253
2.9704580307006836 255
2.9769020080566406 258
2.9840056896209717 262
2.9897654056549072 265
2.996556520462036 268
3.0026657581329346 271
3.008965492248535 274
3.0155727863311768 275
3.021314859390259 277
3.027848958969116 278
3.0355660915374756 279
3.0413620471954346 279
3.0490434169769287 279
3.056800127029419 278
3.0624020099639893 278
3.0687248706817627 277
3.075427293777466 275
3.0812125205993652 273
3.0887465476989746 270
3.098914623260498 267
3.1060211658477783 264
3.111741542816162 261
3.1184349060058594 259
3.125215530395508 255
3.1309711933135986 251
3.138322591781616 249
3.145066022872925 247
3.1506683826446533 245
3.1572353839874268 243
3.162848949432373 242
3.1692912578582764 241
3.1757500171661377 241
3.181438684463501 241
3.1886374950408936 241
3.1952450275421143 242
3.2009823322296143 243
3.2080390453338623 245
3.2149832248687744 247
3.2205417156219482 249
3.2270100116729736 251
3.232609272003174 255
3.2404842376708984 258
3.246920108795166 261
3.252479314804077 265
3.2588372230529785 269
3.2656090259552 271
3.271369695663452 275
3.277708053588867 277
3.2844016551971436 279
3.291123867034912 280
3.2974424362182617 281
3.303825855255127 282
3.3100011348724365 282
3.316788673400879 282
3.3223650455474854 281
3.328826427459717 280
3.3354086875915527 279
3.341892957687378 277
3.3486008644104004 275
3.3552346229553223 274
3.3609492778778076 271
3.3672935962677 269
3.373297691345215 265
3.379343271255493 263
3.3860034942626953 259
3.3927857875823975 256
3.3990628719329834 252
3.4056618213653564 251
3.4117465019226074 247
3.4180221557617188 245
3.4248218536376953 244
3.4300570487976074 243
3.436844825744629 241
3.44405460357666 241
3.4498836994171143 241
3.456634044647217 241
3.4619765281677246 242
3.468498945236206 243
3.475214719772339 244
3.4809281826019287 245
3.4872472286224365 248
3.4984004497528076 252
3.5052833557128906 255
3.5110042095184326 259
3.517810583114624 262
3.524794340133667 266
3.530454158782959 269
3.536907196044922 273
3.544367790222168 275
3.5498087406158447 278
3.5576171875 280
3.564359426498413 281
3.569995164871216 282
3.576761484146118 282
3.5824086666107178 283
3.5887298583984375 283
3.595926523208618 282
3.6016385555267334 281
3.6080729961395264 281
3.614945888519287 279
3.6211581230163574 277
3.6276063919067383 275
3.6340503692626953 273
3.6398000717163086 271
3.6472396850585938 269
3.6532444953918457 265
3.6593101024627686 262
3.665815830230713 259
3.6715614795684814 255
3.6778974533081055 252
3.6848881244659424 250
3.690460205078125 247
3.6976184844970703 245
3.7040646076202393 243
3.709774971008301 242
3.716522693634033 241
3.7226414680480957 241
3.7289321422576904 241
3.735659599304199 241
3.7413976192474365 241
3.7489020824432373 243
3.755481481552124 244
3.761165142059326 246
3.767442464828491 247
3.773773193359375 251
3.779492139816284 253
3.7858734130859375 256
3.791579246520996 259
3.7989325523376465 264
3.8057191371917725 267
3.811417579650879 270
3.817734956741333 273
3.82503080368042 275
3.8306686878204346 276
3.837054491043091 277
3.842649459838867 279
3.849984884262085 279
3.856719493865967 279
3.8620755672454834 279
3.8687946796417236 278
3.875373363494873 278
3.881100654602051 276
3.8874313831329346 275
3.893787145614624 272
3.9053196907043457 270
3.911036729812622 267
3.9184465408325195 263
3.9257569313049316 260
3.9315195083618164 257
3.9378244876861572 254
3.944624185562134 251
3.9511380195617676 249
3.9574666023254395 247
3.963822841644287 245
3.969564199447632 245
3.9759554862976074 244
3.981626033782959 244
3.9880456924438477 244
3.9950664043426514 244
4.001591920852661 245
4.007869243621826 246
4.014759302139282 247
4.020002603530884 249
4.027238845825195 251
4.0328452587127686 253
4.039249658584595 257
4.045856475830078 259
4.0525712966918945 263
4.058863639831543 267
4.0664777755737305 271
4.074366331100464 274
4.079831123352051 276
4.086548089981079 278
4.091928243637085 279
4.0984721183776855 281
4.105998516082764 282
4.111753463745117 282
4.120023727416992 282
4.12931227684021 281
4.138023614883423 279
4.146808385848999 276
4.15664267539978 274
4.165189027786255 271
4.172825574874878 267
4.181201457977295 264
4.189302921295166 259
4.197546005249023 253
4.2077977657318115 250
4.214665651321411 247
4.219918489456177 245
4.226827383041382 242
4.233307361602783 240
4.239319086074829 239
4.246896982192993 238
4.25252103805542 237
4.261189222335815 237
4.267495155334473 237
4.274618625640869 238
4.279841423034668 239
4.28670859336853 241
4.29203987121582 242
4.3016088008880615 247
4.30982518196106 250
4.317317247390747 254
4.325571060180664 256
4.331259727478027 261
4.337968587875366 265
4.344961404800415 268
4.3505542278289795 272
4.3578150272369385 275
4.36468505859375 277
4.371043682098389 279
4.377373456954956 280
4.383373260498047 282
4.389636993408203 283
4.397687196731567 283
4.404395580291748 283
4.411156177520752 282
4.41742467880249 282
4.423797369003296 281
4.431117534637451 279
4.4379682540893555 277
4.444800615310669 275
4.4503092765808105 273
4.456895351409912 270
4.46474814414978 268
4.470067739486694 265
4.476875066757202 262
4.482485294342041 258
4.4909186363220215 253
4.497598648071289 250
4.50399374961853 247
4.510915279388428 244
4.517425060272217 243
4.523772954940796 240
4.5296266078948975 239
4.5359861850738525 238
4.542453050613403 237
4.548743009567261 237
4.555344343185425 237
4.561797142028809 238
4.568050146102905 239
4.574927806854248 240
4.5804667472839355 242
4.587061405181885 243
4.592673301696777 245
4.598939895629883 249
4.605584383010864 252
4.612068176269531 255
4.618591785430908 258
4.625165224075317 261
4.6307549476623535 265
4.637176990509033 270
4.644019365310669 273
4.649923086166382 276
4.656711101531982 279
4.6647021770477295 281
4.669996500015259 282
4.676739454269409 283
4.682376861572266 284
4.688684463500977 285
4.695303440093994 284
4.705439567565918 284
4.711842775344849 283
4.71867036819458 281
4.72543740272522 280
4.731135129928589 277
4.73743462562561 276
4.743824005126953 273
4.749640464782715 271
4.75602650642395 268
4.762753248214722 265
4.769444227218628 261
4.776056289672852 258
4.78181004524231 255
4.788061618804932 252
4.79491114616394 250
4.800461530685425 248
4.812489986419678 245
4.819686412811279 244
4.8265700340271 244
4.831891059875488 244
4.838388442993164 244
4.845582008361816 245
4.85131049156189 246
4.857633352279663 247
4.864024877548218 249
4.870870351791382 251
4.8771631717681885 253
4.882774829864502 256
4.889307737350464 259
4.895771026611328 262
4.90148663520813 265
4.907948970794678 269
4.914777517318726 273
4.921916723251343 275
4.9284844398498535 277
4.935132026672363 278
4.940756320953369 280
4.947747468948364 280
4.954605579376221 281
4.959939241409302 281
4.967472791671753 280
4.9738993644714355 279
4.979628801345825 278
4.986016511917114 277
4.991750717163086 275
4.999555587768555 273
