0 0 
7.343292236328125e-05 0
0.013695001602172852 0
0.020697593688964844 1
0.02611684799194336 2
0.034063100814819336 4
0.04266810417175293 6
0.0495603084564209 8
0.05528593063354492 11
0.0625452995300293 15
0.07120156288146973 18
0.0768589973449707 21
0.0832221508026123 26
0.09084415435791016 34
0.10217571258544922 40
0.11013603210449219 46
0.11977100372314453 52
0.12560033798217773 58
0.13366031646728516 67
0.14424872398376465 75
0.15465140342712402 83
0.16417741775512695 92
0.17490649223327637 101
0.1868906021118164 112
0.19559550285339355 119
0.20511603355407715 128
0.214125394821167 136
0.22266316413879395 141
0.2297077178955078 151
0.23908352851867676 156
0.24478530883789062 162
0.25142526626586914 171
0.2599484920501709 177
0.26574206352233887 183
0.27210450172424316 191
0.27971410751342773 195
0.28820347785949707 204
0.2941720485687256 210
0.30102968215942383 216
0.30808544158935547 224
0.31389617919921875 231
0.32259631156921387 237
0.32929062843322754 243
0.33690810203552246 253
0.3439514636993408 259
0.3508870601654053 265
0.3575277328491211 273
0.3638954162597656 281
0.3726532459259033 286
0.3794987201690674 292
0.38527822494506836 300
0.3925633430480957 308
0.4012303352355957 314
0.4068946838378906 322
0.4135129451751709 328
0.4211270809173584 333
0.42795348167419434 341
0.4337136745452881 347
0.44024181365966797 353
0.4468247890472412 358
0.45324110984802246 364
0.4598958492279053 369
0.46571850776672363 372
0.4732019901275635 377
0.47985053062438965 381
0.4856550693511963 385
0.49204015731811523 391
0.5030648708343506 395
0.510000467300415 397
0.515761137008667 399
0.5234146118164062 401
0.5300693511962891 402
0.535813570022583 403
0.5421817302703857 403
0.5495433807373047 403
0.555286169052124 402
0.5616154670715332 402
0.5680534839630127 400
0.5751137733459473 398
0.5814590454101562 397
0.5875203609466553 394
0.5938525199890137 391
0.6006791591644287 388
0.6061015129089355 385
0.61269211769104 382
0.6193304061889648 377
0.6257877349853516 373
0.6321749687194824 370
0.6392524242401123 367
0.6450297832489014 363
0.6519513130187988 361
0.6588699817657471 359
0.664212703704834 357
0.671818733215332 354
0.6788115501403809 352
0.6841669082641602 351
0.6910176277160645 349
0.6966946125030518 347
0.7046036720275879 345
0.7113003730773926 343
0.7170271873474121 340
0.7246987819671631 336
0.7319543361663818 334
0.7388448715209961 332
0.7441682815551758 331
0.751429557800293 330
0.7574808597564697 329
0.7636899948120117 329
0.7706680297851562 329
0.7774844169616699 329
0.7836306095123291 330
0.7900619506835938 331
0.7958006858825684 333
0.8020832538604736 335
0.808964729309082 337
0.8146038055419922 339
0.8210983276367188 343
0.8289647102355957 346
0.8346843719482422 349
0.8412253856658936 351
0.8469569683074951 354
0.85396409034729 356
0.8607771396636963 357
0.8664796352386475 359
0.8729090690612793 360
0.880739688873291 361
0.8861348628997803 361
0.892946720123291 363
0.9041855335235596 363
0.9111347198486328 364
0.9167478084564209 365
0.9232826232910156 365
0.9312260150909424 366
0.9369053840637207 367
0.9432122707366943 368
0.9499912261962891 369
0.9562294483184814 370
0.9628541469573975 371
0.9694974422454834 373
0.9752466678619385 375
0.9826624393463135 377
0.9893498420715332 378
0.9951238632202148 381
1.0015149116516113 383
1.0079519748687744 387
1.0192975997924805 389
1.025057077407837 390
1.0325469970703125 391
1.0392415523529053 391
1.0450220108032227 391
1.0513865947723389 390
1.0587594509124756 389
1.0641021728515625 387
1.0710985660552979 386
1.07676362991333 383
1.083953619003296 381
1.0907373428344727 378
1.0961365699768066 375
1.1027741432189941 372
1.1094756126403809 370
1.11525559425354 367
1.1216099262237549 366
1.128082513809204 364
1.1352860927581787 363
1.1416401863098145 363
1.1480882167816162 362
1.1538419723510742 361
1.1613047122955322 361
1.1669509410858154 361
1.1732470989227295 360
1.1809794902801514 360
1.1867437362670898 360
1.1932048797607422 360
1.199838638305664 360
1.2056457996368408 360
1.213517189025879 360
1.2211401462554932 360
1.226752758026123 360
1.2340726852416992 360
1.2408828735351562 360
1.2464783191680908 360
1.2531020641326904 360
1.259699821472168 360
1.2659142017364502 360
1.272486686706543 360
1.2791271209716797 360
1.2857275009155273 360
1.2922172546386719 360
1.3017067909240723 360
1.3095414638519287 360
1.3152823448181152 360
1.3217401504516602 360
1.3281702995300293 360
1.335278034210205 360
1.3415677547454834 360
1.3475255966186523 360
1.3536186218261719 360
1.3600332736968994 360
1.3661623001098633 360
1.3728735446929932 360
1.3794937133789062 360
1.3860461711883545 360
1.392629861831665 360
1.3992540836334229 360
1.404921531677246 360
1.4113130569458008 360
1.4169819355010986 360
1.423607587814331 360
1.430225133895874 360
1.436995029449463 360
1.4432752132415771 360
1.449894666671753 360
1.455615520477295 360
1.4619126319885254 360
1.4692468643188477 360
1.474898099899292 360
1.481283187866211 360
1.4891433715820312 360
1.4948158264160156 360
1.5012238025665283 360
1.5068409442901611 360
1.513141393661499 360
1.5197248458862305 360
1.5254647731781006 360
1.5317611694335938 360
1.5394914150238037 360
1.545196533203125 360
1.5516853332519531 360
1.5581047534942627 360
1.5639331340789795 360
1.5711472034454346 360
1.5767755508422852 360
1.5830957889556885 360
1.5908498764038086 360
1.5965166091918945 360
1.602846384048462 360
1.6096241474151611 360
1.615339994430542 360
1.6216416358947754 360
1.6280791759490967 360
1.633774757385254 360
1.641300916671753 360
1.6469306945800781 360
1.653198003768921 360
1.6597888469696045 360
1.6655092239379883 360
1.6726417541503906 360
1.6794204711914062 360
1.6851656436920166 360
1.6922335624694824 360
1.7015142440795898 360
1.709237813949585 360
1.7149126529693604 360
1.7225661277770996 360
1.7295010089874268 360
1.7359278202056885 360
1.743471622467041 360
1.7499170303344727 360
1.7556464672088623 360
1.7619614601135254 360
1.768810510635376 360
1.7749302387237549 360
1.7813165187835693 360
1.7869226932525635 360
1.7946949005126953 360
1.8011927604675293 360
1.806793451309204 360
1.8132309913635254 360
1.8197884559631348 360
1.8255038261413574 360
1.8318276405334473 360
1.8382201194763184 360
1.845170497894287 360
1.851630687713623 360
1.858041524887085 360
1.8637633323669434 360
1.870227336883545 360
1.8766345977783203 360
1.882972240447998 360
1.8895742893218994 360
1.8968493938446045 360
1.9031705856323242 360
1.9098808765411377 360
1.9155817031860352 360
1.9218876361846924 360
1.9292242527008057 360
1.9354159832000732 360
1.9418692588806152 360
1.9525532722473145 360
1.9599435329437256 360
1.9657132625579834 360
1.972181797027588 360
1.9793784618377686 360
1.9999048709869385 360
2.0068511962890625 360
2.014881134033203 360
2.021395206451416 360
2.027028799057007 360
2.0336875915527344 360
2.0401322841644287 360
2.046802282333374 360
2.0531349182128906 360
2.059706449508667 360
2.06540846824646 360
2.0718793869018555 360
2.0785250663757324 360
2.0848300457000732 360
2.092104196548462 360
2.1037750244140625 360
2.1106836795806885 360
2.116128921508789 360
2.1228456497192383 360
2.1296133995056152 360
2.13531494140625 360
2.1416192054748535 360
2.149467706680298 360
2.155210018157959 360
2.1615264415740967 360
2.1675219535827637 360
2.1736414432525635 360
2.1800637245178223 360
2.186520576477051 360
2.19281268119812 360
2.2006685733795166 360
2.206078290939331 360
2.2147862911224365 360
2.223067283630371 360
2.2315995693206787 360
2.2406466007232666 360
2.2506139278411865 360
2.259317398071289 360
2.266951560974121 360
2.275606870651245 360
2.2840280532836914 360
2.2920730113983154 360
2.2989237308502197 360
2.3054637908935547 360
2.3117940425872803 360
2.3181889057159424 360
2.3239269256591797 360
2.330847978591919 360
2.3362133502960205 360
2.342818260192871 360
2.349424362182617 360
2.3559529781341553 360
2.362490177154541 360
2.369091749191284 360
2.374683380126953 360
2.3811774253845215 360
2.386789560317993 360
2.393799304962158 360
2.4001998901367188 360
2.4069716930389404 360
2.413428544998169 360
2.4199001789093018 360
2.4256601333618164 360
2.431941509246826 360
2.4388010501861572 360
2.4440996646881104 360
2.4510204792022705 360
2.464627504348755 360
2.471190929412842 360
2.478128671646118 360
2.483811616897583 360
2.491002321243286 360
2.498217821121216 360
2.5097694396972656 360
2.5155162811279297 360
2.52195143699646 360
2.5292270183563232 360
2.536712408065796 360
2.5430564880371094 360
2.5496909618377686 360
2.5561232566833496 360
2.562683343887329 360
2.569424629211426 360
2.575155019760132 360
2.581538200378418 360
2.587524175643921 360
2.5956528186798096 360
2.6019539833068848 360
2.6096010208129883 360
2.6153252124786377 360
2.6216063499450684 360
2.627995491027832 360
2.6339006423950195 360
2.640705108642578 360
2.6460936069488525 360
2.652627468109131 360
2.6600608825683594 360
2.665797472000122 360
2.6720895767211914 360
2.6789350509643555 360
2.6841793060302734 360
2.6911237239837646 360
2.6979820728302 360
2.7037479877471924 360
2.7113537788391113 360
2.71697735786438 360
2.723533868789673 360
2.7310733795166016 360
2.7367372512817383 360
2.7430825233459473 360
2.7498345375061035 360
2.755596160888672 360
2.762946128845215 360
2.76955509185791 360
2.7753124237060547 360
2.781620979309082 360
2.7880845069885254 360
2.7937839031219482 360
2.8009400367736816 360
2.8065552711486816 360
2.813986301422119 360
2.820699691772461 360
2.826106309890747 360
2.832648277282715 360
2.839275598526001 360
2.8449175357818604 360
2.8514938354492188 360
2.857512950897217 360
2.864820718765259 360
2.871392250061035 360
2.877052068710327 360
2.8834948539733887 360
2.8899765014648438 360
2.895719289779663 360
2.906162977218628 360
2.913912534713745 360
2.9208266735076904 360
2.9261937141418457 360
2.9330527782440186 360
2.9396631717681885 360
2.945396900177002 360
2.9516873359680176 360
2.9581005573272705 360
2.9651622772216797 360
2.971503973007202 360
2.9775078296661377 360
2.9838340282440186 360
2.9907569885253906 360
2.996145009994507 360
3.0031516551971436 360
3.009748935699463 360
3.0212743282318115 360
3.0269217491149902 360
3.0332469940185547 360
3.0398786067962646 360
3.045588493347168 360
3.052091598510742 360
3.0589540004730225 360
3.065523147583008 360
3.073194742202759 360
3.0815799236297607 360
3.088075637817383 360
3.09380841255188 360
3.1002390384674072 360
3.1066505908966064 360
3.1141459941864014 360
3.1209802627563477 360
3.1266250610351562 360
3.1341910362243652 360
3.1409804821014404 360
3.146609306335449 360
3.152937650680542 360
3.1595778465270996 360
3.166041374206543 360
3.172856569290161 360
3.1794686317443848 360
3.1858596801757812 360
3.1921768188476562 360
3.199036121368408 360
3.204620838165283 360
3.2114546298980713 360
3.219069480895996 360
3.224649667739868 360
3.2312264442443848 360
3.2368085384368896 360
3.2453505992889404 360
3.251988410949707 360
3.258822202682495 360
3.264101266860962 360
3.2716522216796875 360
3.2780609130859375 360
3.2838029861450195 360
3.2907116413116455 360
3.2961037158966064 360
3.308544158935547 360
3.3150627613067627 360
3.3225953578948975 360
3.329514265060425 360
3.3352267742156982 360
3.341524362564087 360
3.347517967224121 360
3.353816509246826 360
3.360220193862915 360
3.36594820022583 360
3.37363600730896 360
3.3800718784332275 360
3.385794162750244 360
3.3920600414276123 360
3.3989596366882324 360
3.4042348861694336 360
3.411696672439575 360
3.4193053245544434 360
3.4251251220703125 360
3.431464195251465 360
3.4374537467956543 360
3.4436023235321045 360
3.450068473815918 360
3.4557747840881348 360
3.462087392807007 360
3.4698729515075684 360
3.4757206439971924 360
3.482038974761963 360
3.4889538288116455 360
3.494480848312378 360
3.501254081726074 360
3.506906270980835 360
3.5132217407226562 360
3.521472692489624 360
3.5275275707244873 360
3.533804416656494 360
3.5402135848999023 360
3.5459325313568115 360
3.552225112915039 360
3.559126615524292 360
3.56471848487854 360
3.5719234943389893 360
3.57881760597229 360
3.5841224193573 360
3.591078996658325 360
3.596703052520752 360
3.603013277053833 360
3.6097776889801025 360
3.6155500411987305 360
3.623615026473999 360
3.6302149295806885 360
3.635937213897705 360
3.6422386169433594 360
3.649287223815918 360
3.654935598373413 360
3.661313533782959 360
3.666938543319702 360
3.6742401123046875 360
3.68107533454895 360
3.6866819858551025 360
3.6930131912231445 360
3.6996312141418457 360
3.7100374698638916 360
3.7157747745513916 360
3.723930835723877 360
3.7315683364868164 360
3.7380752563476562 360
3.7437868118286133 360
3.7502028942108154 360
3.7559309005737305 360
3.762650489807129 360
3.769449234008789 360
3.7759480476379395 360
3.7824950218200684 360
3.7891244888305664 360
3.7948083877563477 360
3.801227569580078 360
3.8068840503692627 360
3.815272331237793 360
3.8226537704467773 360
3.830227851867676 360
3.835951566696167 360
3.8422491550445557 360
3.8491430282592773 360
3.854788064956665 360
3.8612096309661865 360
3.866844415664673 360
3.873138666152954 360
3.8812239170074463 360
3.8868257999420166 360
3.89347505569458 360
3.899963855743408 360
3.905734062194824 360
3.912059783935547 360
3.91892671585083 360
3.925144910812378 360
3.93224835395813 360
3.9391250610351562 360
3.9446909427642822 360
3.951282501220703 360
3.9569334983825684 360
3.963230848312378 360
3.969874382019043 360
3.975585460662842 360
3.9829087257385254 360
3.9895191192626953 360
3.9952633380889893 360
4.001610994338989 360
4.00797963142395 360
4.013848543167114 360
4.020838022232056 360
4.026949644088745 360
4.034154415130615 360
4.040874242782593 360
4.046240568161011 360
4.052964687347412 360
4.059594392776489 360
4.065291404724121 360
4.071755886077881 360
4.078188896179199 360
4.0851850509643555 360
4.091511011123657 360
4.097501039505005 360
4.103531122207642 360
4.113523483276367 360
4.120189189910889 360
4.125917196273804 360
4.134092092514038 360
4.14086651802063 360
4.146235942840576 360
4.152979612350464 360
4.159588813781738 360
4.165322303771973 360
4.171661138534546 360
4.1780664920806885 360
4.184946537017822 360
4.1915199756622314 360
4.197518825531006 360
4.203663110733032 360
4.21008563041687 360
4.215801954269409 360
4.222081422805786 360
4.2289204597473145 360
4.2359700202941895 360
4.242515563964844 360
4.2492780685424805 360
4.2549262046813965 360
4.26140022277832 360
4.267021417617798 360
4.273462772369385 360
4.280082941055298 360
4.286963939666748 360
4.295413494110107 360
4.30368709564209 360
4.3126914501190186 360
4.321467161178589 360
4.330575227737427 360
4.340908050537109 360
4.349341869354248 360
4.356800079345703 360
4.365336179733276 360
4.373720169067383 360
4.380167007446289 360
4.386889934539795 360
4.393213510513306 360
4.399837017059326 360
4.405551433563232 360
4.412036895751953 360
4.418954133987427 360
4.424219369888306 360
4.431146144866943 360
4.439135551452637 360
4.4447245597839355 360
4.451221227645874 360
4.45689058303833 360
4.4651103019714355 360
4.471415042877197 360
4.4774556159973145 360
4.48363733291626 360
4.491264343261719 360
4.496874570846558 360
4.503178834915161 360
4.513474941253662 360
4.52018141746521 360
4.525898694992065 360
4.532590866088867 360
4.540888071060181 360
4.546480655670166 360
4.553013801574707 360
4.559631586074829 360
4.565318822860718 360
4.571657657623291 360
4.578040838241577 360
4.583775758743286 360
4.591342210769653 360
4.596988677978516 360
4.603440284729004 360
4.610077857971191 360
4.615774393081665 360
4.6220643520355225 360
4.628903865814209 360
4.634190797805786 360
4.642144680023193 360
4.64896821975708 360
4.654571533203125 360
4.661109685897827 360
4.66675066947937 360
4.673222780227661 360
4.679842710494995 360
4.685574054718018 360
4.69294285774231 360
4.699520111083984 360
4.705213785171509 360
4.711499452590942 360
4.7175068855285645 360
4.723679780960083 360
4.73128080368042 360
4.73693323135376 360
4.7451677322387695 360
4.751521825790405 360
4.757525682449341 360
4.763626575469971 360
4.770062208175659 360
4.775772333145142 360
4.7820985317230225 360
4.789113283157349 360
4.795660495758057 360
4.802130222320557 360
4.809004068374634 360
4.814601421356201 360
4.821061372756958 360
4.826657056808472 360
4.834949254989624 360
4.84174919128418 360
4.85000467300415 360
4.855736017227173 360
4.862071752548218 360
4.8689351081848145 360
4.87423849105835 360
4.881049633026123 360
4.886669397354126 360
4.900197505950928 360
4.9059717655181885 360
4.915994882583618 360
4.92268705368042 360
4.929556608200073 360
4.935320615768433 360
4.941789388656616 360
4.949850797653198 360
4.95559287071228 360
4.9619128704071045 360
4.968909025192261 360
4.9742231369018555 360
4.981020927429199 360
4.986635208129883 360
4.992966413497925 360
