0 0 
0.009824752807617188 0
0.017075538635253906 0
0.023582935333251953 1
0.03130745887756348 2
0.038242340087890625 4
0.04549980163574219 6
0.05207705497741699 9
0.05902862548828125 11
0.06609225273132324 15
0.07219457626342773 18
0.08003926277160645 23
0.08725881576538086 26
0.09407234191894531 31
0.10061097145080566 35
0.10762596130371094 41
0.11489462852478027 45
0.1255357265472412 53
0.13271856307983398 59
0.13972139358520508 66
0.1470799446105957 71
0.15458273887634277 78
0.16098451614379883 83
0.16772770881652832 90
0.1750197410583496 95
0.18195033073425293 102
0.18892359733581543 107
0.19596505165100098 115
0.20212006568908691 120
0.2091381549835205 126
0.21628975868225098 133
0.2226412296295166 139
0.23068666458129883 146
0.23771071434020996 154
0.24497032165527344 159
0.25147318840026855 165
0.25823354721069336 173
0.2655510902404785 180
0.2716801166534424 186
0.27880382537841797 194
0.28694772720336914 199
0.2929394245147705 207
0.2997779846191406 213
0.3069479465484619 219
0.3129425048828125 227
0.3210723400115967 232
0.32773280143737793 240
0.33604907989501953 248
0.34217190742492676 253
0.34917402267456055 259
0.35692667961120605 266
0.3629486560821533 273
0.36997485160827637 278
0.3771228790283203 282
0.3854398727416992 289
0.3926107883453369 293
0.3995790481567383 298
0.40680932998657227 302
0.4128439426422119 307
0.419766902923584 310
0.4269838333129883 313
0.43501853942871094 317
0.4411735534667969 320
0.44786620140075684 323
0.45528459548950195 326
0.46190452575683594 328
0.4688899517059326 330
0.47593235969543457 333
0.4821014404296875 336
0.4898240566253662 338
0.49717068672180176 339
0.5040152072906494 341
0.5101311206817627 343
0.5178518295288086 344
0.5292139053344727 345
0.5374188423156738 345
0.5441699028015137 345
0.5506701469421387 346
0.5588264465332031 347
0.5689547061920166 349
0.5786492824554443 350
0.589087963104248 351
0.5985727310180664 350
0.6077771186828613 349
0.6173501014709473 347
0.6271626949310303 347
0.6376466751098633 348
0.6472134590148926 349
0.6545946598052979 351
0.6613717079162598 353
0.6680746078491211 354
0.6754109859466553 355
0.6815187931060791 356
0.6892645359039307 357
0.6966888904571533 357
0.7026627063751221 356
0.7095084190368652 356
0.7166833877563477 355
0.722724437713623 355
0.7295393943786621 355
0.7367522716522217 355
0.7445292472839355 355
0.7506680488586426 355
0.7576844692230225 353
0.7653388977050781 353
0.7714738845825195 353
0.7781102657318115 353
0.7853975296020508 352
0.7926359176635742 351
0.7994558811187744 350
0.806727409362793 349
0.8127317428588867 349
0.819711446762085 349
0.8269014358520508 349
0.8328356742858887 349
0.840853214263916 351
0.8476083278656006 352
0.8548994064331055 353
0.860959529876709 355
0.868086576461792 356
0.8754825592041016 357
0.8815834522247314 357
0.8886134624481201 357
0.8974997997283936 356
0.906057596206665 355
0.9121670722961426 355
0.9191460609436035 355
0.9308414459228516 355
0.9378402233123779 354
0.9498977661132812 353
0.9591464996337891 353
0.9666452407836914 353
0.9753484725952148 353
0.9845936298370361 352
0.9918417930603027 351
0.9991519451141357 351
1.006817102432251 351
1.0159804821014404 350
1.0221245288848877 349
1.02927827835083 349
1.0386269092559814 349
1.0469436645507812 349
1.0552740097045898 351
1.0640385150909424 352
1.07053542137146 353
1.0780766010284424 354
1.086022138595581 355
1.0957484245300293 357
1.101855993270874 359
1.1088323593139648 361
1.1188533306121826 364
1.126021385192871 365
1.1320819854736328 366
1.1417293548583984 366
1.1498456001281738 367
1.1572294235229492 367
1.1667747497558594 368
1.1728041172027588 368
1.180666446685791 369
1.1887927055358887 368
1.1978824138641357 367
1.207655906677246 367
1.2150216102600098 367
1.2212591171264648 366
1.228276252746582 365
1.2379486560821533 365
1.2461051940917969 364
1.255504846572876 364
1.2616348266601562 363
1.2687132358551025 363
1.2773025035858154 363
1.2860302925109863 365
1.2921247482299805 365
1.3006913661956787 366
1.3098022937774658 366
1.3178141117095947 367
1.327751636505127 366
1.3368310928344727 366
1.3459832668304443 367
1.3542060852050781 366
1.360903263092041 366
1.3698577880859375 366
1.376962661743164 366
1.3841946125030518 366
1.3926613330841064 367
1.4007434844970703 368
1.4090192317962646 369
1.4171273708343506 369
1.4259600639343262 369
1.4320182800292969 369
1.4389584064483643 369
1.4473943710327148 370
1.4554355144500732 371
1.461463451385498 372
1.4681005477905273 373
1.4754629135131836 373
1.4819536209106445 373
1.4888389110565186 372
1.4957869052886963 371
1.5028877258300781 369
1.509720802307129 368
1.5169565677642822 367
1.5229697227478027 365
1.5298762321472168 364
1.5371930599212646 363
1.5435924530029297 362
1.5513415336608887 361
1.5580556392669678 361
1.5652592182159424 361
1.571357250213623 361
1.5779693126678467 361
1.585646152496338 362
1.591728925704956 361
1.5988452434539795 361
1.6070199012756348 361
1.6129794120788574 361
1.6197986602783203 362
1.6269307136535645 362
1.6328797340393066 362
1.6396591663360596 362
1.6467483043670654 362
1.6545424461364746 362
1.66087007522583 362
1.667729377746582 362
1.6751751899719238 363
1.6813685894012451 363
1.6887576580047607 363
1.6957159042358398 363
1.7017788887023926 364
1.709470272064209 364
1.7173457145690918 365
1.7241356372833252 364
1.7362191677093506 363
1.7425622940063477 363
1.7495343685150146 362
1.7575528621673584 361
1.7646067142486572 362
1.7707569599151611 362
1.7776832580566406 363
1.7848825454711914 363
1.791494607925415 363
1.7982804775238037 363
1.806204080581665 363
1.8122138977050781 363
1.8191344738006592 363
1.8260974884033203 364
1.832230806350708 365
1.8394441604614258 365
1.8462579250335693 365
1.8525497913360596 364
1.8602197170257568 365
1.867325782775879 365
1.8740200996398926 366
1.8801424503326416 367
1.8873052597045898 367
1.8950889110565186 368
1.9011974334716797 368
1.9089012145996094 367
1.9168920516967773 368
1.9254674911499023 368
1.9315805435180664 368
1.938258171081543 367
1.9455032348632812 367
1.951566219329834 367
1.9595832824707031 367
1.966749668121338 368
1.9727494716644287 369
1.9795188903808594 370
1.9866957664489746 371
1.9958486557006836 370
2.0019638538360596 370
2.009766101837158 369
2.017127752304077 368
2.0235607624053955 367
2.0300629138946533 367
2.0372302532196045 365
2.0440409183502197 365
2.0501160621643066 363
2.0574564933776855 363
2.065488338470459 362
2.0715267658233643 362
2.0786283016204834 363
2.085636615753174 363
2.0916903018951416 363
2.0990469455718994 363
2.106022596359253 364
2.1135754585266113 365
2.12005877494812 365
2.1311137676239014 364
2.1380608081817627 363
2.1454811096191406 363
2.151568651199341 363
2.1585841178894043 363
2.166668653488159 363
2.172632932662964 363
2.1792848110198975 364
2.1867196559906006 365
2.1926963329315186 365
2.2002038955688477 365
2.207317590713501 365
2.2153091430664062 365
2.2213969230651855 365
2.228060722351074 367
2.2353157997131348 367
2.2414276599884033 367
2.2480390071868896 367
2.255425453186035 368
2.261526107788086 369
2.269219160079956 369
2.27616548538208 369
2.2822866439819336 369
2.289212703704834 370
2.2961909770965576 371
2.3029487133026123 371
2.309769868850708 371
2.3190112113952637 369
2.3260574340820312 368
2.33213472366333 367
2.33913516998291 366
2.346128225326538 365
2.3522703647613525 364
2.3591952323913574 363
2.367215156555176 362
2.3739962577819824 360
2.3801944255828857 360
2.387357234954834 359
2.394130229949951 360
2.400198459625244 360
2.4076826572418213 360
2.414621591567993 360
2.4216601848602295 360
2.429854393005371 360
2.4371440410614014 360
2.443101406097412 360
2.450012683868408 360
2.456998586654663 360
2.4628782272338867 360
2.4708714485168457 360
2.4775397777557373 360
2.4842355251312256 360
2.490211009979248 360
2.497495651245117 360
2.5050644874572754 360
2.51107120513916 360
2.5187127590179443 360
2.5256752967834473 360
2.5372655391693115 360
2.54358172416687 360
2.5501198768615723 360
2.557490825653076 360
2.564178466796875 360
2.5714142322540283 360
2.5781636238098145 360
2.5853214263916016 360
2.591362953186035 360
2.598018169403076 360
2.6052732467651367 360
2.6117918491363525 360
2.619849443435669 360
2.6268882751464844 360
2.6414501667022705 360
2.650705575942993 360
2.6592981815338135 360
2.6686055660247803 360
2.678969621658325 360
2.687887191772461 360
2.697265386581421 360
2.7062103748321533 360
2.7157065868377686 360
2.7228307723999023 360
2.729520559310913 360
2.7368171215057373 360
2.7427616119384766 360
2.7494988441467285 360
2.7562384605407715 360
2.762275218963623 360
2.769134283065796 360
2.7771973609924316 360
2.7835590839385986 360
2.7899177074432373 360
2.797149658203125 360
2.8030943870544434 360
2.8098766803741455 360
2.817439556121826 360
2.8253931999206543 360
2.8314015865325928 360
2.8381941318511963 360
2.845378875732422 360
2.851386547088623 360
2.8581430912017822 360
2.865363597869873 360
2.8714184761047363 360
2.8788418769836426 360
2.885748863220215 360
2.8917884826660156 360
2.8986105918884277 360
2.9056262969970703 360
2.9116618633270264 360
2.918623685836792 360
2.9262123107910156 360
2.9379630088806152 360
2.9466590881347656 360
2.9525885581970215 360
2.9594414234161377 360
2.9667019844055176 360
2.972627878189087 360
2.9802353382110596 360
2.987366199493408 360
2.994009017944336 360
3.0000076293945312 360
3.0069990158081055 360
3.012932300567627 360
3.0201563835144043 360
3.0280086994171143 360
3.035308599472046 360
3.0413591861724854 360
3.0479896068573 360
3.0551655292510986 360
3.0611846446990967 360
3.0678257942199707 360
3.0749759674072266 360
3.0818030834198 360
3.0886428356170654 360
3.095726251602173 360
3.101759672164917 360
3.108621835708618 360
3.1155056953430176 360
3.1220011711120605 360
3.129822015762329 360
3.136848211288452 360
3.142756700515747 360
3.149446964263916 360
3.1566998958587646 360
3.1626811027526855 360
3.169267416000366 360
3.1761584281921387 360
3.1840221881866455 360
3.1900546550750732 360
3.19712233543396 360
3.2030794620513916 360
3.209833860397339 360
3.2170140743255615 360
3.2241976261138916 360
3.231606960296631 360
3.238158702850342 360
3.2453227043151855 360
3.2513928413391113 360
3.2579851150512695 360
3.2651946544647217 360
3.2712976932525635 360
3.2780985832214355 360
3.2861151695251465 360
3.2921347618103027 360
3.29901123046875 360
3.305919885635376 360
3.3119683265686035 360
3.319705009460449 360
3.327183961868286 360
3.3390884399414062 360
3.346170425415039 360
3.352159261703491 360
3.3592913150787354 360
3.366215467453003 360
3.372211456298828 360
3.379098653793335 360
3.3870859146118164 360
3.393019676208496 360
3.3999814987182617 360
3.4069807529449463 360
3.4128801822662354 360
3.419569730758667 360
3.427125930786133 360
3.4350967407226562 360
3.4411303997039795 360
3.448917865753174 360
3.4560651779174805 360
3.462088108062744 360
3.468987226486206 360
3.4758944511413574 360
3.481950044631958 360
3.4899539947509766 360
3.4969754219055176 360
3.502837657928467 360
3.5095605850219727 360
3.516840696334839 360
3.5227112770080566 360
3.5299577713012695 360
3.5377371311187744 360
3.5449113845825195 360
3.5508501529693604 360
3.557543992996216 360
3.5642952919006348 360
3.5702810287475586 360
3.5775389671325684 360
3.585345506668091 360
3.591435670852661 360
3.602292060852051 360
3.609225034713745 360
3.6162688732147217 360
3.622250556945801 360
3.6291379928588867 360
3.6378369331359863 360
3.64497971534729 360
3.650890350341797 360
3.6575615406036377 360
3.6642918586730957 360
3.670292854309082 360
3.6773681640625 360
3.684049367904663 360
3.6913998126983643 360
3.6981663703918457 360
3.7053184509277344 360
3.711353063583374 360
3.717992067337036 360
3.725160837173462 360
3.731203556060791 360
3.7440237998962402 360
3.7505300045013428 360
3.757756233215332 360
3.7650229930877686 360
3.7709743976593018 360
3.7776193618774414 360
3.7845520973205566 360
3.7915327548980713 360
3.798161506652832 360
3.805382490158081 360
3.8113882541656494 360
3.8181264400482178 360
3.8253118991851807 360
3.8313112258911133 360
3.838630437850952 360
3.846637725830078 360
3.8525543212890625 360
3.859139919281006 360
3.866091251373291 360
3.8721015453338623 360
3.879117727279663 360
3.886018991470337 360
3.893453359603882 360
3.899827003479004 360
3.906892776489258 360
3.9127705097198486 360
3.919450521469116 360
3.9262444972991943 360
3.9322450160980225 360
3.939908981323242 360
3.9477171897888184 360
3.9551429748535156 360
3.962883472442627 360
3.969672679901123 360
3.9767298698425293 360
3.9826650619506836 360
3.9892470836639404 360
3.997467041015625 360
4.004127502441406 360
4.010611057281494 360
4.017380952835083 360
4.024025201797485 360
4.029988050460815 360
4.037015914916992 360
4.044946908950806 360
4.050874710083008 360
4.057717323303223 360
4.064871788024902 360
4.070766925811768 360
4.0775110721588135 360
4.084253787994385 360
4.090258836746216 360
4.0980353355407715 360
4.105149030685425 360
4.111231088638306 360
4.117976903915405 360
4.125154495239258 360
4.131253242492676 360
4.14188814163208 360
4.150087594985962 360
4.1573333740234375 360
4.163964509963989 360
4.170128345489502 360
4.1773505210876465 360
4.184060096740723 360
4.190037250518799 360
4.197859287261963 360
4.2049665451049805 360
4.210879564285278 360
4.217573165893555 360
4.224516153335571 360
4.230291843414307 360
4.237517356872559 360
4.244246244430542 360
4.252016305923462 360
4.258813858032227 360
4.26587700843811 360
4.2719316482543945 360
4.278845548629761 360
4.285737752914429 360
4.2917351722717285 360
4.299745798110962 360
4.306851148605347 360
4.31275486946106 360
4.320297002792358 360
4.327368259429932 360
4.3340606689453125 360
4.340064764022827 360
4.348541498184204 360
4.3556694984436035 360
4.361700534820557 360
4.36829137802124 360
4.375492095947266 360
4.3815531730651855 360
4.388170480728149 360
4.395550012588501 360
4.4026312828063965 360
4.409204721450806 360
4.416242361068726 360
4.422533273696899 360
4.429125070571899 360
4.436031818389893 360
4.442035913467407 360
4.448849201202393 360
4.457380533218384 360
4.464040756225586 360
4.471489667892456 360
4.478276014328003 360
4.485442638397217 360
4.4914186000823975 360
4.498002290725708 360
4.506003141403198 360
4.512065649032593 360
4.51891303062439 360
4.526042222976685 360
4.53204870223999 360
4.54293417930603 360
4.549859046936035 360
4.55826735496521 360
4.565581560134888 360
4.571627140045166 360
4.578164339065552 360
4.585352182388306 360
4.591384649276733 360
4.5981550216674805 360
4.609020471572876 360
4.615920305252075 360
4.621941566467285 360
4.628807544708252 360
4.63726019859314 360
4.643568515777588 360
4.649929046630859 360
4.659742116928101 360
4.667516469955444 360
4.674248695373535 360
4.6802895069122314 360
4.687335252761841 360
4.69395899772644 360
4.699958086013794 360
4.707780361175537 360
4.71536111831665 360
4.725011348724365 360
4.732858180999756 360
4.741771697998047 360
4.751073360443115 360
4.761611700057983 360
4.770740985870361 360
4.779738903045654 360
4.789010524749756 360
4.797806024551392 360
4.805696249008179 360
4.812798738479614 360
4.8195414543151855 360
4.826260089874268 360
4.8325629234313965 360
4.839482545852661 360
4.846263408660889 360
4.852266073226929 360
4.860921382904053 360
4.867597579956055 360
4.874523878097534 360
4.88028359413147 360
4.887340307235718 360
4.89399528503418 360
4.900156259536743 360
4.907236814498901 360
4.915245056152344 360
4.921298027038574 360
4.927912712097168 360
4.935063600540161 360
4.9456963539123535 360
4.951743841171265 360
4.958905935287476 360
4.9670727252960205 360
4.9730284214019775 360
4.979790687561035 360
4.98686957359314 360
4.99277663230896 360
4.999457836151123 360
