0 0 
0.010298490524291992 0
0.018492937088012695 1
0.027822256088256836 1
0.03383588790893555 3
0.040731191635131836 5
0.04853367805480957 7
0.05808401107788086 10
0.06453204154968262 14
0.07106876373291016 17
0.07889819145202637 21
0.0881955623626709 26
0.0950307846069336 31
0.10112357139587402 36
0.1097564697265625 41
0.1190025806427002 49
0.12625408172607422 53
0.1325092315673828 58
0.1404590606689453 65
0.15019679069519043 73
0.15722393989562988 80
0.1636364459991455 85
0.17046165466308594 92
0.17857980728149414 99
0.18785381317138672 106
0.19391965866088867 113
0.20086073875427246 119
0.20918726921081543 126
0.2185056209564209 133
0.22559213638305664 139
0.2318429946899414 144
0.23967909812927246 151
0.24869132041931152 159
0.25602293014526367 165
0.2621920108795166 170
0.2700955867767334 176
0.2791099548339844 185
0.2864549160003662 189
0.2926337718963623 195
0.300539493560791 203
0.30968141555786133 208
0.31832313537597656 215
0.32585668563842773 220
0.33406901359558105 227
0.3409585952758789 231
0.34815526008605957 235
0.35727357864379883 242
0.36376500129699707 247
0.37071847915649414 251
0.37927746772766113 255
0.3866310119628906 258
0.3982810974121094 263
0.4051532745361328 267
0.4118330478668213 269
0.4207038879394531 275
0.42872023582458496 279
0.4360074996948242 281
0.44217443466186523 283
0.44893813133239746 285
0.4562716484069824 287
0.462414026260376 289
0.46909523010253906 293
0.4776628017425537 295
0.48374319076538086 297
0.4906649589538574 300
0.49793434143066406 301
0.5040032863616943 304
0.5108895301818848 305
0.5186030864715576 307
0.5266988277435303 309
0.5328850746154785 310
0.5400807857513428 311
0.5471465587615967 313
0.5532717704772949 315
0.5602178573608398 317
0.5672552585601807 319
0.5736415386199951 321
0.5816454887390137 324
0.5885257720947266 325
0.5996241569519043 326
0.6068792343139648 326
0.6130056381225586 327
0.6206707954406738 327
0.6285665035247803 328
0.6358954906463623 328
0.6419947147369385 329
0.6487443447113037 329
0.656193733215332 329
0.6623902320861816 329
0.6691336631774902 331
0.6766395568847656 332
0.6838877201080322 334
0.690779447555542 335
0.6979894638061523 335
0.7040371894836426 336
0.7109487056732178 337
0.718254566192627 339
0.7259976863861084 339
0.7330474853515625 341
0.7400479316711426 341
0.7471129894256592 343
0.7532646656036377 344
0.7602198123931885 345
0.7672140598297119 345
0.7736063003540039 345
0.7816498279571533 346
0.7887024879455566 347
0.7992691993713379 349
0.8067004680633545 349
0.8128643035888672 348
0.8200197219848633 348
0.8278276920318604 348
0.8360226154327393 349
0.8421945571899414 349
0.8489181995391846 351
0.8561742305755615 351
0.8623583316802979 351
0.8690481185913086 350
0.8763852119445801 349
0.8835530281066895 348
0.8902826309204102 348
0.8977618217468262 348
0.9038710594177246 349
0.9107086658477783 350
0.918097972869873 351
0.9245145320892334 351
0.9359197616577148 351
0.9422357082366943 351
0.9489786624908447 349
0.9564518928527832 348
0.962601900100708 347
0.9692432880401611 347
0.9765372276306152 348
0.9837737083435059 349
0.9907088279724121 350
0.998105525970459 350
1.0045878887176514 349
1.0110411643981934 349
1.018359661102295 349
1.025099277496338 350
1.032160997390747 351
1.0398807525634766 352
1.0470912456512451 352
1.0532357692718506 352
1.060192584991455 351
1.067230463027954 350
1.0736255645751953 349
1.082993745803833 349
1.093289852142334 349
1.1029019355773926 351
1.1121587753295898 352
1.1220579147338867 352
1.1312179565429688 351
1.1422674655914307 351
1.1510217189788818 351
1.160207986831665 350
1.1691861152648926 349
1.1767420768737793 349
1.182833194732666 349
1.1908020973205566 351
1.201920747756958 353
1.2088091373443604 355
1.2162203788757324 355
1.2224223613739014 356
1.2290945053100586 356
1.2369730472564697 355
1.244563341140747 355
1.2510018348693848 354
1.258436918258667 354
1.265202522277832 354
1.2712702751159668 353
1.2785415649414062 353
1.2858610153198242 352
1.2928194999694824 351
1.2998254299163818 351
1.3070034980773926 351
1.3131451606750488 351
1.3211894035339355 350
1.328425645828247 349
1.335235834121704 348
1.343149185180664 348
1.3501334190368652 348
1.357133388519287 349
1.36326003074646 349
1.370215892791748 350
1.3777360916137695 351
1.3837859630584717 352
1.391866683959961 352
1.398615837097168 351
1.4058887958526611 351
1.4119682312011719 351
1.4187016487121582 350
1.4259843826293945 349
1.4321069717407227 349
1.44193696975708 349
1.4486958980560303 349
1.4559721946716309 351
1.462099552154541 351
1.4688069820404053 353
1.4763002395629883 354
1.4824814796447754 354
1.489208698272705 353
1.4977169036865234 353
1.5037529468536377 352
1.5105693340301514 352
1.517841100692749 352
1.523890733718872 351
1.5307378768920898 351
1.5379347801208496 350
1.5465521812438965 349
1.5527207851409912 348
1.559844970703125 348
1.567124366760254 349
1.5732653141021729 349
1.5802597999572754 350
1.5872347354888916 350
1.598015546798706 351
1.6066374778747559 351
1.6127614974975586 350
1.6200809478759766 349
1.627246379852295 348
1.6335999965667725 347
1.6408567428588867 347
1.6495380401611328 348
1.6567234992980957 349
1.662841558456421 350
1.6700990200042725 351
1.6777021884918213 351
1.6838836669921875 350
1.6910336017608643 349
1.6990702152252197 349
1.706376075744629 349
1.712503433227539 349
1.7191991806030273 350
1.7265489101409912 351
1.732692003250122 353
1.7398502826690674 353
1.7484285831451416 353
1.7552709579467773 353
1.7616724967956543 352
1.7685761451721191 351
1.775836706161499 350
1.781898021697998 350
1.7886691093444824 350
1.7960350513458252 351
1.8030259609222412 350
1.8100066184997559 350
1.8170416355133057 349
1.8231446743011475 349
1.830268144607544 349
1.8371994495391846 350
1.8436129093170166 351
1.852177381515503 353
1.8590607643127441 353
1.8663592338562012 353
1.8724822998046875 353
1.8792297840118408 352
1.8865509033203125 351
1.8927252292633057 351
1.9006831645965576 350
1.9079275131225586 350
1.9139256477355957 350
1.920949935913086 349
1.9281055927276611 349
1.9346003532409668 347
1.9411022663116455 347
1.951117992401123 347
1.9588370323181152 349
1.9661273956298828 349
1.9723331928253174 351
1.9792346954345703 351
1.988128662109375 351
1.998666763305664 350
2.0069420337677 348
2.013043165206909 347
2.0201921463012695 347
2.027608871459961 346
2.033637285232544 347
2.0406696796417236 347
2.047834873199463 348
2.056262969970703 348
2.0624191761016846 349
2.069106101989746 349
2.076451301574707 349
2.0825634002685547 350
2.0896427631378174 351
2.096815586090088 351
2.104084014892578 352
2.110999822616577 351
2.1181728839874268 351
2.1250128746032715 351
2.1311044692993164 350
2.138414144515991 349
2.1451973915100098 349
2.1516122817993164 349
2.1599950790405273 349
2.1670594215393066 350
2.173168659210205 351
2.180149793624878 352
2.1871368885040283 353
2.1932613849639893 353
2.2005748748779297 352
2.2085859775543213 351
2.215993881225586 350
2.2221360206604004 350
2.2288455963134766 350
2.236079216003418 351
2.242191791534424 351
2.2488906383514404 350
2.2577311992645264 349
2.2638401985168457 349
2.270678758621216 349
2.278029203414917 349
2.284018039703369 349
2.291016101837158 351
2.2981884479522705 351
2.3050100803375244 352
2.3124611377716064 352
2.3202171325683594 351
2.3272361755371094 351
2.3336050510406494 349
2.3405590057373047 349
2.347977876663208 349
2.3539912700653076 350
2.362579822540283 351
2.3692216873168945 352
2.3765199184417725 353
2.382683515548706 352
2.3896331787109375 352
2.4005250930786133 351
2.4079904556274414 351
2.4161999225616455 352
2.4223978519439697 351
2.4292218685150146 351
2.436521530151367 351
2.4426708221435547 350
2.449676990509033 349
2.4577057361602783 349
2.4665191173553467 348
2.4726550579071045 349
2.479766368865967 349
2.4867889881134033 350
2.4929208755493164 351
2.4998583793640137 351
2.5069284439086914 350
2.514467477798462 350
2.521143674850464 349
2.5283894538879395 349
2.535163402557373 348
2.5412073135375977 348
2.548351287841797 348
2.5551345348358154 349
2.562473773956299 350
2.569864511489868 351
2.5771472454071045 351
2.583608865737915 351
2.590299129486084 351
2.5976812839508057 349
2.607682228088379 348
2.6152751445770264 347
2.621689558029175 348
2.635043144226074 349
2.641672134399414 350
2.648538112640381 351
2.655607223510742 351
2.6660845279693604 351
2.672731399536133 351
2.679701566696167 351
2.6878931522369385 349
2.6938979625701904 348
2.70095157623291 347
2.7080657482147217 347
2.7164413928985596 348
2.7235286235809326 349
2.7304399013519287 350
2.737854242324829 351
2.7439067363739014 352
2.750781774520874 352
2.758150100708008 352
2.766294479370117 351
2.7729978561401367 351
2.779917001724243 350
2.7879397869110107 349
2.7939367294311523 349
2.8051624298095703 349
2.8117074966430664 349
2.819641590118408 351
2.826897382736206 352
2.8330912590026855 353
2.8422679901123047 354
2.849608898162842 355
2.8566782474517822 354
2.8628506660461426 354
2.871000051498413 353
2.8787484169006348 354
2.8860788345336914 355
2.8921682834625244 355
2.9002327919006348 354
2.9072744846343994 353
2.913666009902954 353
2.9217262268066406 353
2.928570508956909 353
2.9360084533691406 353
2.9421658515930176 352
2.948930263519287 351
2.956230878829956 349
2.962414264678955 349
2.9701805114746094 349
2.977999687194824 349
2.9840402603149414 350
2.991018056869507 351
2.9984469413757324 353
3.0052733421325684 353
3.011707067489624 353
3.019585371017456 353
3.02669095993042 352
3.0328593254089355 351
3.0398175716400146 351
3.0468764305114746 350
3.0530428886413574 350
3.0602173805236816 350
3.067214250564575 350
3.0752389430999756 349
3.082378387451172 348
3.089109182357788 348
3.096405029296875 348
3.1025404930114746 349
3.1092565059661865 350
3.116732120513916 351
3.1239795684814453 351
3.1310465335845947 351
3.1382193565368652 350
3.1451292037963867 349
3.1512296199798584 348
3.159792423248291 348
3.1690967082977295 348
3.1801552772521973 349
3.1897060871124268 351
3.2031118869781494 355
3.212735176086426 357
3.223090410232544 359
3.2323930263519287 359
3.2402045726776123 358
3.2472352981567383 357
3.253645181655884 357
3.260718822479248 357
3.26789927482605 357
3.275928020477295 357
3.2825183868408203 357
3.2892210483551025 357
3.2966928482055664 356
3.3028433322906494 355
3.309812545776367 355
3.3180761337280273 355
3.326061964035034 355
3.3321869373321533 355
3.3389248847961426 355
3.3462235927581787 355
3.3524537086486816 354
3.3595480918884277 353
3.3666179180145264 353
3.3727869987487793 353
3.380566358566284 352
3.388481855392456 351
3.3955671787261963 350
3.401885747909546 349
3.409965753555298 349
3.4182393550872803 350
3.4251649379730225 351
3.432450532913208 352
3.4398915767669678 352
3.446963310241699 352
3.4531118869781494 351
3.4601967334747314 351
3.4671764373779297 350
3.4735655784606934 349
3.481825351715088 348
3.4891555309295654 348
3.4964184761047363 349
3.5025594234466553 349
3.5092711448669434 350
3.5171055793762207 350
3.523231029510498 350
3.531266927719116 349
3.538621664047241 348
3.545893430709839 347
3.551957368850708 347
3.5587217807769775 348
3.5660600662231445 349
3.572195053100586 349
3.580003023147583 350
3.5870845317840576 350
3.5938916206359863 351
3.6059529781341553 351
3.612198829650879 350
3.619097948074341 349
3.6265382766723633 348
3.6338000297546387 347
3.6406805515289307 347
3.6480624675750732 348
3.6545395851135254 349
3.6612043380737305 350
3.668365716934204 350
3.6751890182495117 350
3.682624101638794 350
3.689577102661133 349
3.6970760822296143 348
3.7032251358032227 347
3.710204839706421 346
3.717707872390747 346
3.7237868309020996 347
3.731898307800293 347
3.7386796474456787 348
3.746068239212036 348
3.75221586227417 349
3.758944034576416 349
3.7661900520324707 349
3.7723517417907715 349
3.779218912124634 350
3.7876627445220947 352
3.795006513595581 353
3.8011386394500732 354
3.808354616165161 354
3.815197229385376 354
3.82126784324646 354
3.828437089920044 353
3.8365986347198486 352
3.842768669128418 351
3.8497040271759033 351
3.856781482696533 351
3.8628640174865723 352
3.8698794841766357 352
3.876938581466675 351
3.884542226791382 351
3.891047239303589 350
3.899034261703491 349
3.906492233276367 349
3.912663459777832 348
3.9208292961120605 348
3.927974224090576 349
3.936095952987671 350
3.942209482192993 350
3.9489378929138184 351
3.9564313888549805 351
3.962573766708374 350
3.969271659851074 350
3.9765384197235107 349
3.982728958129883 349
3.9906954765319824 348
3.9983651638031006 348
4.00908088684082 349
4.016684055328369 351
4.022859334945679 352
4.029999732971191 353
4.038247346878052 354
4.045146703720093 355
4.051227331161499 355
4.0584375858306885 354
4.065274715423584 353
4.071741342544556 353
4.078756093978882 353
4.086044788360596 352
4.093029260635376 351
4.100705862045288 351
4.107947826385498 351
4.1139075756073 351
4.120816707611084 350
4.128005266189575 349
4.134087085723877 348
4.142418146133423 348
4.149083137512207 348
4.1563732624053955 349
4.162549734115601 349
4.169637203216553 350
4.176689624786377 351
4.182812929153442 350
4.190807342529297 350
4.198185205459595 349
4.206028938293457 349
4.212255477905273 349
4.2189717292785645 349
4.226210832595825 350
4.232389688491821 351
4.240186452865601 352
4.247169733047485 352
4.253560304641724 352
4.260520696640015 351
4.267825126647949 350
4.273862361907959 349
4.280949592590332 349
4.288109064102173 349
4.296336650848389 350
4.302486896514893 351
4.309832334518433 351
4.318135976791382 352
4.325060129165649 351
4.331162691116333 351
4.338435173034668 350
4.346624374389648 350
4.352735757827759 349
4.359740257263184 349
4.3667497634887695 349
4.372877359390259 349
4.380015134811401 349
4.3870627880096436 351
4.3949830532073975 352
4.406149387359619 352
4.412810325622559 351
4.420025110244751 351
4.428347587585449 350
4.437021732330322 349
4.444566965103149 348
4.451056003570557 348
4.458200216293335 349
4.465040922164917 349
4.471176624298096 350
4.478364706039429 350
4.485206365585327 351
4.49152684211731 351
4.4996397495269775 351
4.506705045700073 349
4.5136072635650635 349
4.520430564880371 349
4.5276312828063965 349
4.533669948577881 349
4.540531396865845 351
4.548609256744385 352
4.5560526847839355 352
4.562200546264648 352
4.5689167976379395 351
4.576282262802124 351
4.582478284835815 350
4.589181661605835 349
4.597215890884399 351
4.610222816467285 352
4.618280649185181 353
4.625158071517944 353
4.6331470012664795 353
4.640431880950928 353
4.648373603820801 352
4.6555397510528564 350
4.662908554077148 349
4.669877052307129 349
4.677065849304199 349
4.683230876922607 349
4.690462112426758 350
4.698601245880127 352
4.705904960632324 353
4.711977243423462 353
4.72054123878479 354
4.728569984436035 353
4.7360289096832275 353
4.742245435714722 352
4.750068187713623 352
4.757153034210205 352
4.763530015945435 351
4.770298004150391 351
4.7776710987091064 350
4.783767461776733 349
4.790555000305176 348
4.7987542152404785 348
4.80961275100708 349
4.8177266120910645 350
4.823824167251587 351
4.830864667892456 351
4.838038921356201 351
4.844491481781006 351
4.852384090423584 350
4.859242916107178 349
4.86653208732605 348
4.872679233551025 349
4.8796892166137695 349
4.886744499206543 350
4.892874717712402 350
4.900871753692627 351
4.908044099807739 351
4.914509534835815 350
4.922265291213989 349
4.92897629737854 348
4.937014579772949 348
4.94314169883728 348
4.951202630996704 349
4.958462953567505 350
4.965287208557129 351
4.971756458282471 351
4.978769779205322 351
4.98603630065918 351
4.992143869400024 350
4.998889923095703 349
