0 0 
0.010025501251220703 0
0.018220186233520508 0
0.025516033172607422 1
0.03305935859680176 3
0.04025387763977051 4
0.04756593704223633 7
0.05398893356323242 9
0.06338620185852051 14
0.0730738639831543 18
0.08354997634887695 24
0.09327840805053711 31
0.10405182838439941 39
0.11345791816711426 46
0.1235055923461914 54
0.13434314727783203 62
0.14234352111816406 67
0.1493213176727295 74
0.1567378044128418 78
0.16297340393066406 85
0.17023396492004395 91
0.17737054824829102 98
0.18538856506347656 105
0.1916346549987793 110
0.19897842407226562 118
0.2063455581665039 123
0.212632417678833 128
0.22129344940185547 138
0.22877049446105957 143
0.23691654205322266 151
0.24317312240600586 158
0.2502779960632324 164
0.25752758979797363 171
0.2640228271484375 176
0.27097368240356445 183
0.27837276458740234 188
0.2867558002471924 195
0.2930154800415039 202
0.3002636432647705 206
0.3074636459350586 212
0.3136928081512451 216
0.3209207057952881 221
0.3287825584411621 225
0.3369922637939453 232
0.34810519218444824 240
0.3542790412902832 245
0.36142492294311523 249
0.3689706325531006 254
0.37656092643737793 256
0.3871335983276367 263
0.3934025764465332 265
0.40047717094421387 268
0.4080390930175781 271
0.4142036437988281 276
0.42119264602661133 278
0.4291071891784668 282
0.43811702728271484 284
0.44678497314453125 287
0.45311450958251953 290
0.46047258377075195 292
0.46805596351623535 295
0.47423338890075684 298
0.4812479019165039 300
0.48923754692077637 302
0.497178316116333 305
0.5040664672851562 307
0.5111401081085205 308
0.5184142589569092 310
0.5249569416046143 312
0.5326921939849854 314
0.5405540466308594 316
0.5476477146148682 318
0.55413818359375 319
0.5613093376159668 320
0.5685598850250244 321
0.5755541324615479 323
0.5820591449737549 325
0.5902528762817383 326
0.597409725189209 327
0.6036629676818848 328
0.6108732223510742 330
0.6182587146759033 332
0.624377965927124 333
0.6322803497314453 334
0.6402077674865723 334
0.6475260257720947 333
0.6539628505706787 332
0.6609268188476562 333
0.6683118343353271 333
0.6744797229766846 334
0.6814489364624023 334
0.6899979114532471 335
0.6971843242645264 336
0.7034497261047363 336
0.7106838226318359 338
0.7181751728057861 338
0.7243239879608154 339
0.7320864200592041 340
0.7401347160339355 341
0.7509846687316895 342
0.7585320472717285 344
0.7654943466186523 345
0.7723336219787598 347
0.779226541519165 348
0.7865643501281738 348
0.7936000823974609 348
0.8006532192230225 348
0.808133602142334 348
0.8142673969268799 350
0.8214364051818848 351
0.8289096355438232 352
0.8368008136749268 352
0.8440449237823486 352
0.8509421348571777 352
0.858304500579834 353
0.8644392490386963 354
0.871410608291626 355
0.8786430358886719 355
0.8855776786804199 355
0.8931012153625488 355
0.9002141952514648 356
0.907360315322876 356
0.9140644073486328 357
0.9210724830627441 358
0.9283926486968994 358
0.9349100589752197 359
0.9433066844940186 358
0.9506232738494873 358
0.9576900005340576 358
0.9641475677490234 359
0.9711058139801025 360
0.9783961772918701 360
0.9845001697540283 361
0.9915220737457275 361
0.9995391368865967 362
1.007521629333496 362
1.0164768695831299 361
1.022695779800415 360
1.0294735431671143 359
1.0368587970733643 359
1.044966697692871 359
1.0515291690826416 359
1.0587878227233887 360
1.0656869411468506 361
1.0724120140075684 362
1.079402208328247 363
1.086735486984253 363
1.0929453372955322 363
1.1022546291351318 362
1.1091442108154297 362
1.116485357284546 361
1.1227495670318604 360
1.1297094821929932 360
1.1370816230773926 360
1.1492741107940674 360
1.1568257808685303 362
1.163017988204956 363
1.170170783996582 363
1.177586317062378 363
1.1840794086456299 363
1.191209316253662 362
1.199394702911377 361
1.2069177627563477 360
1.2131476402282715 360
1.2201931476593018 360
1.2272675037384033 361
1.2334692478179932 362
1.240520715713501 362
1.2494359016418457 362
1.2568142414093018 362
1.262990951538086 361
1.2700185775756836 360
1.2771601676940918 359
1.2833633422851562 358
1.2904417514801025 358
1.2975451946258545 359
1.3055956363677979 360
1.3122904300689697 361
1.3191413879394531 361
1.3265089988708496 361
1.3327758312225342 360
1.3396990299224854 359
1.347527027130127 359
1.3556270599365234 360
1.3621129989624023 360
1.369168758392334 361
1.3765246868133545 362
1.3828089237213135 362
1.3899586200714111 361
1.3971407413482666 360
1.4044411182403564 360
1.4113008975982666 360
1.4185168743133545 360
1.425433874130249 361
1.432098627090454 362
1.4390320777893066 363
1.4463276863098145 363
1.45399808883667 363
1.4608829021453857 362
1.4684295654296875 362
1.4749481678009033 360
1.4815049171447754 360
1.4889624118804932 360
1.496293544769287 361
1.5032694339752197 362
1.510314702987671 363
1.5184969902038574 363
1.5259897708892822 363
1.532371997833252 362
1.53920316696167 362
1.5513131618499756 360
1.5594396591186523 359
1.5673186779022217 358
1.573563575744629 357
1.5808978080749512 357
1.5886399745941162 358
1.5956127643585205 359
1.6023273468017578 360
1.6107158660888672 360
1.6181128025054932 359
1.624281883239746 359
1.63120698928833 359
1.638411521911621 359
1.6448991298675537 360
1.651500940322876 361
1.660672664642334 362
1.668226957321167 363
1.6744897365570068 363
1.68218994140625 363
1.6891188621520996 362
1.6968915462493896 361
1.7031595706939697 360
1.7111527919769287 359
1.7191543579101562 359
1.7267053127288818 360
1.7329487800598145 360
1.740860939025879 360
1.7481718063354492 361
1.7542965412139893 363
1.7633838653564453 364
1.7704541683197021 364
1.7775518894195557 364
1.7839770317077637 364
1.7910914421081543 363
1.798447847366333 362
1.8049707412719727 362
1.8132500648498535 361
1.8203418254852295 361
1.8275039196014404 361
1.8343369960784912 361
1.8412721157073975 361
1.8486926555633545 360
1.8586933612823486 359
1.8668904304504395 359
1.8731064796447754 359
1.8801639080047607 360
1.8872780799865723 361
1.8940589427947998 362
1.900984764099121 362
1.9093005657196045 362
1.9170424938201904 362
1.9232463836669922 360
1.930321455001831 359
1.937502145767212 358
1.943706750869751 357
1.9554877281188965 357
1.9635941982269287 358
1.9709968566894531 359
1.978559970855713 360
1.985412836074829 360
1.9921059608459473 360
2.0004873275756836 360
2.0075438022613525 360
2.015587568283081 362
2.0220630168914795 362
2.030393600463867 363
2.038547992706299 363
2.0454702377319336 362
2.0516834259033203 362
2.0589709281921387 360
2.0671567916870117 360
2.073420286178589 361
2.0805020332336426 362
2.0877106189727783 362
2.094170093536377 362
2.1021697521209717 362
2.109113931655884 361
2.1174004077911377 360
2.123608112335205 358
2.130655527114868 358
2.139111042022705 358
2.148621082305908 359
2.1581692695617676 360
2.16921329498291 361
2.1784474849700928 361
2.1874070167541504 360
2.1968982219696045 359
2.206015110015869 358
2.216590166091919 358
2.223159074783325 358
2.230225086212158 359
2.2374677658081055 360
2.2437100410461426 361
2.251066207885742 362
2.2583608627319336 362
2.2665281295776367 362
2.2732439041137695 361
2.2803056240081787 360
2.287430763244629 359
2.293639659881592 358
2.3008840084075928 358
2.308913230895996 358
2.3169302940368652 360
2.3231711387634277 360
2.330425500869751 361
2.337501287460327 360
2.343949556350708 360
2.355553388595581 359
2.3621788024902344 359
2.37087082862854 360
2.3829421997070312 362
2.391411066055298 362
2.39882493019104 362
2.4057154655456543 361
2.41255521774292 360
2.420506477355957 360
2.4275712966918945 359
2.4340133666992188 360
2.4431426525115967 360
2.450356960296631 361
2.457526445388794 361
2.4639668464660645 361
2.4726040363311768 360
2.4794418811798096 359
2.486837148666382 359
2.4930546283721924 359
2.502041816711426 360
2.5094716548919678 361
2.5168745517730713 362
2.524137496948242 363
2.531097888946533 363
2.539006233215332 362
2.5465314388275146 362
2.5532991886138916 361
2.560345411300659 361
2.5676329135894775 360
2.5765533447265625 360
2.5827598571777344 360
2.5895466804504395 361
2.5974745750427246 362
2.604377269744873 362
2.6113250255584717 362
2.618532657623291 362
2.6268773078918457 360
2.633143663406372 359
2.640451192855835 358
2.647534132003784 358
2.653947114944458 359
2.6631407737731934 360
2.6702282428741455 359
2.678938388824463 359
2.6927919387817383 360
2.6995866298675537 361
2.706925868988037 362
2.713181972503662 362
2.720266342163086 362
2.7285287380218506 361
2.735520362854004 360
2.7416653633117676 359
2.7529211044311523 359
2.7601072788238525 359
2.7674973011016846 360
2.7755935192108154 361
2.782335042953491 362
2.7891743183135986 362
2.7965404987335205 362
2.8028340339660645 362
2.809962272644043 361
2.8171849250793457 360
2.82441782951355 358
2.831418037414551 358
2.8386688232421875 358
2.8455591201782227 358
2.8520755767822266 358
2.8590104579925537 360
2.8664653301239014 360
2.872711420059204 361
2.880601644515991 361
2.88846755027771 360
2.8949708938598633 359
2.902033567428589 359
2.908963918685913 360
2.9163362979888916 360
2.9225516319274902 361
2.930588722229004 362
2.9376208782196045 362
2.944078207015991 362
2.950995683670044 362
2.958353042602539 362
2.9645044803619385 360
2.971449375152588 359
2.9795074462890625 359
2.9875199794769287 359
2.993955135345459 359
3.000870704650879 360
3.0081787109375 361
3.0143682956695557 362
3.021324872970581 362
3.029587984085083 362
3.036954164505005 362
3.043194532394409 361
3.0504891872406006 360
3.057615280151367 358
3.064053773880005 358
3.0709333419799805 358
3.078982353210449 358
3.0868937969207764 358
3.093146800994873 360
3.1011292934417725 361
3.1085894107818604 361
3.115554094314575 361
3.1220710277557373 361
3.1300861835479736 360
3.137232542037964 359
3.1434497833251953 358
3.1535327434539795 359
3.162031650543213 360
3.1703646183013916 361
3.17767333984375 362
3.1859843730926514 362
3.1929776668548584 363
3.1999804973602295 362
3.2071096897125244 362
3.2133326530456543 361
3.2204360961914062 360
3.22770094871521 358
3.236004114151001 358
3.242356538772583 357
3.2491962909698486 358
3.256727933883667 358
3.262977123260498 359
3.2699921131134033 359
3.277160406112671 360
3.284336805343628 360
3.2922520637512207 361
3.299111843109131 362
3.306506872177124 362
3.3130404949188232 362
3.3200316429138184 362
3.327141761779785 361
3.334434986114502 359
3.341395139694214 358
3.348851203918457 358
3.3559587001800537 358
3.3622872829437256 358
3.369168281555176 358
3.3765530586242676 360
3.388582468032837 361
3.3963654041290283 361
3.4026832580566406 360
3.409594774246216 360
3.417034149169922 360
3.4232285022735596 360
3.4302706718444824 361
3.4383978843688965 362
3.444885015487671 363
3.451505422592163 363
3.4587695598602295 362
3.4659876823425293 362
3.4726815223693848 361
3.4795238971710205 361
3.48753023147583 360
3.493950605392456 360
3.501352071762085 361
3.5085976123809814 362
3.5155112743377686 362
3.5219526290893555 362
3.529128313064575 362
3.536501884460449 361
3.543586254119873 360
3.5536932945251465 359
3.562058687210083 358
3.569153070449829 359
3.5766632556915283 360
3.58288311958313 360
3.591085195541382 360
3.5988197326660156 360
3.605717658996582 360
3.612309217453003 361
3.6191248893737793 362
3.6264970302581787 362
3.6327452659606934 362
3.640627861022949 362
3.6481730937957764 361
3.6543264389038086 359
3.6613969802856445 358
3.668649911880493 358
3.67556095123291 357
3.6843767166137695 358
3.692685842514038 359
3.6994805335998535 360
3.7073662281036377 360
3.7135887145996094 360
3.7206180095672607 360
3.7276690006256104 360
3.7340927124023438 361
3.742321729660034 362
3.749135971069336 364
3.7565596103668213 364
3.762827157974243 364
3.7700445652008057 364
3.777176856994629 364
3.7834324836730957 363
3.7915308475494385 362
3.7988691329956055 361
3.806854486465454 361
3.8130922317504883 362
3.8201632499694824 362
3.827413320541382 362
3.8336362838745117 361
3.8407092094421387 360
3.8489034175872803 359
3.8562421798706055 359
3.8624017238616943 359
3.869252920150757 359
3.876620292663574 360
3.8828940391540527 361
3.8901381492614746 362
3.8983213901519775 362
3.9044485092163086 362
3.9121665954589844 362
3.919121503829956 361
3.9265451431274414 360
3.9327845573425293 359
3.939974069595337 358
3.9485793113708496 358
3.959292411804199 360
3.9668054580688477 360
3.9730026721954346 361
3.980194568634033 361
3.987320899963379 361
3.994926929473877 361
4.00156044960022 360
4.009417772293091 359
4.01679253578186 359
4.022998571395874 360
4.029703855514526 360
4.037036895751953 360
4.04321551322937 361
4.051213979721069 362
4.058449029922485 363
4.0649755001068115 364
4.072067975997925 364
4.078996181488037 363
4.086336612701416 362
4.092531442642212 362
4.101264238357544 362
4.108551263809204 362
4.116335868835449 362
4.122514009475708 362
4.129500150680542 360
4.136850118637085 359
4.143065690994263 359
4.151139974594116 358
4.158451318740845 359
4.165000915527344 360
4.171564102172852 360
4.178792238235474 360
4.185692071914673 361
4.193477153778076 362
4.201684474945068 363
4.2089221477508545 363
4.217395305633545 363
4.226702690124512 362
4.236284971237183 360
4.244379043579102 359
4.256316900253296 359
4.26449728012085 360
4.273677349090576 362
4.283135652542114 363
4.292388439178467 363
4.301419019699097 363
4.308884382247925 362
4.316617012023926 362
4.322920083999634 361
4.330044984817505 360
4.3371546268463135 360
4.343674898147583 360
4.351958751678467 362
4.363048315048218 364
4.37031626701355 365
4.377641439437866 366
4.384064197540283 366
4.3912975788116455 366
4.398573398590088 365
4.406825542449951 365
4.413005590438843 365
4.42048454284668 364
4.428116083145142 364
4.434255599975586 364
4.441215753555298 364
4.448432445526123 363
4.457641124725342 362
4.464060068130493 361
4.470954418182373 361
4.478338718414307 361
4.484411716461182 361
4.491538763046265 361
4.498795509338379 360
4.506890535354614 359
4.513142108917236 358
4.520665884017944 357
4.529193639755249 357
4.536558628082275 358
4.5428338050842285 358
4.550004482269287 359
4.558334589004517 360
4.5644190311431885 361
4.571367979049683 362
4.578632593154907 362
4.585533618927002 361
4.592291593551636 360
4.599116802215576 360
4.607431888580322 360
4.613638639450073 360
4.6211771965026855 362
4.628911972045898 363
4.637000799179077 364
4.643218994140625 365
4.650274753570557 365
4.658585548400879 365
4.6655707359313965 364
4.672354459762573 364
4.679201126098633 363
4.6881327629089355 363
4.694319248199463 363
4.703582286834717 362
4.711467981338501 362
4.718986988067627 362
4.726889133453369 361
4.733161926269531 360
4.740956783294678 360
4.74832558631897 360
4.758661508560181 360
4.766882658004761 362
4.773146152496338 363
4.780350685119629 363
4.788047552108765 363
4.79499626159668 362
4.8016037940979 362
4.809677362442017 361
4.817090749740601 360
4.8232972621917725 360
4.830960512161255 360
4.838261365890503 360
4.844326734542847 361
4.851436138153076 362
4.859549283981323 364
4.8669233322143555 364
4.873165130615234 364
4.880229234695435 364
4.8873350620269775 364
4.893606901168823 363
4.900646924972534 362
4.908228397369385 362
4.916321277618408 362
4.922518968582153 362
4.929326772689819 360
4.93715763092041 360
4.943331718444824 359
4.950403928756714 359
4.957537651062012 360
4.965590476989746 361
4.972301006317139 362
4.979666471481323 362
4.987059593200684 362
4.993271589279175 361
5.0003345012664795 360
