0 0 
0.013345479965209961 0
0.019449472427368164 0
0.029199838638305664 1
0.03907942771911621 3
0.048972368240356445 6
0.06175732612609863 11
0.0718083381652832 16
0.08217382431030273 21
0.09321808815002441 27
0.10400629043579102 36
0.11505270004272461 43
0.12229585647583008 49
0.12859749794006348 55
0.13917970657348633 63
0.1462709903717041 68
0.15357613563537598 73
0.16173195838928223 80
0.17069077491760254 89
0.17760467529296875 94
0.18447661399841309 101
0.193068265914917 108
0.20226097106933594 117
0.20860958099365234 123
0.21574759483337402 128
0.22395110130310059 135
0.23345708847045898 145
0.24049019813537598 152
0.24709391593933105 158
0.2551906108856201 165
0.2642970085144043 175
0.27175426483154297 181
0.28000354766845703 191
0.28665733337402344 196
0.294635534286499 204
0.30806660652160645 217
0.3155827522277832 223
0.3252580165863037 233
0.3326900005340576 241
0.3405933380126953 247
0.3492472171783447 255
0.35634446144104004 260
0.3637068271636963 264
0.3732566833496094 271
0.37946414947509766 275
0.38652515411376953 278
0.39449620246887207 283
0.40244555473327637 287
0.40900707244873047 290
0.41609835624694824 294
0.42348790168762207 297
0.4305112361907959 302
0.4378988742828369 304
0.4459397792816162 308
0.45337486267089844 310
0.45999741554260254 313
0.4666430950164795 315
0.47397899627685547 317
0.4815711975097656 319
0.4879786968231201 321
0.49617576599121094 322
0.5042436122894287 323
0.5119950771331787 325
0.5182685852050781 326
0.5253522396087646 328
0.5326087474822998 330
0.5399940013885498 332
0.5479729175567627 333
0.5553069114685059 334
0.5631067752838135 336
0.5693035125732422 337
0.5763394832611084 338
0.5836877822875977 339
0.5907425880432129 339
0.5982162952423096 339
0.6053125858306885 339
0.6126236915588379 340
0.619166374206543 341
0.6262025833129883 342
0.6335177421569824 343
0.6404938697814941 344
0.6485111713409424 345
0.655658483505249 346
0.6631457805633545 347
0.669313907623291 348
0.6764991283416748 349
0.683892011642456 350
0.6914010047912598 351
0.6984837055206299 351
0.7086842060089111 351
0.7178952693939209 351
0.7251291275024414 352
0.732560396194458 353
0.7390868663787842 354
0.7477281093597412 355
0.7545919418334961 355
0.7620246410369873 354
0.7683210372924805 353
0.7754154205322266 352
0.7825806140899658 352
0.789104700088501 352
0.797579288482666 353
0.8044223785400391 355
0.8117990493774414 355
0.8180422782897949 356
0.8252627849578857 356
0.8324520587921143 356
0.8387308120727539 355
0.8477303981781006 355
0.8549785614013672 354
0.8622136116027832 354
0.8684630393981934 354
0.875596284866333 353
0.8830764293670654 352
0.8892850875854492 351
0.8962869644165039 351
0.9043405055999756 351
0.9119269847869873 352
0.9191794395446777 353
0.9261829853057861 354
0.9334940910339355 355
0.9404151439666748 357
0.9466466903686523 357
0.9556598663330078 357
0.96307373046875 356
0.9693057537078857 355
0.9764690399169922 354
0.9838614463806152 354
0.9910731315612793 355
0.9976718425750732 355
1.0055792331695557 355
1.0137758255004883 354
1.0223705768585205 353
1.0286176204681396 352
1.0360291004180908 351
1.0434374809265137 351
1.0500004291534424 352
1.058220386505127 353
1.0653185844421387 354
1.0725288391113281 355
1.0790483951568604 355
1.086198091506958 354
1.0937201976776123 353
1.1006271839141846 352
1.1133501529693604 351
1.1206529140472412 352
1.1274397373199463 353
1.1344714164733887 354
1.1419098377227783 355
1.1482257843017578 356
1.157444953918457 356
1.1644322872161865 356
1.1718473434448242 355
1.1781094074249268 354
1.1852612495422363 353
1.1924211978912354 353
1.1986677646636963 353
1.207284688949585 353
1.2143568992614746 355
1.2217421531677246 356
1.2279942035675049 357
1.2350623607635498 357
1.2422375679016113 356
1.2485182285308838 355
1.2575347423553467 355
1.2643694877624512 355
1.2719104290008545 355
1.2781777381896973 355
1.2852704524993896 354
1.2924509048461914 353
1.298994779586792 352
1.3071484565734863 351
1.3141164779663086 352
1.3215131759643555 353
1.3279078006744385 353
1.335146427154541 355
1.3424532413482666 355
1.3487305641174316 355
1.3570940494537354 355
1.3646185398101807 353
1.3720078468322754 353
1.3782858848571777 352
1.3853812217712402 352
1.3927099704742432 353
1.3992080688476562 354
1.4062106609344482 355
1.4142768383026123 355
1.4217188358306885 354
1.428044319152832 353
1.4351248741149902 353
1.4422681331634521 353
1.448563575744629 353
1.455944299697876 354
1.4645094871520996 356
1.4720838069915771 357
1.4783365726470947 358
1.485442876815796 359
1.4925975799560547 359
1.4991488456726074 358
1.506185531616211 357
1.5190105438232422 357
1.527604103088379 356
1.5346190929412842 356
1.5421316623687744 357
1.5483670234680176 356
1.5554533004760742 356
1.5642406940460205 355
1.5718052387237549 355
1.5780391693115234 355
1.5850722789764404 355
1.5922272205352783 354
1.598508358001709 353
1.605762243270874 351
1.6140496730804443 351
1.6214754581451416 351
1.6277189254760742 351
1.6347107887268066 352
1.6421282291412354 353
1.6484143733978271 353
1.6554794311523438 354
1.6636934280395508 355
1.6716094017028809 356
1.6779131889343262 356
1.6849818229675293 355
1.6923456192016602 355
1.6986169815063477 354
1.7057340145111084 354
1.7141461372375488 354
1.7215931415557861 353
1.7278945446014404 353
1.735231876373291 353
1.7424352169036865 353
1.7486999034881592 355
1.7561392784118652 356
1.764315128326416 356
1.7721836566925049 355
1.7784686088562012 355
1.7856221199035645 354
1.7931313514709473 353
1.7993464469909668 353
1.8063490390777588 353
1.814554214477539 354
1.8219940662384033 355
1.8282661437988281 356
1.8353557586669922 356
1.842559814453125 356
1.8490667343139648 356
1.856020450592041 356
1.86356782913208 355
1.8723368644714355 355
1.8786120414733887 354
1.8857553005218506 354
1.8933022022247314 355
1.899489402770996 354
1.9065027236938477 353
1.920649528503418 352
1.9273903369903564 352
1.9345393180847168 353
1.9420993328094482 354
1.9483907222747803 354
1.9555039405822754 355
1.9626665115356445 355
1.9710192680358887 354
1.978036642074585 353
1.9850802421569824 352
1.9940674304962158 352
2.001460313796997 352
2.007694721221924 353
2.014530658721924 354
2.0227341651916504 355
2.0293023586273193 356
2.0383141040802 356
2.045755386352539 355
2.05342960357666 355
2.0604662895202637 354
2.066697359085083 353
2.0754685401916504 353
2.082608699798584 353
2.0891246795654297 353
2.096146583557129 353
2.1034305095672607 354
2.1100258827209473 355
2.121868371963501 357
2.131411075592041 357
2.1399574279785156 356
2.149137020111084 355
2.1581549644470215 354
2.167748212814331 354
2.1792476177215576 356
2.188283920288086 356
2.201367139816284 355
2.207756757736206 355
2.2145838737487793 354
2.223172664642334 353
2.2293927669525146 353
2.236581325531006 353
2.243858814239502 354
2.251044511795044 355
2.25764536857605 355
2.2644951343536377 355
2.2726571559906006 355
2.2791528701782227 354
2.2865958213806152 353
2.2940683364868164 352
2.3015425205230713 351
2.3078525066375732 351
2.3186018466949463 352
2.327202081680298 353
2.334362745285034 355
2.341885566711426 355
2.3481709957122803 355
2.3554301261901855 355
2.3625717163085938 354
2.3691599369049072 353
2.3773534297943115 352
2.385100841522217 352
2.39223313331604 352
2.398512840270996 353
2.4056570529937744 354
2.413259267807007 355
2.419487714767456 356
2.4278385639190674 356
2.4346721172332764 355
2.4420361518859863 354
2.4482908248901367 353
2.455387592315674 353
2.4625585079193115 353
2.469010829925537 354
2.4773824214935303 355
2.4842634201049805 356
2.492187023162842 356
2.498631715774536 356
2.505711555480957 356
2.5133488178253174 355
2.519906759262085 354
2.5278398990631104 353
2.5350661277770996 353
2.5431790351867676 353
2.550544500350952 354
2.557108163833618 355
2.5640625953674316 357
2.571526288986206 357
2.578565835952759 357
2.5856921672821045 357
2.593785285949707 357
2.60073184967041 357
2.607365846633911 356
2.6142139434814453 355
2.621626853942871 355
2.628600835800171 355
2.63572096824646 354
2.6433863639831543 353
2.649909734725952 352
2.6567018032073975 352
2.6640377044677734 352
2.671494722366333 353
2.678565263748169 354
2.6857049465179443 355
2.693624258041382 355
2.700587511062622 355
2.707117795944214 355
2.725125789642334 351
2.73364520072937 350
2.7406165599823 349
2.7474403381347656 349
2.754297971725464 349
2.761752128601074 350
2.7680413722991943 351
2.775308132171631 351
2.7836453914642334 351
2.7906150817871094 352
2.797847270965576 353
2.8046913146972656 354
2.8121793270111084 354
2.818460464477539 354
2.8255913257598877 354
2.8339951038360596 352
2.8414149284362793 351
2.847728967666626 351
2.854580879211426 351
2.861989736557007 351
2.8682470321655273 352
2.8753695487976074 353
2.8837318420410156 355
2.8907108306884766 356
2.8980674743652344 356
2.9053406715393066 355
2.91361141204834 355
2.9206130504608154 354
2.9272828102111816 353
2.9353201389312744 353
2.9425549507141113 352
2.9490535259246826 352
2.956237316131592 353
2.9635396003723145 353
2.970522880554199 354
2.977116584777832 355
2.985074996948242 356
2.9922845363616943 356
2.999258279800415 355
3.006298780441284 354
3.0137641429901123 354
3.0209801197052 353
3.027371644973755 354
3.035477876663208 354
3.0426321029663086 355
3.04914927482605 355
3.05808424949646 355
3.0655672550201416 354
3.073263645172119 353
3.0793983936309814 353
3.087665319442749 353
3.0945229530334473 355
3.102426052093506 355
3.1086761951446533 356
3.120466947555542 355
3.1271538734436035 354
3.1375138759613037 352
3.144517421722412 351
3.1523420810699463 350
3.1586592197418213 350
3.1661441326141357 351
3.1734917163848877 351
3.1804959774017334 352
3.188079595565796 353
3.195326566696167 353
3.207103729248047 353
3.214114189147949 353
3.22149920463562 353
3.2278122901916504 354
3.2350900173187256 355
3.243467092514038 357
3.250403881072998 357
3.258237838745117 357
3.2653489112854004 357
3.2725541591644287 356
3.2790942192077637 356
3.2861216068267822 355
3.2943685054779053 355
3.301751136779785 355
3.3093535900115967 354
3.3189690113067627 353
3.325986623764038 352
3.3333892822265625 352
3.341672420501709 353
3.3480284214019775 353
3.3550703525543213 353
3.362276315689087 354
3.3685617446899414 355
3.3760271072387695 354
3.3834593296051025 353
3.391653299331665 353
3.3979387283325195 353
3.4050099849700928 353
3.4126269817352295 355
3.4191720485687256 356
3.426388740539551 357
3.4338557720184326 358
3.441972017288208 358
3.4482476711273193 358
3.4553680419921875 357
3.4625895023345947 357
3.469095468521118 357
3.476125478744507 356
3.4835100173950195 355
3.4904963970184326 355
3.498051881790161 355
3.5051050186157227 355
3.5171613693237305 354
3.524549961090088 353
3.532111644744873 351
3.5383903980255127 351
3.546602725982666 351
3.554253339767456 351
3.5616602897644043 352
3.568011999130249 353
3.575080156326294 355
3.5823190212249756 355
3.5886213779449463 355
3.5969784259796143 355
3.604048490524292 354
3.6121883392333984 353
3.6184515953063965 351
3.6256210803985596 351
3.6327311992645264 351
3.639246702194214 351
3.647529125213623 351
3.654390811920166 353
3.6618611812591553 354
3.6681416034698486 355
3.675474166870117 355
3.683145523071289 354
3.6893746852874756 353
3.6977148056030273 353
3.704594373703003 353
3.71199631690979 353
3.7187063694000244 353
3.725973129272461 355
3.7335424423217773 356
3.740525007247925 356
3.748033285140991 356
3.7551209926605225 356
3.7622947692871094 356
3.7685675621032715 355
3.775752067565918 355
3.7832882404327393 354
3.7894809246063232 354
3.7979719638824463 353
3.8050808906555176 353
3.8124239444732666 353
3.818706750869751 353
3.8273563385009766 354
3.834240198135376 355
3.841627836227417 357
3.848740816116333 357
3.8561832904815674 357
3.8634655475616455 357
3.870459794998169 356
3.876708745956421 355
3.884104013442993 355
3.8914880752563477 355
3.898564100265503 355
3.905682325363159 354
3.9183945655822754 351
3.92572283744812 351
3.9333505630493164 350
3.939518690109253 351
3.9471511840820312 352
3.9551687240600586 352
3.9623327255249023 352
3.968632936477661 352
3.9760096073150635 353
3.9834043979644775 353
3.9899933338165283 355
3.99666166305542 355
4.004982233047485 355
4.012157201766968 355
4.0184009075164795 354
4.026172637939453 353
4.033720016479492 351
4.040650129318237 351
4.04716944694519 351
4.05513596534729 351
4.062321424484253 353
4.0686118602752686 353
4.076096057891846 353
4.083468675613403 354
4.0904388427734375 355
4.097193479537964 355
4.105030298233032 355
4.112245321273804 355
4.118514060974121 354
4.125668525695801 353
4.133158922195435 352
4.139357089996338 352
4.146391868591309 352
4.154597282409668 353
4.162018775939941 354
4.168262720108032 355
4.175370216369629 355
4.182568788528442 355
4.189042091369629 355
4.198482990264893 353
4.210694789886475 352
4.220543146133423 353
4.230985403060913 353
4.239511013031006 354
4.249119758605957 355
4.259505987167358 355
4.268725395202637 355
4.2765302658081055 354
4.283939838409424 353
4.291334629058838 351
4.297574043273926 351
4.305751085281372 351
4.313394784927368 351
4.325255632400513 353
4.334160566329956 354
4.343181133270264 355
4.349367618560791 356
4.357759952545166 356
4.364609718322754 356
4.372039556503296 355
4.378287315368652 354
4.385462760925293 354
4.393137693405151 353
4.39930534362793 353
4.407381057739258 353
4.4143054485321045 355
4.421766519546509 355
4.42803430557251 356
4.435474872589111 355
4.442659616470337 355
4.449231863021851 354
4.456584930419922 353
4.465128421783447 353
4.472266435623169 353
4.478518486022949 353
4.48567795753479 354
4.493139982223511 355
4.4993321895599365 356
4.50638484954834 355
4.514701843261719 355
4.522188663482666 354
4.528469562530518 354
4.536244630813599 353
4.543602705001831 353
4.550598382949829 352
4.55715537071228 352
4.5651915073394775 353
4.572589874267578 353
4.579088449478149 354
4.586132287979126 355
4.59362268447876 355
4.60062050819397 355
4.607135057449341 355
4.61513352394104 354
4.622314214706421 353
4.628652095794678 352
4.636589288711548 351
4.643919467926025 351
4.651325464248657 351
4.657739877700806 352
4.665665864944458 353
4.673149347305298 353
4.679318904876709 353
4.68629002571106 354
4.693814992904663 355
4.701019525527954 356
4.707436561584473 356
4.715394973754883 356
4.728518724441528 354
4.735741853713989 353
4.74392032623291 353
4.751543283462524 354
4.757892370223999 354
4.765679121017456 355
4.773156404495239 355
4.779355049133301 355
4.786391258239746 354
4.793745756149292 353
4.800738573074341 352
4.8074212074279785 351
4.815601110458374 352
4.82308030128479 353
4.829272031784058 353
4.836309909820557 353
4.84523344039917 353
4.852565050125122 354
4.859099626541138 355
4.867321968078613 357
4.874377489089966 357
4.881789207458496 357
4.888068437576294 356
4.895216226577759 355
4.902407169342041 355
4.908685684204102 355
4.918092250823975 355
4.925199031829834 354
4.932680130004883 353
4.939214706420898 352
4.946741342544556 351
4.954084157943726 351
4.9614269733428955 352
4.968502998352051 353
4.975670576095581 354
4.9833152294158936 354
4.989459753036499 354
4.996603965759277 353
5.0039331912994385 352
