0 0 
0.011530876159667969 0
0.017981529235839844 0
0.024633407592773438 1
0.031986236572265625 2
0.039353132247924805 3
0.045461416244506836 5
0.05516695976257324 9
0.06264090538024902 12
0.07022619247436523 16
0.07643532752990723 19
0.08343720436096191 23
0.09056854248046875 27
0.09679174423217773 31
0.10512161254882812 37
0.11249756813049316 43
0.11992883682250977 47
0.12618350982666016 53
0.13338327407836914 58
0.140533447265625 65
0.14675045013427734 70
0.1550447940826416 77
0.1620633602142334 83
0.1694481372833252 89
0.1756443977355957 94
0.1824338436126709 101
0.18998193740844727 106
0.19619488716125488 113
0.20325922966003418 121
0.21207046508789062 128
0.21994972229003906 134
0.226179838180542 141
0.23322153091430664 147
0.24032330513000488 154
0.24652624130249023 160
0.253751277923584 168
0.2621009349822998 175
0.26944589614868164 181
0.27576756477355957 187
0.2825748920440674 195
0.2899477481842041 200
0.29615163803100586 208
0.30318450927734375 214
0.31162309646606445 222
0.31965065002441406 229
0.32592296600341797 235
0.3327364921569824 243
0.34020113945007324 251
0.3464179039001465 257
0.3534228801727295 263
0.3617136478424072 270
0.3686177730560303 278
0.375385046005249 284
0.38222765922546387 292
0.3931844234466553 302
0.4004380702972412 309
0.4080541133880615 316
0.41472673416137695 321
0.4223906993865967 327
0.4299452304840088 331
0.4361419677734375 335
0.44318366050720215 339
0.4505002498626709 342
0.45673370361328125 345
0.4646928310394287 347
0.4719722270965576 348
0.4791295528411865 350
0.4854750633239746 351
0.49251508712768555 351
0.4999220371246338 352
0.50612473487854 353
0.5139493942260742 354
0.52176833152771 355
0.528761625289917 357
0.5353355407714844 358
0.5421736240386963 359
0.5496501922607422 360
0.5558478832244873 361
0.5651917457580566 360
0.572113037109375 359
0.5795743465423584 359
0.5858261585235596 359
0.5926163196563721 359
0.5999424457550049 359
0.6060910224914551 359
0.6142401695251465 359
0.621584415435791 358
0.6294071674346924 358
0.6354954242706299 358
0.6423017978668213 358
0.6496422290802002 358
0.6558294296264648 357
0.6637086868286133 357
0.6712386608123779 356
0.677325963973999 356
0.6843044757843018 356
0.6914992332458496 356
0.6976025104522705 355
0.7045397758483887 354
0.7127554416656494 353
0.7201812267303467 353
0.726783037185669 354
0.7340786457061768 355
0.7420995235443115 356
0.7518646717071533 358
0.7613143920898438 360
0.7718234062194824 361
0.7813503742218018 361
0.7945799827575684 362
0.8041782379150391 361
0.813450813293457 361
0.8234004974365234 359
0.8312687873840332 358
0.8373847007751465 356
0.8444979190826416 355
0.8518686294555664 355
0.858788013458252 355
0.8661868572235107 355
0.8732895851135254 354
0.8803725242614746 353
0.886641263961792 353
0.8936893939971924 352
0.900728702545166 352
0.9071617126464844 352
0.9142484664916992 353
0.922250509262085 355
0.9296839237213135 356
0.9364109039306641 358
0.9434506893157959 359
0.9505484104156494 360
0.9566774368286133 360
0.9636781215667725 360
0.9720199108123779 360
0.9790809154510498 359
0.9862332344055176 359
0.9933276176452637 360
1.000396966934204 360
1.0065009593963623 360
1.0134077072143555 360
1.0214695930480957 360
1.027472972869873 360
1.0354666709899902 359
1.0424542427062988 360
1.0498075485229492 360
1.0559842586517334 361
1.0627496242523193 360
1.071777582168579 359
1.080312728881836 359
1.0865118503570557 360
1.0936615467071533 360
1.101123571395874 360
1.1071441173553467 360
1.1137802600860596 360
1.121753215789795 360
1.1286733150482178 359
1.1357600688934326 360
1.1425507068634033 360
1.1500072479248047 360
1.1562035083770752 360
1.1632578372955322 359
1.1717329025268555 360
1.178586721420288 361
1.1846923828125 361
1.1958789825439453 360
1.2027864456176758 359
1.2103567123413086 359
1.2165329456329346 358
1.2253360748291016 357
1.2323293685913086 357
1.240046501159668 357
1.246253252029419 357
1.2533299922943115 357
1.2604258060455322 357
1.2666287422180176 356
1.275364637374878 355
1.2822020053863525 354
1.2895381450653076 354
1.2957208156585693 355
1.302537202835083 355
1.3099515438079834 355
1.3160834312438965 355
1.3239960670471191 355
1.3314547538757324 354
1.3375658988952637 353
1.3454368114471436 352
1.3522446155548096 351
1.3597781658172607 351
1.3660147190093994 352
1.3739519119262695 353
1.3814160823822021 354
1.3875179290771484 356
1.394627332687378 357
1.401972770690918 357
1.4090662002563477 359
1.4153831005096436 359
1.4221994876861572 359
1.4303512573242188 359
1.4365613460540771 358
1.4442834854125977 358
1.4516925811767578 358
1.458583116531372 357
1.4650380611419678 357
1.4720544815063477 357
1.4802567958831787 357
1.486407995223999 357
1.4936575889587402 357
1.5007014274597168 356
1.5071830749511719 355
1.5143022537231445 354
1.5215399265289307 354
1.529700756072998 355
1.5359573364257812 355
1.5427327156066895 355
1.5505626201629639 356
1.5567348003387451 355
1.5637056827545166 355
1.5712692737579346 353
1.5796730518341064 352
1.5866239070892334 351
1.5974977016448975 352
1.6046051979064941 353
1.6120195388793945 354
1.6196107864379883 355
1.6258900165557861 357
1.6340148448944092 359
1.6412720680236816 359
1.648529052734375 360
1.6547951698303223 361
1.6620545387268066 360
1.6693828105926514 360
1.6754982471466064 359
1.683279037475586 360
1.6904447078704834 361
1.6966607570648193 361
1.7037265300750732 360
1.7107560634613037 359
1.7171831130981445 359
1.7242066860198975 360
1.7321598529815674 361
1.7394285202026367 361
1.7455894947052002 360
1.75319242477417 359
1.7602598667144775 359
1.7665841579437256 359
1.7736167907714844 360
1.781846284866333 361
1.7887287139892578 360
1.7951953411102295 360
1.8020691871643066 359
1.809746265411377 359
1.816023349761963 360
1.8227643966674805 360
1.8300480842590332 360
1.8372278213500977 360
1.844041347503662 360
1.851236343383789 360
1.8585155010223389 359
1.8651890754699707 359
1.8722217082977295 360
1.8796477317810059 360
1.886613368988037 360
1.8935322761535645 360
1.900526523590088 360
1.906651258468628 360
1.9136202335357666 360
1.9205615520477295 360
1.9266433715820312 360
1.935194730758667 360
1.9420158863067627 360
1.9490556716918945 360
1.9558205604553223 360
1.9625449180603027 360
1.9697866439819336 360
1.9759087562561035 360
1.984541416168213 360
1.998051404953003 360
2.0046253204345703 360
2.0120816230773926 360
2.019137144088745 360
2.02545166015625 360
2.03216552734375 360
2.0402514934539795 360
2.0463263988494873 360
2.0534627437591553 360
2.0612223148345947 360
2.067227602005005 360
2.0739879608154297 360
2.0812642574310303 360
2.0895819664001465 360
2.097560167312622 360
2.1044275760650635 360
2.111682415008545 360
2.118093490600586 360
2.124547004699707 360
2.131744384765625 360
2.1399409770965576 360
2.146063804626465 360
2.152698040008545 360
2.1604535579681396 360
2.1665539741516113 360
2.173635482788086 360
2.1805996894836426 360
2.188457489013672 360
2.1945817470550537 360
2.2017669677734375 360
2.2085371017456055 360
2.214613437652588 360
2.2217767238616943 360
2.2285430431365967 360
2.234785556793213 360
2.2426769733428955 360
2.249931812286377 360
2.2560107707977295 360
2.267493486404419 360
2.274601459503174 360
2.281785249710083 360
2.289665699005127 360
2.2958576679229736 360
2.3025288581848145 360
2.3098087310791016 360
2.315927505493164 360
2.3225784301757812 360
2.3298563957214355 360
2.335934638977051 360
2.3436412811279297 360
2.3511269092559814 360
2.3571388721466064 360
2.364434242248535 360
2.3716869354248047 360
2.378070592880249 360
2.3845157623291016 360
2.396441698074341 360
2.4036455154418945 360
2.4112095832824707 360
2.417214870452881 360
2.424222469329834 360
2.4313669204711914 360
2.4373652935028076 360
2.4454286098480225 360
2.4521610736846924 360
2.459404230117798 360
2.465423107147217 360
2.4727861881256104 360
2.480053186416626 360
2.486208438873291 360
2.494187593460083 360
2.5013530254364014 360
2.507343053817749 360
2.5141963958740234 360
2.5213615894317627 360
2.527341365814209 360
2.5343635082244873 360
2.5414493083953857 360
2.549534320831299 360
2.555609703063965 360
2.5623369216918945 360
2.569992780685425 360
2.576167345046997 360
2.583037853240967 360
2.5902152061462402 360
2.597311019897461 360
2.612003803253174 360
2.6190786361694336 360
2.6252710819244385 360
2.6321380138397217 360
2.6393516063690186 360
2.6463282108306885 360
2.653442144393921 360
2.660708427429199 360
2.667048215866089 360
2.6744136810302734 360
2.6815335750579834 360
2.6875243186950684 360
2.69543719291687 360
2.702192544937134 360
2.7095983028411865 360
2.7157461643218994 360
2.722456932067871 360
2.7297539710998535 360
2.735900640487671 360
2.742576837539673 360
2.750652551651001 360
2.7567667961120605 360
2.7637269496917725 360
2.771188735961914 360
2.7780675888061523 360
2.784590005874634 360
2.7919704914093018 360
2.803565263748169 360
2.810744285583496 360
2.8170952796936035 360
2.825934648513794 360
2.83534836769104 360
2.8440334796905518 360
2.8542797565460205 360
2.8633854389190674 360
2.8721847534179688 360
2.882028341293335 360
2.8914427757263184 360
2.9015121459960938 360
2.9080045223236084 360
2.9145100116729736 360
2.9218087196350098 360
2.9285953044891357 360
2.9346654415130615 360
2.9418370723724365 360
2.9486398696899414 360
2.95597767829895 360
2.96268630027771 360
2.9699480533599854 360
2.976079225540161 360
2.984255790710449 360
2.991447687149048 360
2.997432231903076 360
3.0055065155029297 360
3.0123462677001953 360
3.0195486545562744 360
3.0257577896118164 360
3.032473564147949 360
3.039680242538452 360
3.0458614826202393 360
3.053758382797241 360
3.060741901397705 360
3.0671095848083496 360
3.074087619781494 360
3.081707000732422 360
3.0884807109832764 360
3.0946171283721924 360
3.1025683879852295 360
3.110480308532715 360
3.119313955307007 360
3.1253573894500732 360
3.132269859313965 360
3.139554500579834 360
3.1457512378692627 360
3.153491735458374 360
3.1605167388916016 360
3.166642665863037 360
3.173616647720337 360
3.180727243423462 360
3.1875314712524414 360
3.1995298862457275 360
3.206388473510742 360
3.2135009765625 360
3.220679759979248 360
3.226789712905884 360
3.2337803840637207 360
3.240729331970215 360
3.2471022605895996 360
3.255235195159912 360
3.262141704559326 360
3.2719850540161133 360
3.279017448425293 360
3.285208225250244 360
3.292534351348877 360
3.2998123168945312 360
3.3074989318847656 360
3.3147177696228027 360
3.3231637477874756 360
3.3301751613616943 360
3.3362905979156494 360
3.3432435989379883 360
3.350250005722046 360
3.357361316680908 360
3.36423921585083 360
3.3715906143188477 360
3.3780393600463867 360
3.387087345123291 360
3.3943727016448975 360
3.401503324508667 360
3.4100241661071777 360
3.4161858558654785 360
3.423149824142456 360
3.430323362350464 360
3.4363961219787598 360
3.4435434341430664 360
3.4505341053009033 360
3.458059072494507 360
3.4660160541534424 360
3.472705841064453 360
3.4799883365631104 360
3.486114025115967 360
3.493685007095337 360
3.5006439685821533 360
3.50675106048584 360
3.514643669128418 360
3.523176670074463 360
3.5312416553497314 360
3.5372960567474365 360
3.544161796569824 360
3.5514771938323975 360
3.557501792907715 360
3.5654139518737793 360
3.572383165359497 360
3.5796256065368652 360
3.585765838623047 360
3.59247088432312 360
3.604397773742676 360
3.612595319747925 360
3.6200530529022217 360
3.6262094974517822 360
3.633138656616211 360
3.640169382095337 360
3.6462643146514893 360
3.6532726287841797 360
3.660297393798828 360
3.667510509490967 360
3.6745083332061768 360
3.6816537380218506 360
3.688086748123169 360
3.694585084915161 360
3.7023813724517822 360
3.7097249031066895 360
3.716698169708252 360
3.7236454486846924 360
3.7307920455932617 360
3.737173557281494 360
3.744001865386963 360
3.751195192337036 360
3.75720477104187 360
3.765235185623169 360
3.7720694541931152 360
3.779120445251465 360
3.7853596210479736 360
3.7922494411468506 360
3.799917697906494 360
3.806039810180664 360
3.813717842102051 360
3.8207170963287354 360
3.827101945877075 360
3.8340747356414795 360
3.8412716388702393 360
3.847255229949951 360
3.8542683124542236 360
3.8614492416381836 360
3.8695595264434814 360
3.8756625652313232 360
3.882324457168579 360
3.889587640762329 360
3.895719289779663 360
3.903141975402832 360
3.91032075881958 360
3.917532444000244 360
3.9243714809417725 360
3.9315056800842285 360
3.937509536743164 360
3.9445676803588867 360
3.951773166656494 360
3.958540201187134 360
3.964775323867798 360
3.9733214378356934 360
3.98142147064209 360
3.987416982650757 360
3.994276523590088 360
4.005432605743408 360
4.012315273284912 360
4.020561695098877 360
4.02667498588562 360
4.035145282745361 360
4.041964530944824 360
4.048765182495117 360
4.055180072784424 360
4.062035799026489 360
4.070078372955322 360
4.076198577880859 360
4.0831193923950195 360
4.090325832366943 360
4.0964133739471436 360
4.1033570766448975 360
4.110731601715088 360
4.117086410522461 360
4.124697685241699 360
4.131861209869385 360
4.138627290725708 360
4.144716262817383 360
4.15201473236084 360
4.159040689468384 360
4.165221929550171 360
4.172683477401733 360
4.179975748062134 360
4.186082601547241 360
4.192729711532593 360
4.200006723403931 360
4.206112623214722 360
4.213668584823608 360
4.221946477890015 360
4.228710412979126 360
4.235037803649902 360
4.241981744766235 360
4.249047040939331 360
4.25526237487793 360
4.2620849609375 360
4.269137620925903 360
4.276671648025513 360
4.283633708953857 360
4.290615558624268 360
4.296720027923584 360
4.303703784942627 360
4.311536550521851 360
4.317558526992798 360
4.325633525848389 360
4.332477331161499 360
4.3397111892700195 360
4.345882415771484 360
4.352713346481323 360
4.359996795654297 360
4.366150617599487 360
4.3740527629852295 360
4.381241083145142 360
4.387256622314453 360
4.394317626953125 360
4.405147075653076 360
4.412592887878418 360
4.420047283172607 360
4.427278518676758 360
4.434221506118774 360
4.441416501998901 360
4.44739842414856 360
4.454428434371948 360
4.461570739746094 360
4.467590570449829 360
4.475809574127197 360
4.482662916183472 360
4.489888429641724 360
4.495987176895142 360
4.502647638320923 360
4.510095119476318 360
4.516616344451904 360
4.523582696914673 360
4.5316853523254395 360
4.538527011871338 360
4.5471885204315186 360
4.554004192352295 360
4.5612475872039795 360
4.5672383308410645 360
4.574234962463379 360
4.582117557525635 360
4.589340448379517 360
4.595357656478882 360
4.602095603942871 360
4.6107165813446045 360
4.617491960525513 360
4.624356269836426 360
4.6324615478515625 360
4.639716148376465 360
4.645857572555542 360
4.652554035186768 360
4.6598381996154785 360
4.665948867797852 360
4.67261266708374 360
4.680541515350342 360
4.686656713485718 360
4.693745851516724 360
4.700706481933594 360
4.707034349441528 360
4.713780641555786 360
4.721532821655273 360
4.7275121212005615 360
4.735395669937134 360
4.742326498031616 360
4.749693155288696 360
4.755822658538818 360
4.7625062465667725 360
4.769798755645752 360
4.775925874710083 360
4.783542156219482 360
4.790516376495361 360
4.7966461181640625 360
4.807485580444336 360
4.814621448516846 360
4.8224382400512695 360
4.830652713775635 360
4.836779832839966 360
4.843700408935547 360
4.85066032409668 360
4.85676383972168 360
4.86370587348938 360
4.871175765991211 360
4.877164840698242 360
4.885185718536377 360
4.8920674324035645 360
4.899118661880493 360
4.908684968948364 360
4.9171319007873535 360
4.926668643951416 360
4.937303304672241 360
4.946172475814819 360
4.954651117324829 360
4.963645696640015 360
4.972520589828491 360
4.98197340965271 360
4.990200757980347 360
4.996338605880737 360
5.003537178039551 360
