0 0 
0.011399030685424805 0
0.021097660064697266 0
0.028149127960205078 1
0.03493666648864746 2
0.04566788673400879 7
0.058107852935791016 10
0.06489896774291992 12
0.07282066345214844 16
0.08195090293884277 22
0.08951163291931152 26
0.09577679634094238 29
0.10366678237915039 33
0.11284470558166504 36
0.12004995346069336 39
0.12754464149475098 43
0.13649225234985352 47
0.1441352367401123 50
0.151580810546875 53
0.15966582298278809 57
0.16965603828430176 62
0.17596912384033203 65
0.18321657180786133 68
0.19071030616760254 71
0.1997525691986084 73
0.20596981048583984 75
0.2154679298400879 78
0.22656488418579102 83
0.23929357528686523 89
0.2494363784790039 93
0.26087093353271484 97
0.27005815505981445 99
0.28124547004699707 101
0.2920396327972412 105
0.30140256881713867 109
0.31264543533325195 111
0.3226161003112793 116
0.33275341987609863 121
0.3436157703399658 127
0.352733850479126 129
0.36206984519958496 132
0.37187814712524414 135
0.3831214904785156 139
0.3924882411956787 143
0.402937650680542 146
0.410081148147583 148
0.41658854484558105 149
0.42647647857666016 152
0.43382811546325684 154
0.44129228591918945 156
0.4556117057800293 161
0.46283411979675293 162
0.47151875495910645 165
0.4809424877166748 169
0.48748207092285156 172
0.49481844902038574 175
0.501676082611084 177
0.5092389583587646 179
0.5154995918273926 180
0.5225546360015869 181
0.5308396816253662 183
0.5370097160339355 186
0.543982982635498 187
0.5517210960388184 189
0.5590810775756836 191
0.565396785736084 192
0.5726118087768555 194
0.5807895660400391 196
0.5869772434234619 196
0.5939581394195557 197
0.6012563705444336 198
0.6081891059875488 200
0.6147890090942383 201
0.6217136383056641 203
0.629889965057373 204
0.6361017227172852 205
0.643195629119873 207
0.6506068706512451 209
0.6580989360809326 212
0.6645855903625488 213
0.671550989151001 215
0.6790075302124023 215
0.6860687732696533 216
0.6934199333190918 217
0.7009773254394531 219
0.7075326442718506 221
0.7140858173370361 222
0.7213356494903564 223
0.7285056114196777 224
0.7366397380828857 225
0.7435846328735352 227
0.7510809898376465 229
0.7589235305786133 231
0.765153169631958 233
0.7719800472259521 235
0.7794523239135742 236
0.7867794036865234 238
0.7937798500061035 239
0.8010439872741699 239
0.8080263137817383 241
0.8148090839385986 243
0.8216650485992432 245
0.8294105529785156 247
0.8395171165466309 248
0.8457398414611816 249
0.8574857711791992 251
0.8645861148834229 252
0.8717944622039795 254
0.8792867660522461 255
0.8866033554077148 256
0.893625020980835 257
0.9009404182434082 257
0.9074935913085938 259
0.9140980243682861 261
0.9214046001434326 263
0.9285738468170166 265
0.9360013008117676 267
0.9431021213531494 267
0.950225830078125 268
0.9568252563476562 268
0.9648773670196533 269
0.9716870784759521 271
0.9790835380554199 272
0.9860875606536865 274
0.9934890270233154 275
1.0008485317230225 275
1.0069444179534912 275
1.0139102935791016 275
1.0212242603302002 276
1.0281181335449219 277
1.0346179008483887 278
1.0425794124603271 278
1.0498883724212646 278
1.0560784339904785 279
1.063905954360962 279
1.0711259841918945 280
1.0780940055847168 281
1.0846099853515625 281
1.0927181243896484 281
1.0998549461364746 281
1.106053352355957 282
1.11324143409729 283
1.120699167251587 284
1.126821756362915 284
1.1337919235229492 284
1.1417415142059326 284
1.149075984954834 284
1.1553847789764404 285
1.162156105041504 286
1.170222282409668 287
1.1766679286956787 287
1.183659315109253 287
1.1916041374206543 287
1.198969841003418 288
1.2051827907562256 289
1.2119834423065186 290
1.2195525169372559 290
1.225773811340332 290
1.233015537261963 290
1.2412536144256592 291
1.2512333393096924 293
1.259512186050415 293
1.2661724090576172 293
1.2735207080841064 293
1.2809545993804932 294
1.287468671798706 295
1.2955052852630615 297
1.302527904510498 297
1.309622049331665 297
1.3157918453216553 296
1.322817325592041 297
1.3316154479980469 297
1.3454735279083252 299
1.3527565002441406 299
1.3598995208740234 301
1.3661444187164307 302
1.3738243579864502 303
1.381124496459961 304
1.3880565166473389 304
1.3955528736114502 303
1.402573823928833 303
1.4098811149597168 303
1.4160926342010498 304
1.4231846332550049 305
1.430577039718628 305
1.4367082118988037 306
1.4449191093444824 306
1.451744794845581 306
1.4590699672698975 307
1.4653575420379639 307
1.4730744361877441 308
1.480639934539795 308
1.4867274761199951 309
1.4949240684509277 309
1.5017917156219482 309
1.5091540813446045 309
1.5154335498809814 311
1.5222182273864746 312
1.5297574996948242 312
1.5359704494476318 312
1.5430552959442139 312
1.5513689517974854 313
1.5585432052612305 314
1.5649259090423584 314
1.57173752784729 315
1.5795698165893555 315
1.5857784748077393 315
1.5930733680725098 316
1.601259708404541 317
1.6081547737121582 318
1.6148982048034668 319
1.621708869934082 319
1.629065752029419 319
1.635326623916626 319
1.6421115398406982 321
1.6541051864624023 322
1.6615118980407715 322
1.66898775100708 321
1.6752209663391113 321
1.6828944683074951 321
1.690110445022583 321
1.6981377601623535 323
1.7046318054199219 324
1.7117509841918945 325
1.7190709114074707 326
1.7253170013427734 326
1.7331383228302002 326
1.740717887878418 326
1.7485697269439697 326
1.754896640777588 327
1.7617158889770508 328
1.7692105770111084 329
1.7754552364349365 330
1.7829349040985107 331
1.7900667190551758 331
1.7966125011444092 331
1.804783821105957 332
1.8116357326507568 332
1.818965196609497 333
1.825216293334961 333
1.832157850265503 334
1.8395090103149414 335
1.8456895351409912 335
1.855705976486206 335
1.8630614280700684 335
1.8706188201904297 335
1.8767814636230469 337
1.8845555782318115 337
1.8916637897491455 338
1.8990626335144043 338
1.9061295986175537 338
1.9131946563720703 338
1.9206039905548096 339
1.9267327785491943 340
1.9337236881256104 341
1.9409985542297363 341
1.9475173950195312 341
1.9555096626281738 341
1.9622328281402588 341
1.9696545600891113 343
1.9758541584014893 343
1.983457326889038 344
1.9920074939727783 343
1.9995651245117188 343
2.0067543983459473 343
2.0138790607452393 344
2.0212643146514893 345
2.028177261352539 346
2.03477144241333 347
2.04162335395813 346
2.055880069732666 345
2.065568447113037 346
2.0728566646575928 347
2.0801496505737305 347
2.087481737136841 347
2.094038486480713 348
2.101306438446045 348
2.1094675064086914 349
2.115715265274048 349
2.12272310256958 349
2.1318843364715576 350
2.1392762660980225 351
2.1455130577087402 353
2.152529001235962 353
2.1608643531799316 353
2.1669373512268066 353
2.1739120483398438 353
2.181131362915039 353
2.189035415649414 355
2.195307731628418 356
2.2020821571350098 356
2.2101645469665527 356
2.2166099548339844 356
2.2236266136169434 355
2.230968952178955 354
2.237516403198242 353
2.244100570678711 353
2.25152587890625 353
2.259873390197754 353
2.2660772800445557 355
2.2731494903564453 355
2.280205011367798 355
2.2866482734680176 355
2.2966558933258057 354
2.307535171508789 352
2.317387342453003 351
2.3266360759735107 351
2.3357105255126953 352
2.345409393310547 354
2.3550832271575928 355
2.366178512573242 355
2.3757174015045166 354
2.385247230529785 353
2.3933680057525635 352
2.400763988494873 351
2.4068799018859863 352
2.415027379989624 352
2.42179799079895 353
2.4292995929718018 353
2.435523748397827 353
2.442528009414673 354
2.449744939804077 355
2.461790084838867 356
2.469330310821533 356
2.475534200668335 356
2.482682943344116 355
2.4899349212646484 354
2.4969189167022705 353
2.503894805908203 353
2.511911153793335 353
2.519397020339966 353
2.52561354637146 354
2.5326504707336426 355
2.5397591590881348 357
2.5459465980529785 357
2.553157329559326 357
2.560182809829712 357
2.568209409713745 357
2.5747647285461426 356
2.581660747528076 355
2.5890824794769287 354
2.5953621864318848 354
2.6028544902801514 355
2.610180616378784 355
2.618492364883423 355
2.624814510345459 354
2.631685733795166 353
2.639055013656616 352
2.6453447341918945 352
2.6525354385375977 352
2.6596269607543945 353
2.6668622493743896 354
2.6739890575408936 355
2.681288719177246 355
2.688152313232422 355
2.694683074951172 354
2.7020649909973145 353
2.709458827972412 353
2.7167508602142334 352
2.72367787361145 352
2.73185396194458 353
2.7392468452453613 354
2.7519896030426025 355
2.7593798637390137 355
2.7665798664093018 354
2.7735869884490967 353
2.781078577041626 352
2.7880682945251465 352
2.794829845428467 352
2.8016622066497803 353
2.8095061779022217 354
2.816819906234741 354
2.823780059814453 355
2.831028461456299 354
2.8375048637390137 353
2.8441195487976074 352
2.851562023162842 351
2.8626151084899902 351
2.871701955795288 351
2.880748748779297 352
2.88688325881958 353
2.8938755989074707 355
2.9010980129241943 355
2.9091410636901855 355
2.915372848510742 355
2.923198699951172 354
2.9306485652923584 353
2.9367892742156982 351
2.943772792816162 351
2.9509894847869873 351
2.957512140274048 351
2.9640674591064453 351
2.9721477031707764 353
2.9795072078704834 354
2.9857115745544434 354
2.9927902221679688 354
2.9999778270721436 353
3.006479501724243 352
3.0239450931549072 351
3.0313360691070557 351
3.0381903648376465 352
3.0450055599212646 353
3.0518057346343994 355
3.0591437816619873 355
3.065415143966675 355
3.074862480163574 355
3.082730293273926 353
3.0900237560272217 352
3.0964930057525635 352
3.103480815887451 352
3.1113059520721436 353
3.1181976795196533 353
3.1256940364837646 354
3.134880542755127 354
3.1420552730560303 354
3.1496312618255615 353
3.1558547019958496 352
3.162909507751465 352
3.1701862812042236 352
3.1782310009002686 353
3.1856019496917725 354
3.19266676902771 355
3.1997575759887695 356
3.20597505569458 356
3.2138426303863525 356
3.221132755279541 355
3.229336738586426 355
3.235522747039795 354
3.2438485622406006 353
3.2511484622955322 353
3.261648654937744 353
3.2692644596099854 353
3.2765371799468994 355
3.283686399459839 356
3.29093861579895 357
3.2975382804870605 359
3.3067119121551514 359
3.313746929168701 359
3.3215508460998535 358
3.3298356533050537 357
3.3360965251922607 357
3.3432021141052246 358
3.350592851638794 358
3.3567111492156982 358
3.3636386394500732 357
3.3709726333618164 357
3.3791403770446777 356
3.385437488555908 356
3.39261794090271 355
3.399735927581787 355
3.4059789180755615 355
3.413222551345825 355
3.4211161136627197 355
3.4292945861816406 354
3.4355831146240234 352
3.4426217079162598 351
3.4499142169952393 351
3.456116199493408 350
3.4631683826446533 351
3.4706311225891113 351
3.4767982959747314 353
3.484839677810669 354
3.4916887283325195 354
3.49908447265625 354
3.5053458213806152 353
3.5125646591186523 352
3.5201470851898193 351
3.526622772216797 351
3.53463077545166 351
3.541569948196411 351
3.5488760471343994 352
3.5551047325134277 353
3.5620946884155273 355
3.5695979595184326 355
3.5758018493652344 355
3.583848714828491 355
3.591137409210205 354
3.5981009006500244 353
3.604588270187378 351
3.6115400791168213 351
3.618849754333496 351
3.6256258487701416 351
3.6338934898376465 352
3.641146421432495 353
3.648092746734619 354
3.6546175479888916 355
3.6651411056518555 355
3.672060012817383 354
3.6796364784240723 353
3.686964750289917 353
3.6942291259765625 352
3.7014811038970947 353
3.7088513374328613 353
3.715036153793335 354
3.7218964099884033 354
3.7307372093200684 353
3.7389981746673584 352
3.7456817626953125 351
3.7529611587524414 351
3.7611804008483887 351
3.768139600753784 352
3.7746517658233643 353
3.7818922996520996 354
3.790069818496704 354
3.796572685241699 354
3.8034770488739014 353
3.811589479446411 352
3.819824695587158 351
3.826766014099121 351
3.835015058517456 351
3.8418073654174805 351
3.849229574203491 352
3.8555245399475098 354
3.862523317337036 355
3.870184898376465 356
3.8766257762908936 356
3.8836212158203125 356
3.891634941101074 355
3.8990228176116943 355
3.9053094387054443 354
3.9121527671813965 354
3.919508218765259 354
3.9256999492645264 353
3.9334511756896973 352
3.941946268081665 351
3.949540615081787 351
3.9557535648345947 351
3.962803602218628 351
3.970012664794922 353
3.9762232303619385 353
3.983415365219116 354
3.991725444793701 355
3.9991025924682617 355
4.005371570587158 355
4.012103319168091 355
4.021207094192505 353
4.028207302093506 353
4.035377025604248 353
4.043233871459961 353
4.050836086273193 354
4.056963920593262 356
4.0714850425720215 357
4.07983136177063 357
4.086084842681885 356
4.094540596008301 356
4.101516962051392 355
4.108990907669067 355
4.116581678390503 355
4.12344217300415 354
4.130818843841553 353
4.139261960983276 352
4.145576238632202 352
4.15259051322937 352
4.159732818603516 353
4.165957927703857 353
4.173186302185059 354
4.180555582046509 355
4.186701059341431 355
4.194860458374023 354
4.201704025268555 353
4.209230422973633 353
4.215518474578857 353
4.222536087036133 353
4.229794025421143 354
4.236802577972412 355
4.245053768157959 356
4.251869440078735 357
4.259219408035278 356
4.265510082244873 355
4.272905349731445 355
4.280061483383179 355
4.286487817764282 355
4.294796943664551 355
4.301634788513184 354
4.30904746055603 353
4.315327882766724 352
4.323732852935791 352
4.332028150558472 352
4.339956045150757 353
4.350040674209595 355
4.356525182723999 355
4.363436698913574 356
4.371491432189941 356
4.381221055984497 355
4.390925168991089 354
4.401313543319702 353
4.411172866821289 353
4.420746803283691 354
4.429784774780273 355
4.439435005187988 355
4.450154781341553 353
4.456620693206787 353
4.468134641647339 352
4.47502326965332 353
4.481954097747803 353
4.489470481872559 353
4.496785879135132 354
4.503777265548706 355
4.511030673980713 356
4.517918348312378 357
4.525385856628418 357
4.532551050186157 356
4.5396811962127686 355
4.54818868637085 355
4.554816961288452 355
4.561652660369873 355
4.569021463394165 355
4.575274229049683 354
4.582097291946411 353
4.590666055679321 351
4.598987579345703 351
4.605255603790283 351
4.612013339996338 352
4.619405269622803 353
4.625609874725342 353
4.632684946060181 353
4.639804840087891 354
4.648210525512695 354
4.6549293994903564 354
4.661938667297363 353
4.669357538223267 352
4.675544738769531 351
4.682554721832275 352
4.689672231674194 353
4.695902347564697 353
4.703852653503418 353
4.711251735687256 353
4.7181456089019775 353
4.724687337875366 354
4.732717275619507 355
4.7398505210876465 355
4.749818801879883 355
4.756142616271973 354
4.763214826583862 353
4.770702362060547 353
4.776784658432007 353
4.783729553222656 354
4.791012287139893 355
4.797902345657349 356
4.805449724197388 356
4.812227964401245 356
4.819603681564331 355
4.825828790664673 355
4.834132671356201 354
4.841430902481079 354
4.848775386810303 353
4.856178045272827 353
4.867991924285889 354
4.874638795852661 355
4.881701946258545 356
4.88927698135376 357
4.89551568031311 356
4.903600215911865 355
4.910909175872803 355
4.91739821434021 355
4.924022436141968 355
4.931302547454834 355
4.938151121139526 354
4.94469952583313 353
4.951742887496948 352
4.960584878921509 351
4.966709613800049 351
4.9736621379852295 352
4.9809486865997314 353
4.987483024597168 354
4.994203567504883 355
5.001438856124878 355
