0 0 
0.01082611083984375 0
0.01802659034729004 0
0.024041175842285156 1
0.031058311462402344 2
0.0385591983795166 4
0.04463362693786621 5
0.05126047134399414 7
0.05967974662780762 11
0.06575536727905273 15
0.07255196571350098 17
0.07982993125915527 21
0.08701968193054199 26
0.09350824356079102 30
0.1017751693725586 35
0.11064338684082031 42
0.11788344383239746 47
0.12392926216125488 51
0.13063979148864746 57
0.13783645629882812 62
0.1438748836517334 67
0.1507720947265625 74
0.1588001251220703 81
0.1649181842803955 86
0.17206192016601562 91
0.18293023109436035 101
0.19069623947143555 109
0.19808506965637207 114
0.20427894592285156 119
0.21224260330200195 127
0.2192378044128418 134
0.22559499740600586 140
0.23244428634643555 145
0.2397139072418213 153
0.2457430362701416 160
0.2526230812072754 165
0.2607240676879883 173
0.2681436538696289 178
0.2743382453918457 183
0.2858750820159912 194
0.2951035499572754 199
0.302459716796875 205
0.3107118606567383 209
0.31819915771484375 214
0.32437562942504883 218
0.3312339782714844 223
0.3390984535217285 228
0.34600281715393066 232
0.3528480529785156 236
0.3607661724090576 241
0.36800408363342285 245
0.37421178817749023 248
0.3809082508087158 252
0.3883638381958008 255
0.3949615955352783 259
0.40396857261657715 263
0.4121675491333008 267
0.4191877841949463 269
0.4256165027618408 271
0.43270254135131836 274
0.4398977756500244 276
0.44588351249694824 279
0.45291614532470703 282
0.46013641357421875 285
0.46825695037841797 288
0.4744248390197754 290
0.4810786247253418 293
0.48842453956604004 294
0.4949679374694824 297
0.5018792152404785 298
0.5090591907501221 301
0.5171082019805908 304
0.5236995220184326 306
0.5305893421173096 309
0.5378007888793945 309
0.5438895225524902 310
0.5506470203399658 311
0.557964563369751 313
0.564915657043457 315
0.5720808506011963 317
0.5791113376617432 319
0.5908253192901611 320
0.5987632274627686 320
0.6047878265380859 321
0.611884593963623 321
0.6200225353240967 323
0.6260442733764648 325
0.6331014633178711 327
0.6402852535247803 328
0.6471512317657471 329
0.6534922122955322 329
0.6604773998260498 330
0.6685564517974854 330
0.6746950149536133 331
0.6816799640655518 331
0.6888992786407471 332
0.6950645446777344 333
0.7026777267456055 334
0.7098848819732666 335
0.7179241180419922 336
0.7239468097686768 337
0.7307024002075195 338
0.7379846572875977 339
0.7440671920776367 339
0.7508907318115234 339
0.7581784725189209 339
0.7643392086029053 339
0.7720630168914795 340
0.7790722846984863 341
0.7852013111114502 343
0.7921435832977295 343
0.7991006374359131 343
0.8058638572692871 343
0.812899112701416 344
0.8208503723144531 345
0.8281087875366211 347
0.8342201709747314 347
0.8409557342529297 347
0.8481998443603516 347
0.8543431758880615 347
0.8610339164733887 349
0.8691911697387695 350
0.8755884170532227 350
0.8822598457336426 350
0.8896608352661133 350
0.8956630229949951 351
0.9030928611755371 351
0.9115467071533203 352
0.9186346530914307 353
0.92584228515625 352
0.9328329563140869 352
0.9399304389953613 352
0.9458596706390381 353
0.9529781341552734 354
0.9601523876190186 355
0.9669413566589355 356
0.9744031429290771 356
0.9843258857727051 355
0.9922819137573242 354
1.0004878044128418 353
1.0083692073822021 353
1.014491081237793 353
1.0221912860870361 353
1.0291366577148438 354
1.0352299213409424 356
1.0421762466430664 357
1.0492639541625977 358
1.0555915832519531 358
1.0622763633728027 358
1.0692481994628906 357
1.0772693157196045 357
1.083906888961792 356
1.0906600952148438 356
1.097886085510254 356
1.103912591934204 355
1.1111783981323242 355
1.1184184551239014 354
1.1255683898925781 354
1.1322951316833496 353
1.1392521858215332 353
1.145535945892334 354
1.15220308303833 355
1.159151315689087 355
1.1652452945709229 356
1.1724603176116943 355
1.180532693862915 355
1.187582015991211 354
1.1938118934631348 354
1.2005853652954102 353
1.2082562446594238 353
1.2147901058197021 354
1.221780776977539 355
1.2301092147827148 356
1.2365522384643555 357
1.2430603504180908 357
1.2502410411834717 356
1.2570931911468506 355
1.263176441192627 355
1.2703790664672852 355
1.2784042358398438 355
1.2845230102539062 355
1.2917211055755615 354
1.2986888885498047 353
1.3047397136688232 353
1.312091588973999 353
1.3190889358520508 354
1.3265717029571533 356
1.3330450057983398 357
1.3404126167297363 357
1.3471739292144775 357
1.3537006378173828 357
1.3605678081512451 355
1.367553949356079 355
1.3738315105438232 355
1.3815860748291016 355
1.3923001289367676 354
1.3998289108276367 353
1.405853509902954 352
1.4129366874694824 351
1.4218511581420898 351
1.430619239807129 352
1.4378702640533447 353
1.4439144134521484 353
1.4506592750549316 353
1.4578218460083008 354
1.4638619422912598 354
1.470747947692871 355
1.4797143936157227 355
1.4888644218444824 354
1.4981005191802979 353
1.5071392059326172 351
1.5156419277191162 351
1.5250880718231201 351
1.5352439880371094 353
1.5446147918701172 354
1.5530786514282227 354
1.5610361099243164 353
1.5682737827301025 353
1.5743787288665771 352
1.582118034362793 352
1.5892503261566162 352
1.5956189632415771 353
1.6026184558868408 354
1.6097967624664307 355
1.6158127784729004 355
1.622786521911621 355
1.6299169063568115 355
1.6379296779632568 355
1.643967866897583 353
1.6508429050445557 353
1.65802001953125 352
1.6641216278076172 352
1.6708049774169922 353
1.6780414581298828 353
1.6849818229675293 354
1.691901445388794 355
1.6989593505859375 356
1.705063819885254 356
1.7122015953063965 356
1.7191658020019531 355
1.725980520248413 355
1.7342662811279297 354
1.741011142730713 354
1.748239517211914 354
1.754380702972412 353
1.7610678672790527 353
1.7685000896453857 352
1.774616003036499 351
1.7811896800994873 351
1.793044090270996 353
1.8003723621368408 353
1.807145118713379 353
1.8136556148529053 353
1.820633888244629 354
1.8284885883331299 355
1.8356127738952637 355
1.8424382209777832 355
1.8496463298797607 354
1.8556952476501465 353
1.8626964092254639 352
1.8698830604553223 352
1.8758540153503418 352
1.882692575454712 353
1.8908872604370117 354
1.8981692790985107 355
1.904311180114746 356
1.9110066890716553 356
1.918271780014038 355
1.9244019985198975 355
1.9329380989074707 354
1.940885305404663 354
1.9482531547546387 354
1.9543631076812744 354
1.961050271987915 353
1.968306541442871 352
1.9744489192962646 352
1.9810669422149658 352
1.989147424697876 353
1.9980010986328125 355
2.004845380783081 356
2.0119855403900146 356
2.0190062522888184 356
2.0250773429870605 356
2.0327131748199463 355
2.0406298637390137 354
2.04784893989563 354
2.053887367248535 353
2.0606868267059326 353
2.0681235790252686 353
2.0742547512054443 353
2.0809218883514404 353
2.0881335735321045 354
2.0950815677642822 355
2.102031707763672 356
2.1090123653411865 357
2.115133047103882 357
2.1221885681152344 357
2.1296331882476807 356
2.136967420578003 355
2.1443874835968018 355
2.1510870456695557 355
2.158358573913574 355
2.164430856704712 354
2.171113967895508 353
2.178389072418213 353
2.1888279914855957 353
2.196011781692505 353
2.2030370235443115 354
2.210400342941284 355
2.2171876430511475 356
2.2235023975372314 357
2.2304580211639404 357
2.2381765842437744 357
2.245096445083618 356
2.252190113067627 355
2.259145498275757 355
2.265230655670166 355
2.272156000137329 354
2.2791693210601807 354
2.285252571105957 353
2.2932510375976562 353
2.3004343509674072 353
2.3072171211242676 355
2.3138344287872314 355
2.3205859661102295 356
2.327828884124756 355
2.3340682983398438 355
2.34114933013916 354
2.3492321968078613 355
2.3556392192840576 355
2.362448215484619 355
2.3698768615722656 353
2.3758678436279297 353
2.38283634185791 353
2.389983892440796 353
2.398024082183838 354
2.4041097164154053 355
2.4108364582061768 357
2.418071985244751 357
2.4241702556610107 357
2.4309914112091064 357
2.4391980171203613 356
2.4487478733062744 355
2.4548304080963135 354
2.4617936611175537 353
2.46880841255188 353
2.4748668670654297 353
2.4818007946014404 353
2.4889349937438965 353
2.496479034423828 355
2.5030441284179688 355
2.510371685028076 356
2.5171611309051514 355
2.5232696533203125 355
2.530468702316284 355
2.5375657081604004 354
2.5444371700286865 353
2.5524466037750244 352
2.5597379207611084 352
2.565711736679077 352
2.5725290775299072 353
2.5851829051971436 354
2.5981695652008057 353
2.604423761367798 353
2.611585855484009 352
2.6187663078308105 351
2.6249189376831055 352
2.6318554878234863 353
2.639064073562622 353
2.6459455490112305 353
2.6539413928985596 353
2.66066312789917 354
2.668022394180298 355
2.6741652488708496 356
2.6808836460113525 357
2.6881444454193115 357
2.694326400756836 356
2.702108144760132 356
2.709125280380249 356
2.7152156829833984 355
2.722196578979492 355
2.7296571731567383 354
2.7357335090637207 353
2.742549180984497 353
2.7510690689086914 353
2.758392333984375 354
2.7645273208618164 355
2.771702289581299 355
2.778686285018921 355
2.7847516536712646 354
2.7918736934661865 353
2.7989585399627686 352
2.806549072265625 352
2.812987804412842 352
2.8200902938842773 353
2.8265388011932373 353
2.8330066204071045 354
2.8401756286621094 355
2.847014904022217 354
2.8550455570220947 353
2.8620035648345947 353
2.8690409660339355 353
2.8751420974731445 353
2.882124185562134 354
2.889143228530884 356
2.89522385597229 357
2.903228759765625 357
2.910581111907959 358
2.91780948638916 357
2.9238619804382324 357
2.9306375980377197 357
2.9378488063812256 357
2.9438719749450684 357
2.953655242919922 355
2.960542917251587 355
2.9679691791534424 354
2.9741640090942383 353
2.9808530807495117 353
2.990657091140747 353
2.9998202323913574 354
3.008171796798706 355
3.0143418312072754 356
3.0211851596832275 357
3.0286366939544678 357
3.0347328186035156 357
3.041651964187622 357
3.0486321449279785 356
3.0570363998413086 355
3.0631120204925537 354
3.070298671722412 354
3.077108383178711 354
3.0832056999206543 355
3.090555429458618 354
3.097806453704834 353
3.1038546562194824 353
3.1116180419921875 353
3.118635654449463 353
3.1247291564941406 353
3.1316864490509033 354
3.138709306716919 355
3.1448326110839844 356
3.1520028114318848 356
3.16080641746521 355
3.168041229248047 354
3.1741721630096436 354
3.180856466293335 353
3.1881043910980225 353
3.194183111190796 353
3.200881004333496 355
3.2090375423431396 355
3.2152040004730225 356
3.222148895263672 355
3.229107618331909 355
3.235189437866211 354
3.2422025203704834 353
3.249171018600464 351
3.2555341720581055 351
3.2638330459594727 351
3.2707412242889404 351
3.2779667377471924 352
3.2840945720672607 353
3.2910425662994385 354
3.2983434200286865 355
3.3044846057891846 355
3.312244415283203 354
3.3198044300079346 353
3.3258562088012695 353
3.3328499794006348 353
3.340013027191162 353
3.3459994792938232 353
3.352813720703125 354
3.361506700515747 355
3.3685333728790283 357
3.374697208404541 357
3.381671667098999 357
3.393031597137451 356
3.4004547595977783 355
3.4074928760528564 355
3.4148406982421875 355
3.422060251235962 355
3.4290270805358887 354
3.435171127319336 353
3.4421041011810303 352
3.4492716789245605 352
3.4556145668029785 352
3.4670777320861816 353
3.47316312789917 355
3.4803085327148438 356
3.487133741378784 357
3.493196487426758 357
3.500401020050049 357
3.507164239883423 356
3.5147006511688232 355
3.5216245651245117 355
3.5286998748779297 355
3.5348105430603027 355
3.5417306423187256 355
3.5489132404327393 353
3.555013418197632 353
3.5659663677215576 353
3.5756185054779053 354
3.5848004817962646 356
3.5938851833343506 357
3.6030008792877197 357
3.611985683441162 357
3.6221871376037598 356
3.6311962604522705 355
3.6399433612823486 355
3.6459338665008545 355
3.652798652648926 355
3.65997052192688 354
3.668445348739624 353
3.6745405197143555 352
3.68162202835083 352
3.688748598098755 353
3.694859027862549 353
3.701810359954834 354
3.7088263034820557 354
3.7149314880371094 355
3.7228407859802246 355
3.730037212371826 354
3.7360501289367676 353
3.742919921875 353
3.750173330307007 353
3.7570488452911377 355
3.763108253479004 355
3.7717413902282715 355
3.7787442207336426 355
3.784839391708374 355
3.796067237854004 353
3.803070068359375 352
3.810513973236084 351
3.817593812942505 352
3.8248395919799805 352
3.831773042678833 352
3.8387792110443115 353
3.845021963119507 353
3.851980447769165 354
3.859020709991455 355
3.865119457244873 355
3.8741629123687744 356
3.8808107376098633 355
3.8880603313446045 355
3.8941643238067627 354
3.900845527648926 354
3.9080970287323 354
3.914229154586792 353
3.921990156173706 353
3.9291622638702393 351
3.9355154037475586 351
3.9425086975097656 351
3.949716091156006 352
3.955739974975586 353
3.9625344276428223 353
3.9717814922332764 353
3.979161024093628 354
3.9852700233459473 355
3.992514133453369 355
4.0004801750183105 355
4.007528305053711 355
4.0136988162994385 355
4.02058482170105 353
4.028663396835327 353
4.034794569015503 353
4.041736125946045 353
4.04888129234314 353
4.054953575134277 354
4.061859607696533 355
4.0690367221832275 357
4.077786207199097 358
4.083844423294067 358
4.090583324432373 357
4.097818613052368 357
4.103916883468628 357
4.110797166824341 357
4.118005990982056 357
4.124917507171631 356
4.131877899169922 355
4.1389243602752686 355
4.145057439804077 355
4.1519775390625 354
4.159024953842163 353
4.16513466835022 353
4.172250032424927 353
4.180800199508667 354
4.188078880310059 355
4.199824333190918 356
4.205851793289185 356
4.21284818649292 355
4.220163106918335 355
4.228409290313721 354
4.2345380783081055 353
4.2411839962005615 353
4.248422145843506 352
4.254492282867432 352
4.2612364292144775 353
4.268497943878174 353
4.274645805358887 354
4.288056373596191 354
4.294320344924927 354
4.301029920578003 353
4.3082275390625 352
4.314415693283081 351
4.321105718612671 351
4.329186677932739 352
4.3355712890625 353
4.342270612716675 353
4.349746465682983 353
4.35575532913208 354
4.362683296203613 354
4.36983323097229 354
4.3758299350738525 353
4.384384632110596 353
4.391061067581177 351
4.398333787918091 351
4.404465436935425 351
4.411543846130371 352
4.418554067611694 353
4.424661159515381 353
4.43263578414917 353
4.439833164215088 354
4.4458489418029785 355
4.452701091766357 355
4.460059881210327 355
4.466503620147705 354
4.4731526374816895 353
4.48292875289917 353
4.490904808044434 353
4.498112916946411 353
4.504217863082886 353
4.5109124183654785 355
4.518283367156982 356
4.524422883987427 357
4.532471179962158 357
4.539677619934082 356
4.545729398727417 356
4.552621841430664 355
4.559793949127197 355
4.565833330154419 355
4.572665691375732 355
4.5815207958221436 353
4.589589595794678 352
4.600374460220337 351
4.607208251953125 351
4.6138410568237305 351
4.620700359344482 352
4.627963066101074 353
4.635011196136475 354
4.6419782638549805 355
4.649154186248779 354
4.655264854431152 354
4.662197113037109 353
4.6691811084747314 353
4.675264835357666 354
4.683713436126709 355
4.691037654876709 356
4.6983842849731445 356
4.704524517059326 356
4.711600065231323 355
4.718804359436035 355
4.724924802780151 354
4.731881618499756 353
4.739985704421997 352
4.74600076675415 352
4.752827882766724 352
4.75996208190918 352
4.765977621078491 353
4.772956848144531 354
4.780087471008301 355
4.788227319717407 354
4.794853687286377 353
4.801819562911987 353
4.808821678161621 353
4.814985513687134 353
4.8218772411346436 354
4.829080104827881 355
4.837034225463867 357
4.843113899230957 357
4.850481033325195 357
4.857526063919067 357
4.86372709274292 356
4.870578289031982 355
4.877828121185303 355
4.883898496627808 355
4.891855001449585 355
4.899649381637573 354
4.9057090282440186 353
4.912500381469727 352
4.919712781906128 352
4.925697565078735 352
4.93248176574707 353
4.940507173538208 353
4.947561502456665 355
4.953933238983154 355
4.960655927658081 355
4.967872142791748 355
4.973865747451782 355
4.980927228927612 353
4.989111661911011 352
5.0019614696502686 352
