0 0 
0.011995077133178711 0
0.019078731536865234 1
0.027272939682006836 1
0.03626227378845215 3
0.04239630699157715 5
0.04933571815490723 6
0.05784773826599121 10
0.06714272499084473 14
0.07320213317871094 18
0.08009219169616699 21
0.08808350563049316 26
0.09738278388977051 31
0.10384941101074219 37
0.11033248901367188 41
0.1181490421295166 47
0.12743091583251953 53
0.1343224048614502 59
0.14560937881469727 67
0.15486764907836914 75
0.1614665985107422 79
0.16833138465881348 87
0.17773699760437012 92
0.1848609447479248 97
0.19307827949523926 105
0.20003032684326172 109
0.20839548110961914 114
0.21740055084228516 119
0.22637724876403809 124
0.23253846168518066 128
0.23955750465393066 132
0.24857592582702637 139
0.2559170722961426 144
0.26253795623779297 149
0.27054429054260254 154
0.279721736907959 157
0.28723955154418945 161
0.2951209545135498 165
0.30490636825561523 171
0.31120753288269043 175
0.3180084228515625 179
0.3261382579803467 184
0.3356008529663086 188
0.3418080806732178 191
0.3485696315765381 195
0.3565342426300049 198
0.366131067276001 203
0.37231016159057617 205
0.37928104400634766 207
0.38651418685913086 211
0.3929009437561035 214
0.399738073348999 217
0.4069821834564209 219
0.4148828983306885 223
0.4215373992919922 226
0.4282660484313965 229
0.43558216094970703 231
0.441786527633667 233
0.4489452838897705 235
0.45601987838745117 239
0.4628293514251709 242
0.47044849395751953 244
0.4776647090911865 246
0.48450469970703125 248
0.4909353256225586 249
0.4978055953979492 251
0.5048632621765137 254
0.5113732814788818 257
0.5190753936767578 260
0.5260899066925049 262
0.5322089195251465 263
0.5421738624572754 267
0.5502901077270508 267
0.5576457977294922 269
0.5662331581115723 270
0.5724442005157471 271
0.5794510841369629 273
0.5865645408630371 276
0.592951774597168 278
0.5998051166534424 280
0.6070733070373535 281
0.6131038665771484 283
0.6211874485015869 284
0.6281380653381348 286
0.6354095935821533 287
0.6415841579437256 288
0.6483070850372314 289
0.655613899230957 291
0.6617658138275146 292
0.6703035831451416 295
0.6776189804077148 297
0.6844563484191895 299
0.6910374164581299 300
0.6978826522827148 302
0.7051665782928467 302
0.711702823638916 303
0.7215075492858887 305
0.7282357215881348 308
0.7355217933654785 309
0.7417488098144531 311
0.7488985061645508 312
0.7559661865234375 313
0.7621078491210938 313
0.7703883647918701 314
0.7776083946228027 315
0.7844338417053223 315
0.7905349731445312 317
0.7978184223175049 317
0.8049125671386719 319
0.8113725185394287 320
0.8180952072143555 321
0.8261995315551758 323
0.8323745727539062 323
0.8393633365631104 323
0.8463599681854248 323
0.8524718284606934 324
0.8594727516174316 325
0.8669350147247314 325
0.8754785060882568 325
0.8816511631011963 325
0.8883800506591797 326
0.8956937789916992 327
0.9018433094024658 329
0.9085266590118408 329
0.9158179759979248 330
0.9231595993041992 329
0.9301676750183105 329
0.9375107288360596 329
0.9484333992004395 331
0.9562129974365234 332
0.9623591899871826 333
0.9694955348968506 333
0.9780914783477783 333
0.9854788780212402 333
0.9916536808013916 333
0.9983384609222412 334
1.0056672096252441 335
1.0117895603179932 336
1.0184757709503174 337
1.0264525413513184 337
1.0325679779052734 336
1.0395326614379883 336
1.0469744205474854 336
1.053041934967041 337
1.059840440750122 337
1.067199468612671 338
1.0732276439666748 339
1.0817930698394775 340
1.0884974002838135 340
1.0958547592163086 340
1.1019847393035889 340
1.1090645790100098 341
1.1160850524902344 341
1.1221606731414795 342
1.1301732063293457 343
1.137427806854248 344
1.1442570686340332 345
1.1504154205322266 345
1.157634973526001 345
1.164466381072998 345
1.1711204051971436 346
1.1793498992919922 347
1.1863811016082764 347
1.1924738883972168 347
1.1995587348937988 348
1.2065706253051758 349
1.2129085063934326 350
1.2197728157043457 350
1.2291600704193115 350
1.237302303314209 351
1.2433533668518066 351
1.2503046989440918 352
1.2574183940887451 352
1.2642462253570557 353
1.270416021347046 353
1.277587652206421 353
1.286283016204834 354
1.2924222946166992 355
1.3005459308624268 356
1.3077435493469238 357
1.3145198822021484 357
1.320955514907837 356
1.327991247177124 356
1.3359463214874268 355
1.3472990989685059 356
1.353353500366211 355
1.3603949546813965 355
1.367774486541748 354
1.3748383522033691 354
1.3865728378295898 353
1.3958849906921387 355
1.4056487083435059 355
1.4152803421020508 354
1.423814058303833 353
1.4352765083312988 352
1.4433798789978027 352
1.452404499053955 353
1.4612631797790527 354
1.4681572914123535 356
1.47538161277771 356
1.4821841716766357 356
1.4897851943969727 356
1.4970066547393799 355
1.5042431354522705 354
1.5103633403778076 353
1.517554521560669 353
1.5243515968322754 353
1.530815601348877 353
1.5395572185516357 355
1.5465776920318604 356
1.5529165267944336 356
1.5595853328704834 356
1.566542387008667 355
1.5729179382324219 355
1.5797410011291504 354
1.5879969596862793 353
1.5964221954345703 354
1.60256028175354 355
1.6095242500305176 355
1.617201566696167 356
1.6231729984283447 355
1.6300888061523438 355
1.6379427909851074 354
1.6453399658203125 354
1.6514561176300049 354
1.6581215858459473 353
1.665588617324829 353
1.6717219352722168 352
1.6783921718597412 352
1.6870183944702148 352
1.6943354606628418 353
1.701216220855713 354
1.7081999778747559 355
1.7156314849853516 356
1.7218070030212402 356
1.728487253189087 356
1.7374744415283203 355
1.747929334640503 355
1.7565598487854004 354
1.7629749774932861 353
1.7700657844543457 353
1.7773950099945068 353
1.7838444709777832 353
1.79164457321167 355
1.7990546226501465 355
1.8060741424560547 356
1.8121895790100098 355
1.8191299438476562 355
1.826298713684082 354
1.8324556350708008 354
1.8404810428619385 353
1.8478810787200928 353
1.8548967838287354 353
1.8611257076263428 353
1.867938756942749 353
1.8751466274261475 354
1.8812243938446045 355
1.8892219066619873 357
1.8971421718597412 357
1.903170108795166 357
1.9100000858306885 357
1.917184829711914 356
1.923231601715088 355
1.9300990104675293 355
1.9412806034088135 355
1.9523570537567139 355
1.9592947959899902 354
1.9663679599761963 353
1.97251558303833 353
1.9797916412353516 352
1.987058162689209 352
1.9959602355957031 353
2.0025556087493896 354
2.009835958480835 354
2.017042636871338 354
2.0230515003204346 353
2.0299606323242188 353
2.037116289138794 352
2.0452051162719727 351
2.051243305206299 352
2.0579893589019775 352
2.0654211044311523 353
2.071641445159912 353
2.0783400535583496 353
2.0855844020843506 354
2.0924901962280273 355
2.0994930267333984 355
2.107483386993408 355
2.1142477989196777 355
2.1203691959381104 354
2.1277334690093994 353
2.134575843811035 352
2.140981912612915 352
2.152451753616333 353
2.1595914363861084 353
2.16709303855896 355
2.17311954498291 355
2.1801416873931885 355
2.18755841255188 354
2.195648431777954 353
2.2018392086029053 352
2.2092249393463135 352
2.2163162231445312 352
2.2224221229553223 353
2.229424476623535 353
2.2369134426116943 354
2.2429566383361816 355
2.2531914710998535 356
2.2600975036621094 356
2.267240047454834 355
2.2737581729888916 354
2.2802786827087402 354
2.2873947620391846 353
2.2938456535339355 354
2.302213430404663 355
2.30979061126709 355
2.3169829845428467 355
2.322964906692505 355
2.329763412475586 355
2.3369908332824707 353
2.343080759048462 352
2.351144790649414 351
2.3578920364379883 351
2.365299701690674 350
2.3713834285736084 351
2.378032684326172 352
2.385331392288208 353
2.3915963172912598 354
2.3994226455688477 355
2.4064295291900635 355
2.413288116455078 354
2.4202277660369873 353
2.4274933338165283 353
2.4343464374542236 354
2.440439462661743 355
2.4484071731567383 355
2.455732583999634 354
2.4618656635284424 353
2.468579053878784 353
2.475867986679077 352
2.482027292251587 352
2.4891457557678223 353
2.4964394569396973 354
2.5044305324554443 355
2.5115065574645996 355
2.518219470977783 355
2.5255486965179443 354
2.531714677810669 353
2.538377285003662 353
2.5502307415008545 354
2.557565689086914 355
2.564379930496216 357
2.5709710121154785 357
2.5820140838623047 357
2.589118003845215 356
2.5962612628936768 355
2.603818893432617 355
2.6104557514190674 355
2.6180331707000732 354
2.6255617141723633 354
2.631718397140503 353
2.6454262733459473 354
2.652435541152954 355
2.6594507694244385 356
2.666942834854126 356
2.6729815006256104 356
2.679804563522339 355
2.6870908737182617 354
2.693140983581543 353
2.70001220703125 353
2.7080390453338623 353
2.715651273727417 353
2.7217962741851807 354
2.728893756866455 355
2.7359442710876465 355
2.7420613765716553 355
2.7490122318267822 355
2.757978677749634 353
2.7657084465026855 352
2.771890640258789 351
2.7785489559173584 350
2.785997152328491 350
2.792117118835449 351
2.799144744873047 351
2.807283401489258 352
2.8133089542388916 352
2.821016311645508 353
2.8279130458831787 353
2.834913969039917 353
2.841139793395996 353
2.848050355911255 354
2.856206178665161 355
2.862393856048584 356
2.8693721294403076 357
2.876384735107422 357
2.8824784755706787 357
2.889805555343628 356
2.8970892429351807 355
2.9031968116760254 355
2.911510944366455 355
2.918229579925537 355
2.9259603023529053 355
2.9320437908172607 353
2.9390475749969482 353
2.946059226989746 351
2.9580793380737305 351
2.965604066848755 351
2.9717447757720947 351
2.978891372680664 353
2.9858858585357666 354
2.9920291900634766 355
2.99896240234375 355
3.0060338973999023 354
3.0133063793182373 353
3.0203518867492676 353
3.028191089630127 352
3.035475254058838 353
3.0416531562805176 353
3.048370122909546 354
3.0557150840759277 354
3.062980890274048 354
3.0697832107543945 353
3.0770866870880127 352
3.0831406116485596 351
3.09018611907959 351
3.097430467605591 351
3.103877067565918 351
3.1117076873779297 353
3.1184067726135254 353
3.1260883808135986 354
3.1322081089019775 354
3.139151096343994 354
3.1464314460754395 353
3.15254545211792 352
3.1605587005615234 352
3.167769193649292 353
3.174851179122925 353
3.181121587753296 354
3.1879422664642334 355
3.195197343826294 354
3.2013611793518066 353
3.2082130908966064 353
3.2164931297302246 353
3.222877025604248 354
3.2314560413360596 355
3.2381794452667236 356
3.245478868484497 357
3.2523763179779053 357
3.2593584060668945 356
3.2688376903533936 355
3.2772743701934814 355
3.2833187580108643 355
3.2901432514190674 355
3.298093557357788 355
3.3053431510925293 354
3.3115267753601074 353
3.319281816482544 352
3.326505184173584 352
3.3333704471588135 352
3.3402395248413086 353
3.3474016189575195 353
3.358189582824707 355
3.3664824962615967 355
3.3728365898132324 354
3.379978656768799 353
3.3872997760772705 352
3.39335560798645 352
3.4001972675323486 352
3.4075496196746826 353
3.415627956390381 354
3.421804904937744 354
3.4284822940826416 355
3.4361722469329834 355
3.442317247390747 355
3.450363874435425 353
3.458869695663452 353
3.469365119934082 353
3.478848934173584 353
3.488511085510254 355
3.4978015422821045 357
3.5076041221618652 357
3.517965793609619 356
3.5275402069091797 355
3.5374460220336914 354
3.544329881668091 355
3.550459146499634 355
3.55759859085083 355
3.5644166469573975 355
3.5720622539520264 355
3.579014539718628 355
3.5860888957977295 354
3.592376232147217 353
3.5993566513061523 353
3.60636568069458 353
3.6124753952026367 353
3.6204493045806885 354
3.6278607845306396 355
3.6351981163024902 356
3.641826629638672 357
3.6485087871551514 357
3.655726671218872 357
3.6618525981903076 356
3.6700055599212646 355
3.6772258281707764 355
3.6832573413848877 355
3.690281867980957 355
3.6974639892578125 354
3.7043051719665527 353
3.7104761600494385 353
3.7180111408233643 352
3.7261910438537598 353
3.7323997020721436 353
3.7400951385498047 353
3.7474091053009033 354
3.7585742473602295 356
3.766479253768921 357
3.7744743824005127 357
3.7821736335754395 357
3.7892863750457764 356
3.796518564224243 355
3.8029065132141113 355
3.80993914604187 354
3.817152261734009 354
3.8260459899902344 354
3.8323373794555664 354
3.8405308723449707 353
3.8477392196655273 353
3.854801654815674 353
3.8610312938690186 353
3.8680498600006104 353
3.8761091232299805 353
3.882174491882324 353
3.889173984527588 354
3.896231174468994 355
3.9023263454437256 355
3.9093286991119385 355
3.9163618087768555 354
3.924386978149414 353
3.9310450553894043 352
3.9378957748413086 351
3.9456024169921875 351
3.951741933822632 351
3.9584460258483887 353
3.9657227993011475 353
3.971853256225586 353
3.9795761108398438 353
3.987109422683716 355
3.993137836456299 355
3.999999761581421 355
4.0072081089019775 355
4.013173341751099 355
4.020001649856567 354
4.027950763702393 353
4.03521728515625 351
4.041648864746094 351
4.049509048461914 351
4.056997299194336 351
4.063054800033569 352
4.069932460784912 353
4.077870845794678 355
4.085139513015747 355
4.0911946296691895 355
4.098326921463013 355
4.105759859085083 354
4.111905097961426 353
4.118563890457153 352
4.1269614696502686 351
4.133028268814087 351
4.139812707901001 352
4.147104740142822 352
4.158262729644775 353
4.16588568687439 353
4.17201566696167 353
4.180201530456543 353
4.187554836273193 354
4.1943583488464355 355
4.201192140579224 355
4.2079408168792725 355
4.215139865875244 355
4.221166610717773 354
4.22914719581604 353
4.236227989196777 352
4.242396116256714 351
4.249358892440796 351
4.25751519203186 351
4.264354228973389 353
4.270459890365601 353
4.2790868282318115 353
4.2871246337890625 353
4.295695781707764 355
4.302553415298462 356
4.309499979019165 357
4.316987991333008 358
4.323038816452026 358
4.331006765365601 358
4.33787989616394 357
4.34531044960022 357
4.351471424102783 357
4.358869791030884 356
4.36591100692749 356
4.372006416320801 356
4.378952980041504 355
4.387177467346191 355
4.393195629119873 354
4.400099515914917 353
4.40746808052063 353
4.4142749309539795 353
4.420415639877319 353
4.427640676498413 354
4.435694217681885 355
4.441831827163696 355
4.448929786682129 355
4.456451416015625 355
4.4625325202941895 354
4.469855070114136 352
4.477095365524292 351
4.484858751296997 351
4.491116762161255 351
4.497952222824097 351
4.50516939163208 352
4.5112574100494385 353
4.518025875091553 354
4.525460958480835 355
4.532407999038696 355
4.5394487380981445 354
4.546480178833008 353
4.556201934814453 352
4.565455436706543 352
4.571634769439697 353
4.57898473739624 353
4.590990781784058 355
4.597875118255615 355
4.604901552200317 355
4.611217498779297 354
4.618004560470581 353
4.6252760887146 353
4.631394386291504 353
4.6419172286987305 355
4.649037599563599 356
4.656041860580444 357
4.662811517715454 358
4.66956639289856 358
4.6765220165252686 358
4.682875633239746 357
4.691692352294922 357
4.700071096420288 356
4.708272695541382 356
4.715541839599609 355
4.721809387207031 355
4.728530406951904 355
4.7357728481292725 355
4.742911100387573 354
4.749851942062378 353
4.757075071334839 352
4.76434326171875 352
4.77089786529541 352
4.7778027057647705 352
4.784895658493042 353
4.792040109634399 354
4.799011468887329 355
4.80601954460144 354
4.812186002731323 353
4.819490432739258 353
4.826961994171143 353
4.832984685897827 354
4.841723203659058 355
4.8484015464782715 356
4.855692625045776 357
4.861801624298096 357
4.869774580001831 356
4.87704062461853 356
4.884301662445068 355
4.891883850097656 355
4.8985466957092285 355
4.905810594558716 355
4.911900520324707 354
4.9188196659088135 353
4.92743444442749 352
4.9343101978302 352
4.941547393798828 352
4.949036598205566 353
4.959558486938477 355
4.967664957046509 356
4.9754743576049805 357
4.981634616851807 357
4.988479852676392 357
4.996939659118652 355
5.002945184707642 355
