0 0 
0.012618303298950195 1
0.021077632904052734 1
0.028214454650878906 2
0.0355229377746582 3
0.044734954833984375 6
0.05361747741699219 9
0.06287932395935059 13
0.06907057762145996 16
0.07587027549743652 21
0.08534717559814453 25
0.09222912788391113 30
0.10070157051086426 35
0.11225581169128418 44
0.11896967887878418 48
0.1281566619873047 56
0.1355600357055664 62
0.14305567741394043 69
0.15285968780517578 76
0.15906095504760742 81
0.16584324836730957 88
0.17516160011291504 94
0.18210077285766602 101
0.1888422966003418 106
0.19663453102111816 112
0.20589351654052734 120
0.21334600448608398 124
0.21957993507385254 130
0.22729206085205078 134
0.23662853240966797 142
0.24374032020568848 148
0.25205421447753906 153
0.26055026054382324 158
0.26774096488952637 162
0.2750074863433838 166
0.2830464839935303 170
0.2919909954071045 176
0.2982206344604492 179
0.30550479888916016 182
0.3137247562408447 188
0.32386231422424316 193
0.33011484146118164 196
0.3393833637237549 200
0.3493082523345947 204
0.36083292961120605 211
0.3698105812072754 215
0.381591796875 220
0.39088869094848633 224
0.40362000465393066 229
0.41219472885131836 233
0.4234492778778076 236
0.42972373962402344 238
0.43677234649658203 240
0.4451260566711426 243
0.45369410514831543 247
0.4598960876464844 249
0.46694445610046387 250
0.47406935691833496 252
0.4802854061126709 254
0.4874539375305176 256
0.4955625534057617 259
0.5030453205108643 261
0.513906717300415 264
0.523169994354248 265
0.5293819904327393 266
0.536550760269165 267
0.544713020324707 270
0.5508527755737305 272
0.5596504211425781 274
0.5668838024139404 276
0.5742268562316895 279
0.5806429386138916 280
0.5875208377838135 282
0.5957033634185791 284
0.6031496524810791 285
0.6094169616699219 287
0.6161799430847168 289
0.6236722469329834 291
0.6298773288726807 292
0.6369524002075195 293
0.6451716423034668 296
0.6520617008209229 297
0.6592001914978027 298
0.6659796237945557 299
0.6732654571533203 300
0.6794664859771729 300
0.6866838932037354 302
0.6937832832336426 304
0.701073408126831 307
0.7085959911346436 309
0.7155895233154297 310
0.7229957580566406 312
0.7292113304138184 312
0.7362165451049805 312
0.7437262535095215 312
0.7510185241699219 314
0.7579805850982666 315
0.7656641006469727 316
0.7730236053466797 316
0.7792227268218994 317
0.7860321998596191 318
0.7934169769287109 318
0.8005895614624023 320
0.807741641998291 321
0.8149693012237549 322
0.8214583396911621 323
0.828075647354126 324
0.8355557918548584 325
0.8428859710693359 327
0.8499178886413574 329
0.8569564819335938 330
0.8650288581848145 332
0.8715276718139648 332
0.8781039714813232 332
0.8853504657745361 332
0.8922228813171387 333
0.8996574878692627 334
0.9066553115844727 334
0.9173181056976318 335
0.925074577331543 334
0.9319536685943604 334
0.9386143684387207 335
0.9455392360687256 336
0.9537079334259033 336
0.9598901271820068 336
0.9677364826202393 337
0.9750006198883057 338
0.9815506935119629 339
0.9886786937713623 339
0.9955995082855225 339
1.0037219524383545 338
1.0098981857299805 339
1.0169038772583008 340
1.024019718170166 340
1.0302257537841797 341
1.0372440814971924 341
1.044801950454712 340
1.0526208877563477 341
1.0589337348937988 342
1.0679888725280762 343
1.075634479522705 343
1.0829370021820068 342
1.089085578918457 342
1.095994472503662 342
1.1041178703308105 342
1.1105256080627441 343
1.1173019409179688 344
1.1247639656066895 344
1.1308369636535645 344
1.1377379894256592 345
1.1449878215789795 346
1.1510860919952393 347
1.1591911315917969 348
1.1660821437835693 349
1.1739108562469482 350
1.1800878047943115 350
1.1871473789215088 349
1.1942272186279297 348
1.2006335258483887 347
1.208667278289795 347
1.215590000152588 347
1.2230610847473145 348
1.2293195724487305 348
1.2360687255859375 349
1.243448257446289 349
1.2495954036712646 350
1.2576735019683838 350
1.2649116516113281 351
1.2722344398498535 351
1.2787203788757324 351
1.2857465744018555 350
1.2931344509124756 349
1.2993571758270264 348
1.307204008102417 347
1.3181662559509277 347
1.3255701065063477 348
1.3330469131469727 349
1.339298963546753 350
1.3465499877929688 350
1.3538095951080322 350
1.361450433731079 350
1.3680052757263184 349
1.3757431507110596 348
1.3830535411834717 348
1.389256238937378 348
1.3959767818450928 348
1.4034476280212402 350
1.4107050895690918 350
1.4186811447143555 351
1.425593614578247 351
1.4328603744506836 350
1.4390580654144287 349
1.445815086364746 348
1.4533071517944336 348
1.4602866172790527 348
1.467561960220337 349
1.4752850532531738 350
1.482198715209961 351
1.488887071609497 351
1.495687484741211 351
1.5029428005218506 350
1.5100014209747314 349
1.5170600414276123 348
1.524285078048706 348
1.5306718349456787 348
1.5375590324401855 349
1.5448682308197021 350
1.5509204864501953 351
1.5578577518463135 352
1.5657646656036377 352
1.5736885070800781 351
1.5810339450836182 350
1.588120460510254 349
1.5953924655914307 348
1.6022562980651855 348
1.6087570190429688 349
1.616809606552124 350
1.6238675117492676 350
1.6300780773162842 349
1.6371207237243652 348
1.6446361541748047 347
1.650733232498169 347
1.6576683521270752 347
1.6657230854034424 348
1.6730577945709229 349
1.6796913146972656 350
1.6867718696594238 350
1.6938161849975586 350
1.6999449729919434 349
1.7074909210205078 348
1.7195870876312256 346
1.7267374992370605 346
1.7339582443237305 347
1.7401368618011475 348
1.7476906776428223 348
1.7549426555633545 348
1.7609953880310059 349
1.7690987586975098 350
1.7760341167449951 350
1.783801555633545 350
1.7899572849273682 350
1.7969846725463867 349
1.8041071891784668 348
1.810255527496338 348
1.8181462287902832 348
1.8255457878112793 348
1.8328821659088135 350
1.8390591144561768 351
1.845890760421753 352
1.853217363357544 353
1.859412431716919 354
1.867241382598877 354
1.874720573425293 353
1.8808393478393555 352
1.888671875 351
1.8956162929534912 351
1.9029057025909424 350
1.9090938568115234 350
1.9168975353240967 350
1.9240789413452148 349
1.930227518081665 349
1.9372131824493408 349
1.9447293281555176 350
1.9508090019226074 351
1.9578039646148682 352
1.9657585620880127 352
1.973128080368042 352
1.9793484210968018 352
1.9861500263214111 350
1.9954156875610352 350
2.002549171447754 350
2.009082555770874 349
2.015862226486206 349
2.024043321609497 350
2.030245780944824 350
2.0372188091278076 351
2.0446181297302246 351
2.050733804702759 351
2.0575673580169678 350
2.0651257038116455 349
2.07332444190979 348
2.0795023441314697 348
2.0881638526916504 348
2.096114158630371 348
2.103421926498413 350
2.109565019607544 351
2.1209447383880615 351
2.128138542175293 351
2.1356990337371826 350
2.14316987991333 349
2.1494128704071045 348
2.156184196472168 348
2.163490056991577 348
2.1706457138061523 348
2.1775219440460205 349
2.1850028038024902 350
2.1918785572052 351
2.1988205909729004 352
2.2056403160095215 352
2.2129151821136475 352
2.219088077545166 351
2.22695255279541 350
2.234044075012207 349
2.240227699279785 349
2.247556209564209 349
2.254838705062866 350
2.2609317302703857 351
2.2680304050445557 352
2.276055335998535 352
2.283399820327759 352
2.2895779609680176 351
2.2970073223114014 350
2.3042848110198975 350
2.310711145401001 350
2.3175604343414307 349
2.325617551803589 348
2.3329241275787354 348
2.339071273803711 348
2.3457932472229004 348
2.3530893325805664 349
2.3593451976776123 350
2.366532564163208 351
2.3747100830078125 351
2.380798578262329 351
2.3877053260803223 350
2.3952443599700928 350
2.4030349254608154 348
2.4092037677764893 348
2.4191272258758545 348
2.429900884628296 349
2.43969988822937 351
2.4488794803619385 352
2.4578864574432373 353
2.4670238494873047 353
2.477182626724243 352
2.4867892265319824 350
2.4953055381774902 349
2.5030558109283447 349
2.509246349334717 349
2.5199666023254395 350
2.5282270908355713 352
2.5356245040893555 353
2.5432515144348145 354
2.549438238143921 354
2.556209087371826 353
2.5635414123535156 353
2.569777488708496 352
2.5778539180755615 352
2.585076093673706 352
2.591536521911621 351
2.5995872020721436 350
2.6071245670318604 349
2.614213705062866 349
2.6206085681915283 349
2.6286470890045166 350
2.6356239318847656 351
2.6429190635681152 352
2.649056911468506 352
2.656003713607788 352
2.6634387969970703 352
2.6696245670318604 351
2.6840832233428955 348
2.6905131340026855 346
2.705862522125244 344
2.7131834030151367 344
2.7193872928619385 345
2.7266016006469727 346
2.7348577976226807 346
2.7409067153930664 346
2.7478206157684326 347
2.7561161518096924 348
2.7642154693603516 348
2.770642042160034 348
2.7775089740753174 348
2.785710573196411 349
2.793050765991211 350
2.7992184162139893 350
2.805979013442993 351
2.8147647380828857 351
2.8231990337371826 350
2.830781936645508 349
2.837742805480957 349
2.845130205154419 348
2.8526198863983154 348
2.8589582443237305 349
2.8657567501068115 350
2.873415946960449 350
2.87964129447937 351
2.8874802589416504 351
2.895106554031372 350
2.901573896408081 350
2.9089884757995605 350
2.919855833053589 348
2.9288887977600098 346
2.9372496604919434 345
2.945347547531128 344
2.952186107635498 344
2.9586546421051025 344
2.96574330329895 344
2.9730923175811768 346
2.9792890548706055 346
2.988131284713745 347
2.995957612991333 347
3.0032684803009033 347
3.0094568729400635 347
3.0169131755828857 348
3.0242152214050293 349
3.0306179523468018 350
3.0387606620788574 350
3.0469746589660645 350
3.0540771484375 349
3.060269355773926 348
3.067275047302246 347
3.0746772289276123 346
3.080758810043335 346
3.0891048908233643 347
3.09584379196167 348
3.103123188018799 348
3.1093802452087402 349
3.1168811321258545 349
3.12402606010437 348
3.130192995071411 348
3.13828444480896 349
3.145662546157837 350
3.1529531478881836 350
3.1590850353240967 350
3.165867328643799 349
3.1733601093292236 348
3.1795687675476074 346
3.1875336170196533 346
3.194850206375122 346
3.200896978378296 346
3.207932949066162 347
3.2151472568511963 348
3.2230446338653564 349
3.229222059249878 350
3.235960006713867 350
3.244070529937744 349
3.2502553462982178 348
3.2572922706604004 348
3.264827251434326 347
3.270885705947876 348
3.2778594493865967 348
3.2851057052612305 349
3.293302297592163 349
3.299499988555908 350
3.306623697280884 350
3.313707113265991 349
3.3253378868103027 348
3.332202911376953 346
3.3398449420928955 345
3.347059726715088 345
3.3540923595428467 346
3.3602516651153564 346
3.3672757148742676 347
3.3747119903564453 348
3.380783796310425 348
3.387869358062744 348
3.3958334922790527 349
3.4032487869262695 350
3.409454107284546 350
3.417219400405884 350
3.424987554550171 350
3.431504487991333 350
3.4382214546203613 348
3.4466421604156494 347
3.4537317752838135 347
3.459902763366699 347
3.4669079780578613 347
3.474036455154419 348
3.480205535888672 349
3.4872348308563232 350
3.4954802989959717 350
3.502579927444458 350
3.508993625640869 350
3.5157630443573 349
3.523594379425049 348
3.529766321182251 346
3.536954879760742 346
3.5450847148895264 346
3.551568031311035 346
3.5606088638305664 348
3.5677268505096436 349
3.5749881267547607 349
3.5814597606658936 348
3.5880210399627686 348
3.5958988666534424 349
3.6032795906066895 350
3.6095051765441895 350
3.616239309310913 351
3.6237099170684814 350
3.6306934356689453 350
3.637632369995117 350
3.6456551551818848 349
3.6530189514160156 348
3.6592061519622803 348
3.6659860610961914 347
3.673287868499756 347
3.679466962814331 348
3.68660044670105 349
3.695028305053711 350
3.701559543609619 350
3.7081758975982666 350
3.7153871059417725 349
3.7260305881500244 347
3.733926296234131 346
3.7401037216186523 345
3.7487077713012695 345
3.7556076049804688 346
3.7629342079162598 346
3.7690951824188232 347
3.7758986949920654 347
3.7832863330841064 348
3.7895047664642334 348
3.79744291305542 348
3.8049073219299316 348
3.812054395675659 350
3.81815767288208 350
3.8255255222320557 351
3.833278179168701 351
3.8395164012908936 350
3.84745192527771 349
3.85481333732605 348
3.860881805419922 348
3.8679840564727783 348
3.8751871585845947 349
3.882089614868164 350
3.8882408142089844 351
3.895473003387451 352
3.903651475906372 351
3.909823179244995 350
3.916807174682617 350
3.924034357070923 350
3.930203676223755 350
3.9378576278686523 349
3.945124387741089 348
3.953399181365967 347
3.959624767303467 346
3.966635227203369 346
3.973705768585205 347
3.97987961769104 347
3.9871137142181396 348
3.9941954612731934 348
4.0021467208862305 350
4.008524179458618 350
4.015488862991333 350
4.02283239364624 349
4.028934478759766 348
4.036129713058472 349
4.043663501739502 350
4.0509278774261475 350
4.057847499847412 350
4.066029787063599 349
4.073461532592773 348
4.0796263217926025 347
4.086763381958008 346
4.093911170959473 346
4.101564168930054 347
4.108529329299927 347
4.115496397018433 348
4.126065015792847 349
4.133581876754761 350
4.140134334564209 350
4.147309064865112 350
4.155503749847412 349
4.163022994995117 348
4.169207334518433 347
4.17599081993103 346
4.183285236358643 346
4.189472198486328 347
4.196260929107666 348
4.204645395278931 349
4.210737705230713 349
4.217814683914185 348
4.22523832321167 348
4.232094764709473 348
4.238256931304932 349
4.245968580245972 350
4.2540366649627686 350
4.26023268699646 349
4.2672529220581055 348
4.274639129638672 348
4.280735731124878 347
4.287805080413818 347
4.2951226234436035 348
4.301947116851807 348
4.3094329833984375 349
4.316189289093018 350
4.323490619659424 350
4.329694747924805 350
4.336742877960205 349
4.344804763793945 348
4.350878953933716 348
4.3589277267456055 348
4.365702152252197 349
4.373145580291748 350
4.379365682601929 351
4.386098146438599 351
4.393420934677124 351
4.399564743041992 350
4.407777309417725 349
4.415868282318115 348
4.4231696128845215 348
4.429380416870117 348
4.436132192611694 349
4.443443298339844 350
4.450041770935059 350
4.458109378814697 349
4.465572357177734 348
4.4730353355407715 348
4.479204177856445 347
4.485960006713867 347
4.4938859939575195 348
4.50316596031189 348
4.513878345489502 349
4.526958465576172 352
4.536088705062866 352
4.54564356803894 352
4.555582761764526 351
4.56584095954895 349
4.575687646865845 348
4.584651470184326 347
4.590754270553589 348
4.597722768783569 348
4.605133533477783 349
4.613339424133301 349
4.619539022445679 350
4.626255989074707 350
4.6335625648498535 349
4.639764308929443 348
4.647000312805176 348
4.654938459396362 347
4.663035154342651 348
4.669209957122803 348
4.675983905792236 349
4.684936761856079 349
4.6909966468811035 349
4.703779220581055 350
4.713343620300293 351
4.719543218612671 351
4.726643323898315 350
4.7340874671936035 350
4.740257024765015 349
4.74725079536438 348
4.756239652633667 349
4.764954090118408 350
4.771031379699707 350
4.778726100921631 351
4.785649538040161 351
4.792887210845947 350
4.799520254135132 350
4.806239366531372 348
4.815479040145874 348
4.823897361755371 348
4.830082178115845 349
4.837711334228516 350
4.844974994659424 351
4.851053714752197 352
4.859543800354004 352
4.867688179016113 352
4.874928712844849 351
4.882280588150024 350
4.888956069946289 348
4.895811080932617 348
4.903109312057495 348
4.909315347671509 348
4.918731212615967 350
4.929414749145508 350
4.9362874031066895 350
4.943846225738525 350
4.950059175491333 350
4.957879066467285 348
4.965847492218018 347
4.973885774612427 347
4.982573986053467 347
4.988897323608398 348
4.995822429656982 348
5.003317832946777 349
