0 0 
7.462501525878906e-05 0
0.011655330657958984 1
0.017856359481811523 1
0.024240493774414062 2
0.029975414276123047 3
0.03643393516540527 5
0.04328274726867676 7
0.04981660842895508 10
0.0561215877532959 12
0.06278467178344727 15
0.06826043128967285 18
0.07572627067565918 22
0.08214950561523438 26
0.08787393569946289 34
0.10086846351623535 38
0.10742521286010742 44
0.11420321464538574 49
0.11994600296020508 54
0.12624096870422363 58
0.13318753242492676 63
0.13869214057922363 70
0.14592957496643066 76
0.15518712997436523 82
0.16084671020507812 86
0.16715741157531738 92
0.1737673282623291 97
0.17946958541870117 104
0.185791015625 108
0.19220876693725586 115
0.19924497604370117 122
0.20600032806396484 128
0.2124483585357666 134
0.21839070320129395 139
0.22532939910888672 145
0.23093295097351074 150
0.23729157447814941 158
0.24390244483947754 164
0.2504429817199707 169
0.2570042610168457 175
0.26360487937927246 180
0.2693157196044922 188
0.2758355140686035 192
0.2822895050048828 200
0.2880222797393799 206
0.29441213607788086 211
0.30117297172546387 219
0.30823636054992676 225
0.3150475025177002 230
0.32042837142944336 236
0.3269326686859131 242
0.33370351791381836 248
0.3394441604614258 256
0.3457305431365967 262
0.3559761047363281 270
0.3609342575073242 274
0.36530041694641113 277
0.36838650703430176 281
0.3727407455444336 285
0.3759489059448242 287
0.3795125484466553 291
0.38362646102905273 295
0.3873746395111084 299
0.3909013271331787 303
0.39535975456237793 307
0.398451566696167 310
0.40377163887023926 314
0.40698719024658203 318
0.41098856925964355 322
0.4151954650878906 326
0.41828274726867676 330
0.4224131107330322 334
0.42584967613220215 336
0.42943692207336426 340
0.4335811138153076 344
0.43681955337524414 348
0.4401254653930664 352
0.44424867630004883 354
0.4474451541900635 358
0.45093846321105957 364
0.4559328556060791 366
0.459444522857666 370
0.46355748176574707 374
0.46677231788635254 378
0.470045804977417 382
0.4741396903991699 384
0.4773530960083008 387
0.4808380603790283 392
0.48521852493286133 395
0.4883279800415039 401
0.4970982074737549 407
0.5003819465637207 413
0.5057263374328613 415
0.509706974029541 421
0.5141332149505615 423
0.5173542499542236 427
0.5208649635314941 431
0.5252282619476318 435
0.5283029079437256 439
0.5324020385742188 443
0.5358238220214844 445
0.5393853187561035 449
0.5435082912445068 452
0.5467095375061035 456
0.5499982833862305 460
0.5552234649658203 466
0.5608904361724854 472
0.5672383308410645 479
0.5740513801574707 482
0.5798087120056152 488
0.5860998630523682 491
0.5927939414978027 494
0.5982780456542969 497
0.6058688163757324 500
0.6133246421813965 502
0.6189007759094238 504
0.6253764629364014 505
0.6310184001922607 506
0.6376290321350098 506
0.6441187858581543 506
0.6498317718505859 505
0.6583895683288574 504
0.6651427745819092 502
0.6707723140716553 501
0.677065372467041 499
0.6836528778076172 496
0.6894083023071289 493
0.6959328651428223 490
0.7023541927337646 487
0.7093193531036377 482
0.7161872386932373 478
0.72304368019104 474
0.7283370494842529 470
0.7351052761077881 466
0.7407283782958984 462
0.7473831176757812 456
0.7541284561157227 454
0.7582950592041016 450
0.7624433040618896 447
0.7658767700195312 445
0.7693781852722168 442
0.7735037803649902 439
0.7767577171325684 436
0.7800459861755371 432
0.7841506004333496 430
0.7873678207397461 427
0.7908711433410645 424
0.79512619972229 420
0.7981886863708496 419
0.8023135662078857 414
0.8057703971862793 410
0.8100919723510742 407
0.8143508434295654 405
0.818260669708252 400
0.8223514556884766 396
0.825782299041748 394
0.8292942047119141 391
0.833404541015625 387
0.8364012241363525 384
0.8399460315704346 380
0.8440837860107422 378
0.8472788333892822 375
0.8507986068725586 371
0.8549971580505371 368
0.8580563068389893 364
0.8634264469146729 360
0.8664155006408691 356
0.8699612617492676 353
0.8743653297424316 349
0.8777320384979248 347
0.881169319152832 344
0.8853652477264404 340
0.8884379863739014 336
0.8956284523010254 329
0.899979829788208 325
0.9042408466339111 323
0.9074537754058838 317
0.9127342700958252 314
0.9160897731781006 312
0.9200780391693115 306
0.9243698120117188 302
0.9277212619781494 300
0.9311683177947998 297
0.9355394840240479 293
0.9389293193817139 289
0.9431965351104736 285
0.9461827278137207 284
0.949749231338501 278
0.9538910388946533 276
0.9571216106414795 272
0.9621717929840088 268
0.9656643867492676 264
0.9691355228424072 260
0.9733326435089111 255
0.9789290428161621 250
0.9854433536529541 244
0.9910190105438232 240
0.9974589347839355 234
1.00425386428833 231
1.0099709033966064 228
1.017242193222046 224
1.0242128372192383 222
1.0299599170684814 220
1.0362670421600342 218
1.0431268215179443 217
1.0484001636505127 216
1.0553171634674072 216
1.0608947277069092 216
1.0680384635925293 217
1.075507402420044 218
1.081127405166626 219
1.0874173641204834 221
1.0940117835998535 222
1.0996816158294678 225
1.105973482131958 228
1.1124043464660645 230
1.1193561553955078 235
1.126169204711914 238
1.133208990097046 242
1.1388123035430908 246
1.1452984809875488 250
1.1509206295013428 254
1.1572320461273193 260
1.1656532287597656 264
1.1699903011322021 268
1.1749486923217773 271
1.1780438423156738 272
1.1817386150360107 276
1.1855802536010742 278
1.1890177726745605 282
1.1931931972503662 285
1.1961872577667236 287
1.1997284889221191 292
1.2038493156433105 294
1.2070882320404053 297
1.2103638648986816 300
1.2157816886901855 304
1.219381332397461 308
1.2235069274902344 311
1.2267112731933594 315
1.2300145626068115 318
1.234278917312622 320
1.2376208305358887 324
1.2410333156585693 327
1.2452492713928223 331
1.2483365535736084 334
1.2524490356445312 338
1.255882978439331 340
1.2593913078308105 344
1.2636644840240479 349
1.267934799194336 351
1.271646499633789 355
1.2755064964294434 358
1.2788634300231934 362
1.2830758094787598 366
1.2860631942749023 368
1.2895796298980713 372
1.296370267868042 379
1.300868272781372 383
1.305250644683838 387
1.3083086013793945 391
1.3124144077301025 394
1.3170061111450195 398
1.3202998638153076 402
1.3249013423919678 406
1.3279569149017334 410
1.333019733428955 414
1.336026906967163 416
1.3395261764526367 420
1.3436081409454346 424
1.3468520641326904 428
1.350123643875122 431
1.3543827533721924 435
1.357715129852295 437
1.361144781112671 441
1.365464448928833 445
1.3698103427886963 451
1.373955249786377 453
1.3771781921386719 457
1.3804397583007812 460
1.384885549545288 466
1.3902926445007324 472
1.3970222473144531 477
1.4036333560943604 482
1.4093694686889648 487
1.415879487991333 491
1.4235706329345703 494
1.4291737079620361 498
1.436185598373413 500
1.4430177211761475 502
1.4483046531677246 504
1.4551217555999756 504
1.4607326984405518 505
1.4670512676239014 506
1.474912405014038 506
1.480271577835083 505
1.4868297576904297 504
1.4934513568878174 503
1.4990894794464111 502
1.5054600238800049 500
1.5111913681030273 498
1.5176241397857666 495
1.5254433155059814 492
1.5311100482940674 489
1.5377042293548584 484
1.5442180633544922 481
1.549973726272583 477
1.556267499923706 474
1.5631084442138672 470
1.568394660949707 464
1.5759971141815186 460
1.582432508468628 456
1.5858709812164307 455
1.5893568992614746 452
1.5936360359191895 449
1.5968613624572754 446
1.600142478942871 442
1.6042776107788086 441
1.6074585914611816 438
1.6109657287597656 434
1.6151659488677979 431
1.6182200908660889 428
1.6235437393188477 424
1.6267318725585938 421
1.6299901008605957 418
1.6341233253479004 414
1.6379938125610352 412
1.6417250633239746 409
1.645533800125122 406
1.648885726928711 402
1.653280258178711 398
1.656266450881958 397
1.6597771644592285 392
1.6639142036437988 390
1.6671361923217773 386
1.6703946590423584 381
1.676778793334961 377
1.6802527904510498 374
1.6843605041503906 372
1.687694787979126 368
1.6911072731018066 360
1.6994342803955078 357
1.7037017345428467 353
1.7068970203399658 350
1.710172176361084 346
1.7149124145507812 342
1.7179937362670898 340
1.7217280864715576 334
1.726381778717041 331
1.7299542427062988 327
1.7340943813323975 325
1.7373030185699463 322
1.741683006286621 318
1.745563268661499 314
1.7490055561065674 310
1.7532663345336914 306
1.7562618255615234 303
1.759805679321289 299
1.763899803161621 297
1.7742042541503906 288
1.777498722076416 284
1.7810337543487549 280
1.785398006439209 276
1.7887985706329346 272
1.7931013107299805 268
1.796126365661621 267
1.7996432781219482 263
1.8037550449371338 259
1.8070218563079834 253
1.8136441707611084 248
1.8193790912628174 241
1.8267502784729004 237
1.8337268829345703 232
1.8431344032287598 226
1.8507614135742188 222
1.8595454692840576 219
1.8678920269012451 216
1.8776414394378662 214
1.88893723487854 214
1.8974416255950928 214
1.9058983325958252 215
1.915095329284668 216
1.9222118854522705 218
1.9291367530822754 220
1.9355523586273193 222
1.9412310123443604 225
1.9481990337371826 228
1.9550766944885254 231
1.9604661464691162 234
1.967055082321167 238
1.9737112522125244 243
1.9802215099334717 247
1.9867291450500488 251
1.9934117794036865 255
1.9990713596343994 260
2.005497455596924 262
2.008883237838745 266
2.0132720470428467 269
2.0162627696990967 272
2.0197949409484863 275
2.023906707763672 277
2.027998685836792 280
2.0317490100860596 283
2.0355944633483887 287
2.0390491485595703 290
2.0433669090270996 294
2.0471673011779785 297
2.0507090091705322 300
2.054946184158325 304
2.058058261871338 306
2.062150478363037 309
2.065629720687866 313
2.0690979957580566 316
2.073439598083496 320
2.078336000442505 325
2.0827653408050537 329
2.0859551429748535 331
2.0895304679870605 334
2.093658447265625 342
2.1004550457000732 346
2.1050777435302734 349
2.1081736087799072 351
2.1122913360595703 357
2.11592698097229 359
2.119443893432617 362
2.1236684322357178 366
2.1268937587738037 370
2.1312458515167236 374
2.135662794113159 378
2.139099359512329 382
2.1433191299438477 386
2.1462926864624023 390
2.1503169536590576 393
2.154449701309204 397
2.1578564643859863 399
2.161170482635498 402
2.1653683185577393 406
2.1684083938598633 410
2.172767162322998 414
2.1761107444763184 416
2.1803641319274902 422
2.1854958534240723 426
2.1898109912872314 432
2.194398880004883 436
2.1977460384368896 438
2.201188087463379 442
2.205371618270874 446
2.20843243598938 449
2.21305775642395 453
2.216055154800415 455
2.2195887565612793 459
2.223695755004883 465
2.229480743408203 472
2.2368383407592773 478
2.2434818744659424 482
2.2490854263305664 488
2.256084680557251 491
2.2627651691436768 494
2.268253803253174 497
2.2750110626220703 500
2.2817437648773193 502
2.287909984588623 504
2.2943527698516846 505
2.3001549243927 506
2.3068771362304688 506
2.313629627227783 506
2.319396495819092 505
2.3257105350494385 504
2.3332571983337402 503
2.338883399963379 502
2.345371723175049 500
2.351008176803589 497
2.357980966567993 494
2.3648364543914795 492
2.3702147006988525 488
2.3769357204437256 486
2.3842060565948486 481
2.3899741172790527 477
2.3963379859924316 473
2.4031951427459717 469
2.4087932109832764 465
2.4152910709381104 460
2.420940637588501 458
2.4251151084899902 454
2.4281928539276123 453
2.4322988986968994 448
2.437033176422119 445
2.4403064250946045 442
2.444410800933838 438
2.4477219581604004 437
2.4511172771453857 434
2.455810070037842 430
2.4593405723571777 427
2.463451623916626 424
2.4664530754089355 420
2.4699859619140625 417
2.474146604537964 415
2.477337121963501 412
2.4808413982391357 408
2.4858524799346924 405
2.489386558532715 401
2.4936630725860596 398
2.499851942062378 390
2.5051639080047607 387
2.5082409381866455 385
2.512361764907837 380
2.5159101486206055 378
2.519427537918091 374
2.5237348079681396 370
2.526942729949951 367
2.530196189880371 363
2.534339427947998 360
2.5388994216918945 356
2.543165683746338 352
2.5461690425872803 350
2.5497384071350098 345
2.5540575981140137 343
2.5579397678375244 339
2.5621559619903564 334
2.5657846927642822 332
2.5692977905273438 328
2.573439598083496 324
2.576421022415161 320
2.579981803894043 317
2.584125280380249 313
2.588392972946167 309
2.5927774906158447 305
2.596004009246826 303
2.599543333053589 300
2.6036620140075684 296
2.6068851947784424 292
2.610161066055298 288
2.6144661903381348 284
2.617938995361328 280
2.622460126876831 277
2.6258809566497803 275
2.629380226135254 269
2.6338279247283936 267
2.638030767440796 264
2.6421759128570557 256
2.6479218006134033 250
2.6543476581573486 246
2.6600821018218994 241
2.6670780181884766 237
2.67387056350708 233
2.6795501708984375 229
2.6858651638031006 226
2.693861484527588 223
2.7003772258758545 221
2.7068963050842285 220
2.7136940956115723 218
2.719419479370117 217
2.7257134914398193 217
2.731738567352295 217
2.7391040325164795 218
2.745563268661499 218
2.7511847019195557 220
2.7574868202209473 222
2.7648098468780518 224
2.770887851715088 226
2.7772231101989746 229
2.7838497161865234 231
2.790865421295166 236
2.7973742485046387 240
2.8039724826812744 242
2.809741258621216 248
2.816103458404541 252
2.8238747119903564 256
2.8296453952789307 262
2.8359529972076416 263
2.840271472930908 268
2.8448596000671387 271
2.847960948944092 272
2.85172438621521 277
2.8557450771331787 279
2.8592729568481445 282
2.863402843475342 286
2.867124080657959 289
2.870405912399292 292
2.874887704849243 296
2.8783555030822754 299
2.882751703262329 302
2.885965347290039 304
2.8895161151885986 310
2.894465684890747 313
2.900430917739868 320
2.905749797821045 322
2.909274101257324 326
2.9136464595794678 329
2.916879415512085 333
2.9201698303222656 336
2.9244465827941895 340
2.9278550148010254 342
2.931257486343384 346
2.9354565143585205 350
2.938873529434204 355
2.9439315795898438 357
2.9471676349639893 361
2.9504244327545166 364
2.9551422595977783 368
2.9581995010375977 370
2.9623289108276367 376
2.9657609462738037 378
2.96974515914917 384
2.974026918411255 386
2.9772591590881348 389
2.9807920455932617 393
2.984980821609497 397
2.9880454540252686 399
2.992133378982544 405
2.996384382247925 408
2.9999215602874756 412
3.004042387008667 414
3.007244825363159 418
3.0107421875 422
3.014928102493286 426
3.0179922580718994 428
3.021730661392212 432
3.025538682937622 436
3.0288984775543213 442
3.0350050926208496 446
3.03813099861145 449
3.044140338897705 455
3.0479767322540283 457
3.051706314086914 465
3.0578629970550537 470
3.064282178878784 476
3.0704362392425537 482
3.0779871940612793 486
3.0849246978759766 489
3.0903239250183105 494
3.0980641841888428 496
3.104865550994873 498
3.110260248184204 500
3.1168458461761475 502
3.1234397888183594 503
3.129093647003174 504
3.1355161666870117 504
3.141140937805176 504
3.1484620571136475 504
3.155423164367676 503
3.1610286235809326 502
3.1673665046691895 500
3.1743736267089844 498
3.180077314376831 496
3.1863579750061035 494
3.193237781524658 490
3.1998252868652344 487
3.207608222961426 483
3.2153759002685547 479
3.2210121154785156 476
3.2273061275482178 470
3.2339165210723877 468
3.2396562099456787 462
3.2459843158721924 458
3.253653049468994 454
3.256859540939331 452
3.2601511478424072 448
3.264251708984375 447
3.267444133758545 444
3.2709338665008545 440
3.2757506370544434 437
3.279275417327881 434
3.283402681350708 430
3.2863807678222656 427
3.289888381958008 424
3.2939512729644775 422
3.2981202602386475 414
3.3060762882232666 412
3.3096373081207275 408
3.3138883113861084 405
3.317112445831299 402
3.320343255996704 398
3.3249435424804688 394
3.3280255794525146 393
3.3317525386810303 387
3.3357434272766113 386
3.3392367362976074 382
3.3434958457946777 378
3.3467464447021484 374
3.3510191440582275 371
3.3552398681640625 367
3.35831880569458 364
3.3626935482025146 360
3.3660123348236084 358
3.3695385456085205 354
3.373636484146118 351
3.376861333847046 347
3.38086199760437 343
3.385075569152832 340
3.388166666030884 338
3.3923051357269287 332
3.395907402038574 330
3.4001998901367188 324
3.405047655105591 321
3.4081363677978516 319
3.412245750427246 313
3.4157333374023438 311
3.4192891120910645 308
3.4234392642974854 304
3.42641544342041 300
3.4299728870391846 296
3.434129238128662 294
3.4373586177825928 290
3.4408962726593018 287
3.445112705230713 283
3.4481935501098633 277
3.454078435897827 275
3.45729660987854 272
3.460833787918091 268
3.465056896209717 264
3.4681448936462402 262
3.4722509384155273 254
3.4781734943389893 249
3.4855127334594727 244
3.491154909133911 240
3.497469663619995 234
3.505307912826538 230
3.510946273803711 227
3.517387866973877 224
3.523977041244507 222
3.5296850204467773 219
3.5359697341918945 218
3.5480213165283203 216
3.55550217628479 215
3.5611441135406494 215
3.5674405097961426 215
3.5742342472076416 216
3.57999587059021 217
3.586899518966675 218
3.5935041904449463 220
3.5992391109466553 223
3.606436252593994 225
3.61329984664917 228
3.6188766956329346 231
3.6253387928009033 234
3.631000518798828 238
3.6374402046203613 243
3.6440036296844482 245
3.6497602462768555 250
3.6572537422180176 256
3.663872003555298 259
3.6695845127105713 262
3.6737184524536133 266
3.6769237518310547 268
3.6801960468292236 272
3.6850991249084473 275
3.688239574432373 278
3.6923558712005615 281
3.6959760189056396 283
3.7037951946258545 292
3.708056926727295 293
3.712123394012451 298
3.7168869972229004 302
3.7202816009521484 305
3.7248988151550293 309
3.7279932498931885 310
3.7317354679107666 316
3.735842704772949 318
3.7394118309020996 321
3.7435595989227295 325
3.746793746948242 328
3.750103712081909 332
3.754417657852173 336
3.7590765953063965 340
3.7632951736450195 344
3.766277551651001 347
3.7698116302490234 351
3.7739720344543457 353
3.7772068977355957 356
3.780744791030884 360
3.7849574089050293 364
3.7879979610443115 366
3.7917094230651855 370
3.7955322265625 373
3.7988908290863037 377
3.8031530380249023 381
3.807180643081665 385
3.8107357025146484 389
3.815114736557007 392
3.8181822299957275 394
3.8222570419311523 400
3.825713872909546 402
3.829144239425659 406
3.8333451747894287 410
3.836312770843506 414
3.8398284912109375 418
3.843935966491699 420
3.8471579551696777 424
3.850428342819214 428
3.854865074157715 431
3.8590266704559326 435
3.8633973598480225 439
3.866389036178589 443
3.8698978424072266 447
3.8741378784179688 449
3.8773934841156006 453
3.880910873413086 457
3.885096549987793 461
3.888162136077881 466
3.894962787628174 472
3.9003243446350098 477
3.906881809234619 483
3.91563081741333 490
3.9241955280303955 493
3.9331958293914795 498
3.9409525394439697 501
3.9498846530914307 504
3.9598441123962402 506
3.968351125717163 506
3.976435661315918 506
3.985459089279175 505
3.994199514389038 504
4.0007688999176025 503
4.007068634033203 500
4.014416217803955 498
4.020153760910034 496
4.026740550994873 493
4.033355951309204 490
4.038912057876587 487
4.045374155044556 484
4.051009654998779 480
4.057471036911011 475
4.065253496170044 471
4.0708887577056885 465
4.078104734420776 461
4.084882736206055 458
4.087957859039307 456
4.091677665710449 452
4.0959813594818115 450
4.099555730819702 444
4.107275724411011 441
4.11236834526062 436
4.116036891937256 434
4.119524717330933 431
4.123874187469482 428
4.127067804336548 424
4.130314826965332 421
4.134912014007568 417
4.137986421585083 416
4.1416754722595215 412
4.145524740219116 408
4.148892641067505 405
4.153108835220337 402
4.156101942062378 400
4.159635066986084 394
4.164412975311279 391
4.16773796081543 389
4.171144962310791 386
4.175527334213257 382
4.178930759429932 378
4.18315863609314 374
4.186146020889282 373
4.189669370651245 367
4.193784713745117 366
4.197464942932129 362
4.20100474357605 358
4.205206632614136 354
4.2082719802856445 351
4.2123637199401855 347
4.216459035873413 343
4.21999454498291 340
4.225059270858765 336
4.229501724243164 330
4.234091520309448 328
4.237320899963379 324
4.2408552169799805 321
4.245093107223511 317
4.248180150985718 315
4.2522969245910645 309
4.255947113037109 308
4.259510517120361 304
4.264380216598511 298
4.267827987670898 296
4.2711944580078125 292
4.275421142578125 288
4.278810739517212 285
4.283061504364014 281
4.286112546920776 279
4.289639234542847 275
4.293886423110962 271
4.297093629837036 268
4.300367593765259 264
4.304790258407593 260
4.307902574539185 254
4.315535068511963 249
4.321239948272705 244
4.3276731967926025 238
4.33416223526001 234
4.339883804321289 230
4.3462066650390625 227
4.353220701217651 224
4.361776113510132 221
4.369248628616333 219
4.375595331192017 218
4.381243944168091 216
4.387890100479126 216
4.394359111785889 215
4.400084972381592 216
4.406402587890625 216
4.414279937744141 217
4.4227752685546875 218
4.428300619125366 220
4.435082197189331 222
4.440447807312012 224
4.447004556655884 227
4.453619718551636 230
4.459352254867554 233
4.46569299697876 237
4.473796129226685 242
4.4816741943359375 248
4.487738847732544 252
4.494244337081909 256
4.4999871253967285 264
4.512309789657593 268
4.515997648239136 271
4.520352840423584 274
4.524976491928101 278
4.528050184249878 279
4.531754970550537 284
4.535879850387573 286
4.5394206047058105 289
4.543540000915527 292
4.546767711639404 296
4.550074100494385 299
4.554192304611206 301
4.557407855987549 304
4.560917615890503 310
4.566113233566284 314
4.570758104324341 317
4.574982404708862 320
4.578046083450317 322
4.581754207611084 326
4.585602760314941 330
4.589066028594971 333
4.593385219573975 337
4.5963850021362305 341
4.5999085903167725 344
4.604020833969116 346
4.607263088226318 350
4.6111626625061035 354
4.615384578704834 358
4.618434190750122 361
4.624415874481201 367
4.629082202911377 371
4.63362979888916 374
4.6368513107299805 378
4.640138626098633 382
4.644407510757446 386
4.647756576538086 388
4.651178359985352 392
4.655536413192749 396
4.658890247344971 400
4.663111448287964 404
4.666095733642578 405
4.670353651046753 411
4.674879789352417 415
4.677987098693848 417
4.681709289550781 421
4.6855244636535645 425
4.688905239105225 429
4.693173170089722 433
4.696153163909912 435
4.699671983718872 438
4.7037622928619385 442
4.706991910934448 446
4.710291862487793 450
4.714872598648071 454
4.717968940734863 458
4.723365306854248 464
4.729006052017212 470
4.735436916351318 475
4.7411253452301025 480
4.747464418411255 485
4.7540953159332275 489
4.759805202484131 492
4.76611852645874 495
4.773930311203003 498
4.779672861099243 500
4.7859649658203125 502
4.792443752288818 504
4.798223495483398 504
4.804971933364868 505
4.810356378555298 505
4.8168792724609375 505
4.824225664138794 504
4.829983711242676 502
4.836446046829224 501
4.84330415725708 499
4.848878622055054 497
4.855384111404419 495
4.861024856567383 492
4.867312908172607 488
4.875041246414185 485
4.8804473876953125 482
4.887024164199829 478
4.893799781799316 474
4.8995444774627686 466
4.910000562667847 462
4.916456460952759 458
4.923476219177246 454
4.9276604652404785 451
4.931074857711792 448
4.935405492782593 445
4.938465118408203 442
4.943047285079956 439
4.946070432662964 437
4.949586629867554 434
4.953814506530762 430
4.957020282745361 427
4.960279941558838 424
4.964384078979492 420
4.967718124389648 419
4.971128463745117 415
4.976130485534668 412
4.979737997055054 406
4.983833312988281 405
4.9870219230651855 401
4.99027681350708 398
4.994375228881836 396
4.9977171421051025 392
