0 0 
7.915496826171875e-05 0
0.011145591735839844 0
0.016642093658447266 0
0.023131608963012695 1
0.02968287467956543 2
0.03526926040649414 4
0.04146456718444824 6
0.04898476600646973 9
0.05412006378173828 11
0.06068682670593262 14
0.06667780876159668 17
0.07291960716247559 20
0.07954573631286621 24
0.08514046669006348 28
0.09135007858276367 31
0.09885191917419434 37
0.10408687591552734 41
0.1107640266418457 46
0.11600947380065918 51
0.12248396873474121 55
0.1291801929473877 60
0.134674072265625 65
0.14119982719421387 70
0.14670872688293457 77
0.1538524627685547 82
0.16017484664916992 87
0.16580867767333984 92
0.17256736755371094 97
0.1790921688079834 103
0.18454527854919434 108
0.19094133377075195 113
0.19621968269348145 121
0.20477962493896484 127
0.21108460426330566 132
0.21659421920776367 137
0.22280263900756836 143
0.22934222221374512 149
0.2348954677581787 155
0.24118995666503906 160
0.24670982360839844 168
0.2539222240447998 173
0.2607426643371582 179
0.2659912109375 185
0.27291297912597656 191
0.28000736236572266 198
0.28608274459838867 204
0.29253673553466797 210
0.3031961917877197 221
0.3098766803741455 225
0.31558918952941895 233
0.322080135345459 239
0.32895350456237793 245
0.33415770530700684 251
0.3408498764038086 257
0.34612035751342773 265
0.35346436500549316 270
0.35984301567077637 274
0.36548352241516113 282
0.3717019557952881 288
0.3790912628173828 294
0.3845844268798828 300
0.3910946846008301 305
0.3965952396392822 313
0.40387773513793945 319
0.4102027416229248 325
0.4158306121826172 331
0.4220011234283447 337
0.4287378787994385 343
0.43393945693969727 349
0.4408297538757324 353
0.4438614845275879 355
0.4475126266479492 359
0.45131754875183105 365
0.45558953285217285 369
0.4596726894378662 371
0.46282362937927246 377
0.46934032440185547 383
0.4753837585449219 392
0.48679637908935547 398
0.4953916072845459 403
0.5028197765350342 407
0.5106568336486816 409
0.5159828662872314 412
0.5234036445617676 414
0.5297996997833252 415
0.5354299545288086 416
0.5430192947387695 417
0.5505983829498291 417
0.5569841861724854 416
0.5635061264038086 415
0.5698826313018799 414
0.5755224227905273 412
0.5831224918365479 409
0.590709924697876 407
0.5959954261779785 404
0.603710412979126 401
0.6111817359924316 397
0.616687536239624 393
0.6238632202148438 389
0.6301686763763428 385
0.6357872486114502 381
0.6420047283172607 377
0.6488776206970215 373
0.6541171073913574 367
0.6615757942199707 365
0.6650300025939941 362
0.6691160202026367 359
0.6720590591430664 356
0.6755504608154297 353
0.6810152530670166 349
0.6853504180908203 343
0.6919155120849609 338
0.6985068321228027 330
0.7105541229248047 327
0.715829610824585 323
0.7221925258636475 321
0.7290794849395752 319
0.7345590591430664 316
0.7425646781921387 315
0.7491166591644287 314
0.7546079158782959 313
0.7616269588470459 313
0.7675008773803711 313
0.773465633392334 314
0.7800381183624268 315
0.7861506938934326 316
0.7925970554351807 317
0.7992541790008545 319
0.8046929836273193 322
0.8117771148681641 324
0.8180522918701172 328
0.8236443996429443 331
0.8300745487213135 335
0.835700273513794 338
0.8418917655944824 342
0.8481752872467041 346
0.8537380695343018 350
0.8613295555114746 353
0.8646740913391113 356
0.8688955307006836 359
0.8718132972717285 361
0.8752572536468506 363
0.8793008327484131 367
0.8822095394134521 370
0.8861105442047119 375
0.8925857543945312 379
0.8991379737854004 383
0.9046452045440674 389
0.9119925498962402 391
0.9189066886901855 394
0.9241483211517334 397
0.9308533668518066 399
0.9361488819122314 400
0.9426031112670898 401
0.949129581451416 402
0.954585075378418 403
0.9617435932159424 403
0.9681110382080078 402
0.9737205505371094 401
0.9802017211914062 400
0.9858465194702148 399
0.9927163124084473 397
0.9992501735687256 395
1.004812479019165 392
1.0111467838287354 389
1.0187571048736572 385
1.02396821975708 382
1.0305569171905518 379
1.0358643531799316 375
1.0424730777740479 371
1.0490036010742188 367
1.0541598796844482 365
1.0582010746002197 361
1.0616364479064941 359
1.0658953189849854 356
1.0699608325958252 354
1.0731003284454346 351
1.0765674114227295 347
1.082775354385376 342
1.089289903640747 338
1.095393180847168 333
1.1056938171386719 328
1.1120750904083252 325
1.1198019981384277 324
1.1254010200500488 321
1.131748914718628 321
1.138071060180664 319
1.1436541080474854 319
1.1499512195587158 319
1.155562400817871 319
1.1619327068328857 320
1.1696269512176514 321
1.1752188205718994 322
1.181408405303955 324
1.1869447231292725 327
1.1938297748565674 329
1.201159954071045 332
1.2066800594329834 335
1.212876319885254 339
1.2205626964569092 343
1.2258875370025635 347
1.232114553451538 351
1.2388677597045898 353
1.241814374923706 355
1.2452828884124756 357
1.2499382495880127 362
1.2541635036468506 365
1.2590551376342773 368
1.2619705200195312 369
1.266141414642334 375
1.272611379623413 380
1.2793140411376953 384
1.2848584651947021 388
1.2911593914031982 391
1.2974746227264404 395
1.3036565780639648 397
1.3100225925445557 399
1.3156688213348389 401
1.3229782581329346 402
1.329472303390503 403
1.3351051807403564 403
1.3414533138275146 403
1.347015619277954 403
1.3532066345214844 401
1.3596925735473633 401
1.3652958869934082 399
1.3724637031555176 397
1.3790206909179688 395
1.3841917514801025 392
1.39095139503479 389
1.3962078094482422 385
1.405421495437622 380
1.4139554500579834 375
1.4234075546264648 369
1.4321820735931396 366
1.4367849826812744 361
1.442009449005127 359
1.446622610092163 356
1.4514179229736328 351
1.4560749530792236 345
1.4641640186309814 339
1.4738211631774902 332
1.4854023456573486 328
1.4920217990875244 325
1.499272108078003 322
1.5091965198516846 321
1.5146560668945312 319
1.5221211910247803 319
1.5289666652679443 318
1.5341370105743408 318
1.5407321453094482 319
1.5460138320922852 319
1.552159309387207 320
1.5591151714324951 321
1.5645875930786133 323
1.5715482234954834 325
1.5774996280670166 328
1.5836913585662842 330
1.5899715423583984 333
1.5955541133880615 337
1.602503776550293 340
1.6090059280395508 343
1.614180088043213 347
1.6207759380340576 351
1.627481460571289 354
1.6312143802642822 357
1.6342134475708008 360
1.6385431289672852 363
1.6419942378997803 364
1.6454963684082031 369
1.6495614051818848 370
1.6526741981506348 375
1.659205436706543 379
1.6646642684936523 384
1.6710352897644043 389
1.6781492233276367 391
1.6837515830993652 394
1.6905534267425537 397
1.6958918571472168 398
1.7024867534637451 400
1.7094664573669434 401
1.7150914669036865 402
1.7212657928466797 403
1.7292511463165283 402
1.7348136901855469 402
1.7411267757415771 401
1.7466161251068115 400
1.7528150081634521 399
1.7600033283233643 397
1.766052007675171 394
1.772470235824585 391
1.7798068523406982 389
1.7854628562927246 385
1.7916874885559082 383
1.7979621887207031 379
1.8034985065460205 375
1.8107211589813232 371
1.816009759902954 367
1.8226380348205566 365
1.8269073963165283 361
1.831068992614746 359
1.8340826034545898 356
1.838127613067627 353
1.8414595127105713 351
1.8448553085327148 347
1.851168155670166 343
1.8566641807556152 339
1.8628714084625244 335
1.8693454265594482 332
1.8756651878356934 328
1.882169485092163 326
1.8888933658599854 324
1.8940627574920654 322
1.900719404220581 321
1.9112024307250977 320
1.9174439907073975 319
1.9236114025115967 320
1.931215524673462 320
1.9367167949676514 321
1.9430830478668213 323
1.949730634689331 324
1.9553675651550293 326
1.9615702629089355 328
1.9674882888793945 331
1.973449945449829 334
1.980778455734253 337
1.9860186576843262 341
1.9938981533050537 345
2.000701904296875 349
2.005953311920166 353
2.012827157974243 355
2.016031265258789 358
2.020068883895874 360
2.023186683654785 363
2.0267581939697266 367
2.0316267013549805 369
2.0350840091705322 373
2.041274070739746 378
2.046778678894043 382
2.0529961585998535 387
2.0596601963043213 389
2.0652902126312256 393
2.0715174674987793 394
2.0774307250976562 397
2.0846776962280273 398
2.0910489559173584 399
2.0965631008148193 400
2.1027944087982178 401
2.1093101501464844 401
2.11541748046875 400
2.121771812438965 399
2.128084182739258 398
2.1348648071289062 396
2.1411755084991455 395
2.14678692817688 393
2.1529879570007324 390
2.159467935562134 387
2.1650941371917725 385
2.1712796688079834 381
2.1846165657043457 373
2.1910226345062256 369
2.1965363025665283 367
2.2013769149780273 364
2.2048072814941406 361
2.2090930938720703 358
2.212022304534912 357
2.2159066200256348 353
2.2200188636779785 351
2.223206043243408 345
2.229691982269287 341
2.2361528873443604 337
2.242725372314453 333
2.249234676361084 330
2.254664182662964 327
2.261005401611328 325
2.2665674686431885 323
2.2749013900756836 321
2.281599998474121 320
2.2891838550567627 319
2.2946484088897705 319
2.3011770248413086 319
2.3111112117767334 320
2.316622495651245 321
2.3234567642211914 323
2.3299615383148193 325
2.3366236686706543 327
2.3431198596954346 330
2.349614381790161 332
2.35520601272583 336
2.3615903854370117 339
2.3674705028533936 342
2.373436689376831 347
2.3798158168792725 351
2.3861961364746094 353
2.39064359664917 356
2.3936941623687744 358
2.397012948989868 361
2.4011433124542236 363
2.4041593074798584 367
2.4082179069519043 369
2.411580801010132 371
2.41500186920166 377
2.421860933303833 382
2.428203582763672 386
2.433826208114624 389
2.4412693977355957 393
2.446821689605713 395
2.4530422687530518 398
2.459533929824829 399
2.4651997089385986 401
2.4715847969055176 402
2.477494716644287 403
2.4837071895599365 404
2.4912705421447754 404
2.496859073638916 403
2.503040313720703 402
2.5095291137695312 402
2.5151314735412598 400
2.5215489864349365 398
2.5287702083587646 396
2.533972978591919 393
2.5415408611297607 391
2.5474395751953125 388
2.5534586906433105 385
2.5598411560058594 382
2.5654330253601074 377
2.571648359298706 375
2.5779337882995605 370
2.5835964679718018 366
2.590996742248535 363
2.594012498855591 361
2.598060131072998 357
2.6016435623168945 356
2.605097532272339 353
2.609164237976074 350
2.612072706222534 345
2.61885666847229 341
2.6240344047546387 337
2.631192445755005 333
2.6366782188415527 329
2.6438891887664795 326
2.650181293487549 324
2.6557776927948 322
2.6621031761169434 320
2.668800115585327 319
2.673964262008667 318
2.6805663108825684 317
2.685859203338623 317
2.693138837814331 317
2.699618101119995 318
2.7052218914031982 319
2.715351104736328 321
2.7217984199523926 323
2.729163646697998 325
2.734656572341919 328
2.7418782711029053 331
2.748457193374634 335
2.7538065910339355 338
2.7601075172424316 341
2.765700340270996 345
2.771909713745117 349
2.7784507274627686 353
2.7853941917419434 356
2.789461851119995 360
2.7936432361602783 362
2.7969329357147217 365
2.801126003265381 368
2.8041210174560547 371
2.8081095218658447 375
2.8137333393096924 380
2.820094585418701 384
2.8257126808166504 388
2.8326706886291504 391
2.8393235206604004 395
2.8458328247070312 397
2.852018117904663 399
2.8588860034942627 401
2.8641462326049805 402
2.870800495147705 403
2.8761274814605713 403
2.8825523853302 403
2.889061689376831 403
2.895359516143799 402
2.9016988277435303 401
2.908057451248169 399
2.913665771484375 398
2.9200239181518555 396
2.9256577491760254 393
2.931875467300415 391
2.9391164779663086 387
2.945561647415161 384
2.9517815113067627 381
2.9580955505371094 377
2.9638872146606445 373
2.970548629760742 369
2.9758708477020264 367
2.9799396991729736 365
2.983088254928589 362
2.9865283966064453 359
2.9908297061920166 357
2.995116710662842 353
2.999257802963257 351
3.002166271209717 346
3.00891375541687 341
3.0140767097473145 337
3.020871877670288 334
3.026179552078247 331
3.0325846672058105 328
3.0395941734313965 325
3.0459067821502686 323
3.052119255065918 321
3.0588653087615967 320
3.0640387535095215 319
3.0707485675811768 318
3.07600998878479 318
3.0825893878936768 318
3.089172601699829 319
3.0946266651153564 319
3.1017751693725586 320
3.111071825027466 323
3.1181416511535645 325
3.1239678859710693 327
3.1307411193847656 330
3.1360244750976562 333
3.1431188583374023 337
3.1507184505462646 340
3.1560099124908447 344
3.1621947288513184 347
3.1689248085021973 351
3.1741344928741455 354
3.1781697273254395 357
3.181544542312622 359
3.184918165206909 361
3.189103603363037 365
3.192007541656494 366
3.1954941749572754 371
3.201474189758301 375
3.2074193954467773 380
3.2132482528686523 385
3.2197532653808594 388
3.2253661155700684 392
3.231595516204834 394
3.237886905670166 397
3.2440426349639893 400
3.2515194416046143 401
3.2574291229248047 403
3.263639450073242 403
3.26991605758667 404
3.2755484580993652 404
3.2817885875701904 403
3.2881062030792236 403
3.2959775924682617 401
3.3034582138061523 399
3.309842586517334 399
3.315502643585205 396
3.321873188018799 393
3.3281800746917725 391
3.333786964416504 388
3.340114116668701 385
3.3464808464050293 380
3.353762149810791 377
3.360116720199585 373
3.365730047225952 369
3.3719518184661865 367
3.3754231929779053 365
3.3796627521514893 362
3.3828237056732178 359
3.386017322540283 356
3.3900723457336426 355
3.393221378326416 352
3.396671772003174 345
3.4039111137390137 341
3.4105966091156006 337
3.4158785343170166 334
3.4220664501190186 331
3.4288103580474854 328
3.433960437774658 325
3.4407553672790527 323
3.446666717529297 321
3.4538772106170654 320
3.460176944732666 319
3.465790033340454 319
3.471937656402588 319
3.4784467220306396 319
3.486212730407715 320
3.4948856830596924 321
3.5048916339874268 326
3.5192062854766846 329
3.5267608165740967 332
3.535297393798828 338
3.5438084602355957 342
3.5527942180633545 349
3.5616300106048584 351
3.5679402351379395 354
3.571343421936035 357
3.5746829509735107 359
3.5788867473602295 363
3.581791400909424 364
3.5852391719818115 367
3.5892975330352783 370
3.5921783447265625 375
3.598956823348999 379
3.6053524017333984 385
3.611623764038086 387
3.6179254055023193 391
3.6237289905548096 394
3.63008451461792 396
3.6356804370880127 398
3.6420843601226807 399
3.6488611698150635 401
3.655716896057129 401
3.6620142459869385 402
3.668551206588745 402
3.6739537715911865 401
3.6807422637939453 401
3.6860127449035645 399
3.692469835281372 398
3.6990222930908203 396
3.704216241836548 393
3.711674451828003 392
3.717984199523926 389
3.72358775138855 385
3.7299013137817383 383
3.7355520725250244 379
3.7419087886810303 375
3.748504400253296 372
3.7539122104644775 368
3.7612364292144775 365
3.7644503116607666 362
3.7688817977905273 359
3.771876335144043 358
3.7753257751464844 355
3.7793843746185303 352
3.782576084136963 349
3.785820245742798 345
3.7920162677764893 340
3.7985591888427734 336
3.80556058883667 331
3.812631845474243 328
3.8191349506378174 325
3.8246097564697266 323
3.83095383644104 321
3.8364953994750977 319
3.842674493789673 318
3.849172592163086 317
3.8551993370056152 317
3.8624656200408936 317
3.8690345287323 317
3.874171733856201 317
3.880791425704956 319
3.886051893234253 320
3.8924617767333984 321
3.899162769317627 323
3.904623031616211 327
3.915534257888794 331
3.9220471382141113 334
3.9289393424987793 337
3.9341413974761963 341
3.940908193588257 345
3.946187973022461 348
3.9525980949401855 354
3.959587574005127 357
3.9637551307678223 358
3.967423439025879 361
3.971195697784424 364
3.974177360534668 367
3.9781999588012695 370
3.9817395210266113 375
3.988101005554199 379
3.9937613010406494 383
4.000089645385742 387
4.005707263946533 390
4.012994766235352 393
4.019561529159546 395
4.025208234786987 398
4.031601667404175 399
4.037888765335083 401
4.043733596801758 401
4.050037622451782 402
4.055666923522949 402
4.0635716915130615 402
4.069949626922607 401
4.075562477111816 400
4.081801652908325 399
4.088112115859985 398
4.093700647354126 396
4.100176811218262 394
4.1058337688446045 391
4.112041234970093 388
4.119626998901367 386
4.125246286392212 381
4.131475925445557 379
4.1370038986206055 376
4.143203496932983 371
4.14968729019165 368
4.155290842056274 365
4.159507989883423 363
4.164141416549683 358
4.168208360671997 355
4.171592950820923 354
4.175043821334839 351
4.179092168807983 345
4.185941219329834 341
4.192137241363525 337
4.198869943618774 333
4.2052366733551025 329
4.211464881896973 327
4.219161033630371 324
4.224632263183594 322
4.23096227645874 321
4.236455202102661 320
4.242661714553833 319
4.249210834503174 318
4.254758358001709 318
4.2611403465271 319
4.268137216567993 319
4.273704290390015 320
4.280172109603882 321
4.28575325012207 322
4.292108535766602 324
4.298811435699463 326
4.303979873657227 329
4.316926717758179 334
4.323376655578613 339
4.3299641609191895 342
4.342106819152832 349
4.348890781402588 352
4.351828098297119 353
4.3552939891815186 357
4.359344720840454 359
4.362592935562134 362
4.368023872375488 367
4.3714611530303955 368
4.374832630157471 373
4.381207704544067 377
4.386718988418579 381
4.392948389053345 385
4.399623870849609 388
4.4052510261535645 392
4.411473512649536 393
4.417010307312012 396
4.424607992172241 397
4.4310081005096436 399
4.436559677124023 399
4.442798852920532 400
4.449322700500488 400
4.454866409301758 400
4.461324214935303 399
4.466872215270996 398
4.474805593490601 397
4.481148958206177 395
4.486699819564819 393
4.493042945861816 390
4.49955153465271 388
4.505152463912964 385
4.511402368545532 382
4.516965866088867 378
4.524797439575195 374
4.531126022338867 371
4.536606311798096 368
4.540807247161865 365
4.543830394744873 364
4.547485828399658 360
4.551431179046631 358
4.554803133010864 355
4.558917284011841 353
4.561848163604736 351
4.565296411514282 345
4.572576522827148 341
4.579278469085693 337
4.584799528121948 333
4.591123580932617 330
4.596653938293457 327
4.603084325790405 325
4.609557628631592 323
4.615117311477661 321
4.621279716491699 320
4.628836154937744 319
4.634016036987305 319
4.640750885009766 318
4.646022796630859 319
4.652190208435059 319
4.658949613571167 319
4.664091348648071 321
4.670748233795166 323
4.678560018539429 324
4.684071779251099 326
4.690721750259399 329
4.696006536483765 331
4.702566862106323 335
4.709038496017456 339
4.7193872928619385 345
4.726645469665527 349
4.73300313949585 353
4.739623785018921 355
4.742764234542847 358
4.745967626571655 361
4.750034332275391 363
4.753187656402588 365
4.7566351890563965 369
4.760946989059448 373
4.766502141952515 377
4.772780895233154 383
4.780945301055908 386
4.786206245422363 389
4.792695760726929 392
4.7992095947265625 394
4.804690599441528 396
4.811264514923096 398
4.816895246505737 399
4.825499057769775 400
4.8317952156066895 401
4.838141679763794 400
4.843737840652466 399
4.85007381439209 399
4.855695486068726 397
4.861905097961426 396
4.86850905418396 394
4.873906850814819 391
4.881875514984131 389
4.888185501098633 386
4.893839359283447 383
4.900140047073364 380
4.905740976333618 376
4.91196870803833 373
4.918551445007324 369
4.92393684387207 366
4.929266929626465 363
4.932159185409546 361
4.935630798339844 358
4.939842224121094 357
4.942996501922607 353
4.946215391159058 351
4.950645208358765 346
4.955942630767822 342
4.962151288986206 338
4.968887090682983 335
4.9740588665008545 330
4.9819886684417725 327
4.98855447769165 325
4.9939093589782715 323
