0 0 
7.414817810058594e-05 0
0.011910200119018555 0
0.019615888595581055 1
0.026524066925048828 1
0.031960248947143555 3
0.04052567481994629 5
0.047336578369140625 7
0.05298638343811035 11
0.05947160720825195 14
0.06714892387390137 17
0.07287383079528809 20
0.07932925224304199 25
0.08601593971252441 29
0.09176230430603027 33
0.09851312637329102 37
0.10516357421875 41
0.11086750030517578 47
0.11875748634338379 52
0.12541651725769043 57
0.13115572929382324 63
0.13750886917114258 67
0.14390873908996582 73
0.14984440803527832 79
0.1566634178161621 84
0.1620478630065918 91
0.16961431503295898 96
0.17609858512878418 101
0.18187284469604492 107
0.1885056495666504 112
0.1951732635498047 118
0.20083355903625488 125
0.20743656158447266 129
0.21387577056884766 138
0.22155380249023438 144
0.22807931900024414 150
0.23499464988708496 155
0.24062585830688477 161
0.24715232849121094 167
0.25276708602905273 173
0.25911784172058105 180
0.26590967178344727 186
0.27280116081237793 192
0.2791457176208496 200
0.2857966423034668 205
0.29153871536254883 211
0.2978706359863281 217
0.3048098087310791 223
0.3101356029510498 229
0.3169710636138916 237
0.32527852058410645 243
0.33113861083984375 251
0.33748602867126465 255
0.34390735626220703 262
0.3496699333190918 268
0.3565864562988281 274
0.3620150089263916 280
0.3686366081237793 288
0.3760058879852295 294
0.3817565441131592 300
0.388477087020874 310
0.3985753059387207 316
0.40537548065185547 322
0.4111514091491699 329
0.4176445007324219 337
0.4259936809539795 343
0.4317140579223633 349
0.43802642822265625 355
0.4450535774230957 359
0.44803452491760254 363
0.4515674114227295 367
0.455625057220459 371
0.46136021614074707 379
0.46773505210876465 384
0.47545433044433594 389
0.4812607765197754 394
0.48776769638061523 398
0.4944460391998291 401
0.49992895126342773 403
0.506829023361206 406
0.5125305652618408 408
0.5189113616943359 410
0.5270059108734131 411
0.5326659679412842 412
0.5390400886535645 412
0.5467135906219482 412
0.5527286529541016 412
0.559070348739624 411
0.565873384475708 409
0.5716824531555176 408
0.5789902210235596 406
0.5856373310089111 404
0.5914123058319092 401
0.5977621078491211 398
0.6044280529022217 395
0.6099271774291992 392
0.616854190826416 388
0.6224958896636963 383
0.630774974822998 379
0.637190580368042 375
0.6428637504577637 371
0.6492211818695068 365
0.655876636505127 364
0.6590785980224609 361
0.6625697612762451 358
0.6667797565460205 355
0.6698310375213623 350
0.6774826049804688 345
0.6839449405670166 340
0.6898987293243408 337
0.6966509819030762 333
0.7020525932312012 331
0.7086031436920166 329
0.7152369022369385 327
0.7208750247955322 325
0.7289061546325684 323
0.7355461120605469 323
0.7412765026092529 323
0.7478082180023193 323
0.7544758319854736 323
0.7599694728851318 325
0.7667138576507568 326
0.7721030712127686 328
0.7796213626861572 330
0.7860860824584961 333
0.7918205261230469 337
0.8027684688568115 341
0.8095788955688477 345
0.8161566257476807 348
0.8219053745269775 352
0.8293881416320801 356
0.834172248840332 359
0.8375887870788574 360
0.8410899639129639 363
0.8452250957489014 366
0.8481588363647461 371
0.8550646305084229 375
0.8607316017150879 379
0.8673570156097412 382
0.8733952045440674 386
0.8808677196502686 389
0.8873593807220459 391
0.8934366703033447 393
0.8996021747589111 394
0.9060430526733398 395
0.9118788242340088 395
0.918445348739624 395
0.9253160953521729 394
0.9344146251678467 393
0.939960241317749 392
0.9467284679412842 391
0.9521691799163818 388
0.9588034152984619 386
0.9654350280761719 384
0.9711980819702148 380
0.9775547981262207 377
0.985426664352417 373
0.9911699295043945 369
0.9975273609161377 366
1.0039432048797607 362
1.0075404644012451 361
1.0110464096069336 358
1.0151827335357666 355
1.0181303024291992 353
1.0216376781463623 348
1.02793550491333 343
1.0360982418060303 339
1.0418589115142822 335
1.0486130714416504 333
1.0558490753173828 329
1.0638887882232666 327
1.069744348526001 325
1.0761265754699707 325
1.0818605422973633 324
1.0893332958221436 323
1.0958857536315918 323
1.1016206741333008 323
1.108119249343872 324
1.115018606185913 325
1.1205885410308838 327
1.127096176147461 328
1.1327168941497803 331
1.140977144241333 333
1.1473140716552734 336
1.1529545783996582 340
1.159447193145752 343
1.1661298274993896 347
1.171877145767212 350
1.178185224533081 354
1.1858017444610596 357
1.1890082359313965 359
1.1925139427185059 365
1.201174259185791 371
1.2076597213745117 376
1.214151382446289 379
1.2201457023620605 383
1.2271673679351807 386
1.2329204082489014 389
1.2411699295043945 392
1.2475688457489014 393
1.2540175914764404 394
1.2597556114196777 395
1.266726016998291 395
1.2721362113952637 395
1.2786917686462402 395
1.2855234146118164 394
1.2920570373535156 393
1.2986376285552979 391
1.305328130722046 389
1.3110873699188232 386
1.317434310913086 385
1.3234469890594482 381
1.3295948505401611 378
1.3360731601715088 373
1.3441402912139893 369
1.3500254154205322 366
1.3568556308746338 363
1.3599085807800293 362
1.363999605178833 358
1.367405652999878 357
1.3708264827728271 354
1.3749914169311523 349
1.3806061744689941 345
1.3870770931243896 340
1.3949310779571533 337
1.4005491733551025 334
1.4071967601776123 332
1.4128539562225342 329
1.4191622734069824 327
1.425818681716919 326
1.431530475616455 325
1.4378657341003418 325
1.4460318088531494 325
1.451786994934082 325
1.4581201076507568 326
1.465151071548462 327
1.4708080291748047 328
1.4772024154663086 330
1.4828824996948242 332
1.4905123710632324 335
1.497054100036621 337
1.5026867389678955 340
1.5090389251708984 345
1.515693187713623 347
1.5214848518371582 352
1.5280299186706543 356
1.534926414489746 359
1.5378961563110352 361
1.5424230098724365 364
1.5470705032348633 367
1.550163984298706 371
1.5570166110992432 376
1.5626473426818848 381
1.5705466270446777 384
1.577040195465088 387
1.5826618671417236 389
1.589163064956665 392
1.6011419296264648 395
1.607647180557251 395
1.6140861511230469 396
1.6199781894683838 396
1.6269207000732422 396
1.632612705230713 395
1.6389350891113281 394
1.646894931793213 393
1.653470516204834 391
1.6597943305969238 389
1.6665704250335693 387
1.671989917755127 384
1.678560733795166 381
1.6858649253845215 376
1.6954498291015625 371
1.7044475078582764 365
1.7124698162078857 361
1.717461109161377 358
1.7221617698669434 355
1.7274072170257568 348
1.7366013526916504 343
1.7466118335723877 337
1.7554125785827637 334
1.7629821300506592 331
1.771240472793579 329
1.7775342464447021 327
1.7839174270629883 326
1.789870262145996 325
1.7973146438598633 325
1.8029775619506836 325
1.8094191551208496 326
1.8159034252166748 327
1.8216650485992432 328
1.8281514644622803 330
1.8350493907928467 332
1.840637445449829 335
1.8479390144348145 337
1.8548178672790527 340
1.860107183456421 343
1.86696457862854 347
1.8725950717926025 351
1.8789708614349365 355
1.8857414722442627 357
1.8889539241790771 359
1.892462968826294 362
1.8974549770355225 365
1.9009621143341064 370
1.9073548316955566 374
1.9134039878845215 379
1.919710397720337 382
1.9271843433380127 385
1.9328656196594238 387
1.9393563270568848 390
1.9460844993591309 391
1.9528958797454834 393
1.9591834545135498 394
1.965801477432251 394
1.971541404724121 394
1.9778642654418945 393
1.984713077545166 392
1.9916248321533203 391
2.001833915710449 387
2.0095481872558594 385
2.0161497592926025 383
2.0218887329101562 380
2.0286247730255127 377
2.0352656841278076 374
2.040996551513672 369
2.047468900680542 366
2.055046319961548 363
2.058008909225464 361
2.0615034103393555 358
2.065732479095459 357
2.068920373916626 354
2.0721662044525146 348
2.080857515335083 343
2.0877742767333984 339
2.0941808223724365 336
2.1011900901794434 333
2.107542037963867 331
2.1139752864837646 328
2.119722604751587 327
2.126634359359741 325
2.132024049758911 325
2.138603448867798 324
2.1452410221099854 324
2.151754379272461 325
2.158078193664551 325
2.1649279594421387 327
2.170567035675049 328
2.1771764755249023 329
2.1829118728637695 332
2.1894755363464355 335
2.1959705352783203 337
2.202709913253784 340
2.2090182304382324 346
2.218478202819824 349
2.225153684616089 353
2.2308926582336426 356
2.235086441040039 359
2.2380433082580566 361
2.241544008255005 364
2.24576473236084 366
2.256673812866211 376
2.2621304988861084 382
2.269961357116699 386
2.2767324447631836 389
2.282130002975464 392
2.288799285888672 395
2.2954275608062744 397
2.301149368286133 399
2.3086512088775635 401
2.3153398036956787 401
2.321091890335083 402
2.3287694454193115 402
2.3361573219299316 402
2.341913938522339 401
2.3484294414520264 401
2.3557546138763428 399
2.3615431785583496 397
2.3680994510650635 395
2.37502384185791 393
2.3806443214416504 391
2.3871896266937256 388
2.3928582668304443 385
2.4019131660461426 377
2.4115450382232666 373
2.4180498123168945 369
2.4251821041107178 365
2.4308934211730957 363
2.4352004528045654 359
2.438157081604004 357
2.441673755645752 354
2.4457826614379883 349
2.451535940170288 345
2.4589743614196777 340
2.4656152725219727 338
2.4713637828826904 334
2.4776642322540283 331
2.484179973602295 329
2.49007511138916 327
2.496853828430176 326
2.502502918243408 325
2.5098092555999756 324
2.5165834426879883 324
2.5220179557800293 324
2.52858829498291 324
2.5352132320404053 325
2.5408599376678467 327
2.547456741333008 328
2.553859233856201 330
2.5608596801757812 333
2.5674729347229004 335
2.5734777450561523 339
2.5796217918395996 342
2.5860626697540283 345
2.591860771179199 349
2.598426103591919 353
2.6052558422088623 355
2.609372615814209 358
2.612813949584961 361
2.617021322250366 363
2.6201019287109375 367
2.624161720275879 371
2.6299195289611816 375
2.6367251873016357 379
2.642101526260376 382
2.6486308574676514 385
2.655273914337158 389
2.6618971824645996 391
2.668640613555908 393
2.6756365299224854 394
2.6814162731170654 395
2.6877474784851074 396
2.69417667388916 396
2.700120687484741 395
2.706904649734497 395
2.7141177654266357 393
2.719877004623413 392
2.726813793182373 391
2.7324442863464355 388
2.7388010025024414 386
2.745450735092163 384
2.751218557357788 380
2.7575716972351074 377
2.765192985534668 373
2.7708611488342285 369
2.7777528762817383 365
2.7841715812683105 362
2.787750244140625 361
2.7912397384643555 358
2.795320987701416 355
2.79854154586792 349
2.8070871829986572 343
2.814908504486084 339
2.820526123046875 336
2.8272833824157715 333
2.832955837249756 329
2.841141939163208 325
2.847620964050293 324
2.854034185409546 322
2.8597354888916016 320
2.867341995239258 319
2.8733975887298584 319
2.879460096359253 319
2.8859663009643555 319
2.8916873931884766 320
2.897998809814453 321
2.905015230178833 322
2.9106013774871826 325
2.917860269546509 327
2.924757242202759 329
2.9312825202941895 333
2.937607526779175 335
2.9440035820007324 339
2.9497034549713135 343
2.9566609859466553 346
2.962099552154541 351
2.969723701477051 355
2.976139783859253 358
2.9794280529022217 361
2.984053611755371 364
2.987471342086792 366
2.990973949432373 371
2.997298240661621 375
3.0033528804779053 380
3.0094728469848633 383
3.0171475410461426 386
3.02285099029541 390
3.029451370239258 392
3.035984516143799 394
3.0417275428771973 395
3.0480458736419678 396
3.054932117462158 397
3.0605411529541016 397
3.067811965942383 397
3.074705123901367 396
3.0800774097442627 395
3.087507486343384 394
3.0939266681671143 391
3.0997681617736816 389
3.106172561645508 387
3.1119680404663086 385
3.119550943374634 381
3.125985860824585 378
3.1317172050476074 374
3.138049602508545 371
3.1451516151428223 367
3.150850534439087 364
3.1550259590148926 361
3.157965898513794 360
3.1614699363708496 356
3.1655800342559814 353
3.1698336601257324 349
3.176637649536133 345
3.1820356845855713 341
3.189103364944458 337
3.19570255279541 335
3.201500654220581 330
3.212773323059082 327
3.2208263874053955 326
3.2274415493011475 325
3.2334678173065186 324
3.239750385284424 324
3.2461605072021484 324
3.251912832260132 325
3.2584877014160156 326
3.265653371810913 327
3.272486686706543 329
3.27883243560791 331
3.2854952812194824 334
3.2917137145996094 337
3.298039436340332 339
3.3049144744873047 343
3.310556650161743 346
3.3170833587646484 351
3.324897527694702 355
3.330545663833618 357
3.3347787857055664 360
3.3377633094787598 361
3.3412394523620605 364
3.346053123474121 372
3.3541674613952637 376
3.3599164485931396 379
3.3666834831237793 383
3.373898506164551 387
3.3796498775482178 389
3.3866126537323 391
3.3927674293518066 393
3.3991105556488037 394
3.405731201171875 395
3.411513566970825 395
3.4178414344787598 395
3.4255802631378174 395
3.431328773498535 394
3.438020706176758 393
3.4450442790985107 391
3.450732469558716 389
3.457205057144165 387
3.462850570678711 385
3.4691710472106934 382
3.4771368503570557 379
3.482846736907959 375
3.4893672466278076 371
3.4967644214630127 367
3.502490997314453 365
3.506842851638794 362
3.5098791122436523 361
3.513988971710205 357
3.517397165298462 355
3.5208353996276855 351
3.5258023738861084 347
3.531548023223877 343
3.5378646850585938 339
3.544790506362915 336
3.550119161605835 333
3.5568931102752686 330
3.562551259994507 328
3.5690557956695557 325
3.576787233352661 324
3.582440137863159 323
3.588825225830078 322
3.595824956893921 322
3.601548910140991 323
3.6118950843811035 323
3.6185951232910156 324
3.626627206802368 326
3.632075786590576 327
3.6387810707092285 329
3.6454215049743652 332
3.6511573791503906 335
3.6575047969818115 338
3.6647748947143555 341
3.6700973510742188 346
3.6776905059814453 350
3.684190273284912 354
3.6900665760040283 357
3.6944689750671387 359
3.6981213092803955 362
3.7016422748565674 365
3.705772638320923 369
3.7115533351898193 374
3.7178657054901123 377
3.7247674465179443 381
3.731350898742676 385
3.7378625869750977 387
3.744905710220337 389
3.750587224960327 391
3.7570765018463135 392
3.7626991271972656 393
3.7712416648864746 394
3.7812821865081787 393
3.7900912761688232 393
3.7991719245910645 390
3.808547258377075 388
3.8171582221984863 385
3.825596809387207 380
3.8359599113464355 377
3.8445255756378174 373
3.8512964248657227 369
3.8589975833892822 363
3.8658030033111572 362
3.868985891342163 359
3.872464656829834 357
3.8766794204711914 354
3.8810198307037354 348
3.887418508529663 345
3.8934566974639893 341
3.8995730876922607 337
3.9068572521209717 335
3.9125521183013916 332
3.9188945293426514 329
3.9267139434814453 327
3.9340646266937256 326
3.939833641052246 325
3.946622133255005 325
3.952030658721924 324
3.9585914611816406 325
3.9652345180511475 325
3.9708895683288574 326
3.977275848388672 327
3.9850451946258545 329
3.990661144256592 331
3.997309446334839 333
4.003363370895386 338
4.014883518218994 341
4.021427631378174 345
4.027996301651001 350
4.035799026489258 354
4.041551351547241 357
4.045795917510986 358
4.049005031585693 361
4.052482604980469 363
4.057060956954956 367
4.060882329940796 371
4.067301988601685 375
4.072957277297974 379
4.079547882080078 383
4.08718204498291 386
4.092840194702148 389
4.0991528034210205 392
4.106744289398193 393
4.112178325653076 395
4.118781566619873 395
4.125577449798584 396
4.131319761276245 396
4.138585567474365 396
4.14530611038208 395
4.151077747344971 394
4.157423973083496 393
4.16345477104187 391
4.169734954833984 389
4.176185846328735 387
4.182024955749512 384
4.189434051513672 381
4.195969581604004 378
4.201727628707886 369
4.217381477355957 365
4.2255518436431885 362
4.228736877441406 359
4.231989860534668 357
4.237308740615845 353
4.240773916244507 348
4.247992753982544 344
4.256108045578003 339
4.261889457702637 335
4.270141124725342 332
4.2773377895355225 330
4.283385276794434 327
4.2908406257629395 326
4.297240257263184 325
4.302880764007568 324
4.3091864585876465 324
4.316572666168213 324
4.321976661682129 325
4.329796552658081 325
4.33654260635376 327
4.343399524688721 329
4.35060453414917 331
4.3570661544799805 333
4.362680435180664 336
4.3690268993377686 339
4.3756537437438965 342
4.381406784057617 346
4.388935327529907 351
4.395644903182983 355
4.40189528465271 360
4.411269664764404 366
4.417865991592407 371
4.424903869628906 375
4.430541753768921 379
4.437212705612183 383
4.444889545440674 385
4.450166463851929 388
4.457007646560669 390
4.4634318351745605 393
4.471225738525391 394
4.4775550365448 395
4.484057426452637 395
4.491015195846558 395
4.497416734695435 395
4.503448963165283 394
4.509580373764038 393
4.51700234413147 391
4.5226686000823975 390
4.529151678085327 387
4.535793781280518 385
4.542581081390381 382
4.548962354660034 378
4.56144380569458 371
4.567873239517212 368
4.57474160194397 364
4.580049276351929 362
4.584164381027222 359
4.587752342224121 357
4.591249704360962 353
4.59611701965332 349
4.601863622665405 345
4.608469247817993 341
4.61517333984375 338
4.621456623077393 334
4.627807855606079 331
4.634479999542236 329
4.639941930770874 327
4.647756099700928 326
4.654168128967285 325
4.659932374954224 325
4.666775465011597 324
4.6721813678741455 324
4.67878270149231 325
4.685425758361816 326
4.691158294677734 327
4.698168754577637 329
4.705215930938721 331
4.710875511169434 333
4.717297792434692 336
4.724158763885498 339
4.729902982711792 342
4.736651182174683 345
4.742037534713745 350
4.749614000320435 354
4.756036758422852 355
4.759348630905151 358
4.762752532958984 361
4.767109632492065 363
4.77015233039856 366
4.774491310119629 371
4.780426025390625 375
4.7870330810546875 379
4.792685270309448 383
4.8001039028167725 386
4.811133861541748 391
4.8178699016571045 393
4.825488328933716 394
4.831220865249634 395
4.83769154548645 395
4.844447374343872 396
4.851247310638428 395
4.857560873031616 395
4.863971710205078 393
4.869725227355957 392
4.876136779785156 391
4.8818957805633545 389
4.888926029205322 385
4.8955488204956055 383
4.902112007141113 380
4.908850431442261 376
4.915478944778442 374
4.92127537727356 369
4.929004907608032 364
4.935590028762817 363
4.938732147216797 360
4.941996097564697 357
4.946537971496582 355
4.950828313827515 350
4.957279205322266 346
4.962931871414185 342
4.969377040863037 338
4.976902961730957 334
4.984948635101318 332
4.9905359745025635 330
4.997051000595093 327
