0 0 
7.605552673339844e-05 0
0.014719486236572266 0
0.021480560302734375 1
0.027042388916015625 2
0.033269643783569336 3
0.03873848915100098 4
0.04484701156616211 6
0.05124711990356445 8
0.058026790618896484 11
0.06447792053222656 14
0.07096314430236816 17
0.07608652114868164 20
0.08290505409240723 24
0.08842229843139648 28
0.09479594230651855 31
0.10126042366027832 36
0.10678243637084961 41
0.11387181282043457 45
0.12034392356872559 50
0.12569832801818848 54
0.13245391845703125 59
0.1377551555633545 64
0.14410614967346191 68
0.15082621574401855 73
0.1559736728668213 80
0.16389155387878418 85
0.17088699340820312 92
0.17806434631347656 96
0.1845400333404541 102
0.19099092483520508 107
0.19647765159606934 112
0.2030177116394043 117
0.20851612091064453 124
0.2167515754699707 130
0.2230682373046875 135
0.22857284545898438 140
0.23479247093200684 146
0.241286039352417 151
0.2513110637664795 160
0.2569746971130371 168
0.26486659049987793 173
0.27150487899780273 178
0.2770957946777344 186
0.28333592414855957 190
0.28885650634765625 195
0.29503846168518066 202
0.301541805267334 206
0.30712342262268066 214
0.3143620491027832 219
0.3210141658782959 225
0.32649970054626465 230
0.3328380584716797 236
0.33808326721191406 242
0.34452390670776367 247
0.3510003089904785 253
0.3564598560333252 258
0.36405396461486816 266
0.37084078788757324 271
0.37601327896118164 277
0.3827941417694092 283
0.38802313804626465 288
0.39467477798461914 294
0.4011952877044678 300
0.4067060947418213 305
0.41298604011535645 313
0.4201028347015381 318
0.4256770610809326 324
0.4319584369659424 330
0.43757176399230957 335
0.44391775131225586 341
0.45066070556640625 347
0.45583081245422363 352
0.4624824523925781 360
0.47008371353149414 366
0.4770944118499756 373
0.48439574241638184 379
0.4918391704559326 386
0.5020806789398193 389
0.5088703632354736 393
0.5174086093902588 396
0.5249347686767578 399
0.532642126083374 401
0.5403892993927002 402
0.5471394062042236 402
0.5556728839874268 402
0.5633602142333984 401
0.5735266208648682 400
0.581160306930542 398
0.587655782699585 396
0.5950074195861816 392
0.6028556823730469 389
0.6100282669067383 384
0.6211183071136475 379
0.6276495456695557 376
0.6350002288818359 370
0.6427485942840576 367
0.6546189785003662 360
0.6593151092529297 354
0.6653964519500732 349
0.6739118099212646 345
0.6808881759643555 342
0.686046838760376 340
0.6926631927490234 337
0.6979067325592041 335
0.704054594039917 334
0.7108004093170166 333
0.716010332107544 332
0.723353385925293 332
0.7288727760314941 332
0.7366604804992676 332
0.7430758476257324 333
0.7485616207122803 334
0.7547397613525391 335
0.7612040042877197 337
0.7667417526245117 340
0.7744181156158447 342
0.7811081409454346 345
0.7865607738494873 349
0.7939727306365967 354
0.8017120361328125 356
0.8073270320892334 361
0.8135089874267578 365
0.8219528198242188 370
0.8287689685821533 374
0.8360490798950195 377
0.8435571193695068 380
0.8512105941772461 382
0.8576948642730713 383
0.8653464317321777 384
0.8746094703674316 384
0.8820416927337646 384
0.8887529373168945 382
0.8960323333740234 381
0.9035446643829346 379
0.9113621711730957 376
0.917851448059082 373
0.9267327785491943 370
0.9338622093200684 366
0.9415366649627686 362
0.9480056762695312 360
0.9532613754272461 356
0.9587733745574951 353
0.9649865627288818 349
0.9714870452880859 346
0.9785699844360352 344
0.9849338531494141 342
0.9913861751556396 341
0.9969789981842041 340
1.0031917095184326 340
1.0086565017700195 339
1.0148286819458008 339
1.021287441253662 340
1.0276920795440674 341
1.0338218212127686 342
1.0400843620300293 344
1.045830249786377 347
1.0580735206604004 352
1.0669078826904297 356
1.0760104656219482 361
1.084963321685791 367
1.0946307182312012 372
1.1040093898773193 377
1.1137042045593262 380
1.123396396636963 382
1.1334969997406006 383
1.141127347946167 383
1.147620677947998 383
1.1549904346466064 382
1.1629352569580078 381
1.1703686714172363 380
1.17799711227417 377
1.1860284805297852 374
1.1935529708862305 371
1.2012009620666504 368
1.2076823711395264 362
1.2179512977600098 359
1.2233483791351318 355
1.2308430671691895 352
1.2359991073608398 349
1.2426114082336426 346
1.247884750366211 344
1.2540299892425537 343
1.2607481479644775 341
1.2659034729003906 340
1.273155927658081 340
1.2811858654022217 340
1.288001537322998 340
1.2943696975708008 340
1.3010022640228271 342
1.3063502311706543 343
1.3127686977386475 345
1.317991018295288 347
1.3243792057037354 350
1.3325903415679932 354
1.3400981426239014 357
1.3458173274993896 360
1.3524940013885498 364
1.3593289852142334 368
1.3665785789489746 372
1.3737895488739014 375
1.3821101188659668 378
1.3930928707122803 379
1.4008712768554688 380
1.4074409008026123 380
1.4147977828979492 379
1.422515630722046 378
1.429272174835205 376
1.4376230239868164 374
1.446526288986206 370
1.457723617553711 366
1.4655251502990723 363
1.4731979370117188 359
1.4809510707855225 356
1.4874141216278076 351
1.4940552711486816 348
1.50111722946167 345
1.5085375308990479 343
1.5147359371185303 342
1.5213398933410645 341
1.526928424835205 340
1.5339038372039795 339
1.5406594276428223 339
1.5458414554595947 340
1.5520803928375244 340
1.5577538013458252 342
1.5640685558319092 343
1.5708155632019043 345
1.5759773254394531 347
1.5827596187591553 349
1.5898492336273193 353
1.5960474014282227 356
1.6026687622070312 359
1.607943058013916 364
1.615560531616211 367
1.6231410503387451 370
1.6308379173278809 374
1.6384127140045166 376
1.6458537578582764 377
1.6534051895141602 378
1.6610078811645508 378
1.667510747909546 378
1.674833059310913 378
1.6825439929962158 376
1.6911592483520508 374
1.6984639167785645 372
1.7059195041656494 368
1.7134406566619873 366
1.7210643291473389 362
1.7276127338409424 358
1.7355327606201172 354
1.7430317401885986 351
1.748523235321045 348
1.7547168731689453 346
1.7613513469696045 344
1.7669434547424316 342
1.773160457611084 341
1.7786128520965576 340
1.7848286628723145 339
1.792436122894287 339
1.7984230518341064 340
1.8045766353607178 340
1.8110625743865967 341
1.816507339477539 342
1.8230092525482178 344
1.828460454940796 346
1.8346219062805176 349
1.8419272899627686 352
1.8475427627563477 356
1.8575332164764404 360
1.8638789653778076 364
1.8716862201690674 368
1.8784160614013672 371
1.8859879970550537 374
1.8945772647857666 376
1.902815818786621 378
1.909989833831787 379
1.9169669151306152 379
1.9240143299102783 379
1.9317197799682617 379
1.938452959060669 378
1.9470648765563965 376
1.9545354843139648 374
1.96195650100708 372
1.968688726425171 368
1.9759535789489746 365
1.983527421951294 362
1.9918220043182373 359
1.9977388381958008 354
2.0048458576202393 351
2.0118942260742188 347
2.017935276031494 344
2.0240960121154785 342
2.030794858932495 341
2.0359253883361816 340
2.043339490890503 338
2.0489003658294678 338
2.0550649166107178 338
2.0617032051086426 338
2.06727933883667 338
2.073446750640869 339
2.0793204307556152 340
2.0853970050811768 342
2.091749668121338 344
2.0983951091766357 346
2.105034828186035 349
2.1114938259124756 350
2.117064952850342 354
2.1233890056610107 357
2.1288902759552 360
2.1350646018981934 365
2.142841100692749 369
2.1512763500213623 373
2.157768726348877 376
2.165095329284668 378
2.173002004623413 380
2.1804511547088623 381
2.1873834133148193 382
2.19573712348938 382
2.203277111053467 381
2.2115063667297363 380
2.2193191051483154 379
2.2265219688415527 377
2.2338056564331055 375
2.2415354251861572 372
2.2498960494995117 366
2.2615110874176025 362
2.2679851055145264 359
2.27339768409729 357
2.27891206741333 352
2.285381555557251 350
2.2917098999023438 347
2.2983558177948 345
2.3047244548797607 343
2.3117430210113525 342
2.31730318069458 341
2.323465347290039 340
2.3293228149414062 340
2.335115671157837 340
2.341768980026245 341
2.348102331161499 342
2.3545234203338623 342
2.3611226081848145 344
2.3665683269500732 346
2.372950315475464 348
2.378452777862549 350
2.3846280574798584 352
2.3911190032958984 356
2.3965630531311035 360
2.4037206172943115 364
2.4117319583892822 367
2.418452024459839 371
2.4258580207824707 374
2.4334025382995605 376
2.4410338401794434 377
2.4476213455200195 378
2.4560165405273438 378
2.463574171066284 378
2.4713387489318848 378
2.477847099304199 376
2.5026657581329346 369
2.5098960399627686 364
2.5200107097625732 361
2.5271706581115723 357
2.5335195064544678 352
2.5424654483795166 349
2.547793388366699 346
2.5572073459625244 342
2.566046714782715 340
2.5727224349975586 340
2.577946662902832 338
2.58689546585083 338
2.593165874481201 338
2.598647356033325 338
2.6059958934783936 340
2.6165013313293457 342
2.6229984760284424 343
2.6298749446868896 346
2.6356606483459473 349
2.643890380859375 352
2.650625467300415 358
2.6618852615356445 361
2.6693341732025146 366
2.676767110824585 371
2.684030532836914 375
2.691683530807495 377
2.69844913482666 380
2.7067956924438477 382
2.7139663696289062 383
2.7226264476776123 384
2.729389190673828 384
2.7369120121002197 384
2.7439754009246826 383
2.751620054244995 382
2.7599964141845703 380
2.7669425010681152 378
2.7743961811065674 375
2.7819671630859375 373
2.7886884212493896 369
2.795940637588501 365
2.8035171031951904 361
2.812025547027588 358
2.8164937496185303 355
2.8232321739196777 351
2.8288207054138184 348
2.835008382797241 345
2.8416337966918945 343
2.8472700119018555 341
2.853461265563965 339
2.861137866973877 338
2.8666465282440186 337
2.872934341430664 337
2.8784303665161133 337
2.8846704959869385 337
2.891185760498047 338
2.896698474884033 339
2.903114080429077 341
2.9104325771331787 343
2.915801763534546 345
2.922924518585205 347
2.9284377098083496 350
2.93502140045166 354
2.9415063858032227 356
2.947089195251465 359
2.953295946121216 365
2.9619266986846924 369
2.968665599822998 373
2.97599720954895 376
2.983513832092285 378
2.9913434982299805 380
2.9978535175323486 381
3.005338430404663 382
3.013716459274292 382
3.0215344429016113 382
3.028733730316162 381
3.035961627960205 379
3.043504476547241 378
3.051156759262085 375
3.0587317943573 370
3.0710129737854004 366
3.077578544616699 363
3.0853111743927 359
3.093071460723877 356
3.0985608100891113 352
3.104806661605835 348
3.1119346618652344 346
3.1174862384796143 344
3.1251227855682373 341
3.134460210800171 339
3.1430513858795166 338
3.151310682296753 338
3.158769369125366 339
3.168489456176758 340
3.1767313480377197 342
3.184771776199341 345
3.1930320262908936 348
3.201322317123413 351
3.208709239959717 356
3.2179815769195557 360
3.224379539489746 362
3.2287075519561768 367
3.2367475032806396 371
3.2438812255859375 375
3.2516705989837646 378
3.2584011554718018 380
3.267155170440674 383
3.275726795196533 384
3.2833385467529297 385
3.2909936904907227 385
3.297511100769043 384
3.304823398590088 383
3.3133132457733154 382
3.3211424350738525 379
3.327745199203491 376
3.338090419769287 372
3.3459694385528564 369
3.3535194396972656 366
3.3611433506011963 361
3.368756055831909 358
3.3737664222717285 354
3.380082368850708 350
3.3858425617218018 347
3.3924520015716553 345
3.397731065750122 342
3.4038875102996826 340
3.4104297161102295 339
3.417057514190674 338
3.4232795238494873 337
3.428758144378662 336
3.4356439113616943 336
3.4439096450805664 337
3.4504432678222656 338
3.4557712078094482 339
3.466669797897339 341
3.4731106758117676 343
3.478555917739868 345
3.4848814010620117 348
3.492065191268921 352
3.498044967651367 355
3.5047314167022705 358
3.51135516166687 363
3.5177812576293945 367
3.5253474712371826 372
3.5329959392547607 376
3.540635347366333 378
3.5472147464752197 382
3.556652307510376 384
3.564687728881836 385
3.5733165740966797 386
3.580976963043213 386
3.587467908859253 386
3.5948078632354736 385
3.6026036739349365 384
3.6093764305114746 382
3.617434024810791 379
3.6249732971191406 376
3.6327481269836426 373
3.640961170196533 368
3.6474766731262207 365
3.6548209190368652 360
3.6625876426696777 356
3.6689019203186035 353
3.6750779151916504 349
3.6817028522491455 347
3.687303066253662 344
3.6934661865234375 343
3.6993191242218018 342
3.7051022052764893 340
3.7115564346313477 339
3.7171268463134766 339
3.7240517139434814 339
3.7307536602020264 339
3.7359139919281006 340
3.7431344985961914 341
3.748645067214966 342
3.754796028137207 344
3.761253833770752 345
3.766740083694458 348
3.7738993167877197 351
3.7804479598999023 354
3.785773277282715 357
3.792020320892334 360
3.797605276107788 364
3.8052611351013184 368
3.8129143714904785 372
3.8200955390930176 375
3.827773332595825 377
3.8352532386779785 379
3.8429555892944336 380
3.8510804176330566 381
3.857600450515747 381
3.8698415756225586 380
3.8777658939361572 378
3.8854613304138184 376
3.8931853771209717 374
3.9009697437286377 371
3.9074759483337402 368
3.9148292541503906 364
3.92354416847229 360
3.9312214851379395 357
3.936708927154541 354
3.9429917335510254 350
3.949378728866577 347
3.9553592205047607 345
3.961714029312134 344
3.96730375289917 342
3.974550247192383 342
3.981168270111084 341
3.9866890907287598 341
3.992985486984253 341
3.998462677001953 342
4.004605054855347 342
4.011107683181763 344
4.016570806503296 345
4.022926092147827 348
4.0300304889678955 350
4.035771369934082 352
4.0425639152526855 355
4.0478198528289795 358
4.054615259170532 361
4.0613086223602295 366
4.069323301315308 372
4.077470064163208 374
4.084858655929565 377
4.092604398727417 379
4.099776268005371 381
4.106928110122681 382
4.11399245262146 383
4.121617555618286 383
4.130000591278076 382
4.137276649475098 382
4.144576787948608 380
4.152701139450073 379
4.159937381744385 376
4.167131185531616 374
4.174455881118774 370
4.183030843734741 366
4.190679311752319 363
4.197242259979248 358
4.204571723937988 355
4.21109938621521 352
4.217452526092529 348
4.223790407180786 345
4.231343984603882 343
4.236912965774536 341
4.243092775344849 340
4.248600721359253 338
4.255631446838379 338
4.261943817138672 337
4.27246618270874 338
4.278809309005737 338
4.285348892211914 340
4.291979551315308 341
4.297583341598511 343
4.3037800788879395 345
4.310076475143433 347
4.315641164779663 350
4.321918487548828 353
4.3274688720703125 356
4.3346662521362305 359
4.341301441192627 364
4.347835063934326 368
4.355298757553101 372
4.363384008407593 375
4.370983123779297 377
4.377457857131958 379
4.385767936706543 380
4.393338680267334 381
4.401124715805054 381
4.4076247215271 380
4.415004253387451 380
4.422932147979736 378
4.4312214851379395 376
4.4377970695495605 374
4.445283651351929 371
4.4529383182525635 367
4.461207151412964 363
4.467724800109863 360
4.475049018859863 356
4.482666254043579 352
4.487932920455933 348
4.4999916553497314 345
4.50646185874939 344
4.512830495834351 342
4.518062353134155 341
4.524590492248535 341
4.531062841415405 340
4.537518501281738 340
4.543698072433472 341
4.5499937534332275 342
4.555739641189575 343
4.5627593994140625 344
4.568023681640625 346
4.57633900642395 350
4.584091424942017 352
4.590848207473755 355
4.595968961715698 358
4.602619886398315 361
4.607856273651123 366
4.615346908569336 369
4.623006582260132 373
4.630440950393677 376
4.637981414794922 378
4.645722389221191 380
4.653318643569946 380
4.660951375961304 381
4.673187971115112 380
4.68110203742981 380
4.688693046569824 378
4.69608736038208 376
4.70386266708374 373
4.7115068435668945 370
4.717988967895508 367
4.725543737411499 364
4.733085870742798 359
4.741546154022217 356
4.747129678726196 352
4.753324508666992 350
4.75883674621582 348
4.7651143074035645 345
4.772072076797485 343
4.7776384353637695 342
4.78378963470459 341
4.791263818740845 340
4.796878099441528 340
4.803081035614014 340
4.80856990814209 340
4.814901113510132 341
4.821495532989502 342
4.827094316482544 344
4.833298444747925 346
4.840788841247559 348
4.845951795578003 350
4.8526294231414795 353
4.857898473739624 356
4.864043712615967 359
4.871276378631592 364
4.877801418304443 368
4.885504245758057 372
4.893873691558838 374
4.901488780975342 376
4.907949924468994 378
4.915481328964233 378
4.923062801361084 379
4.930687189102173 379
4.937217712402344 378
4.945730209350586 377
4.95329475402832 375
4.960910081863403 373
4.967418909072876 370
4.975273847579956 367
4.982969045639038 364
4.991382598876953 359
4.997874021530151 356
