0 0 0 0 0
0.015 209 214 469 100
0.042 211 215 469 98.02960151815414
0.058 216 219 471 99.89161906570898
0.073 222 224 464 99.21195519185065
0.087 228 231 464 93.56552800111788
0.104 236 237 460 92.09378386911374
0.118 243 244 454 92.88185988640785
0.132 251 252 454 88.51217929714387
0.149 260 260 448 89.44511103320121
0.162 268 268 443 85.24760702741801
0.176 275 276 443 82.54470603607271
0.19 285 286 433 83.1412806301117
0.206 294 294 433 76.39573994942434
0.22 301 302 420 68.67314774177434
0.233 311 310 416 69.88299901747703
0.249 319 318 416 67.2703893154978
0.262 327 328 410 67.62224699187279
0.276 335 334 410 63.73743436382349
0.29 343 343 404 60.30923145612382
0.311 354 354 397 56.242507456211584
0.324 361 361 384 56.72435819673538
0.339 368 368 384 48.446163874134946
0.353 376 374 382 49.242513446331024
0.368 381 380 382 48.00390261751412
0.382 388 387 380 46.87846337227783
0.395 394 394 372 47.01483351230621
0.411 400 399 372 42.01515687785147
0.424 405 405 365 42.43495100879669
0.439 411 409 366 38.084509864776045
0.453 416 415 366 39.057514825402805
0.467 421 420 364 39.0442521841526
0.481 425 424 364 37.831964879265996
0.495 430 429 361 37.9467572042942
0.511 435 433 357 36.1205717844354
0.525 438 437 357 33.795462771824916
0.539 442 441 357 33.97857911753654
0.553 446 444 357 34.01012018823623
0.568 449 448 357 34.04250520277023
0.581 453 452 355 34.075635267734526
0.595 457 456 355 32.88119315398447
0.612 460 459 355 32.98203174257279
0.625 463 462 353 33.01642338299751
0.64 466 465 353 31.82777479733852
0.653 469 468 353 31.92495311498642
0.668 472 471 353 31.96036373543739
0.682 475 474 348 28.946475534811416
0.695 479 478 348 29.126478039026257
0.716 482 481 349 29.160828808069226
0.731 485 484 349 29.804006135384814
0.744 487 486 349 29.813095391988753
0.759 490 490 349 29.850297481775282
0.773 493 492 347 28.674898310213567
0.786 495 495 347 28.763580679655075
0.801 499 498 347 28.801232806205746
0.816 501 500 347 28.839576098680496
0.83 503 503 347 28.87860400176048
0.844 506 505 340 24.686475856155766
0.859 509 508 340 24.88672791457176
0.873 511 510 340 24.921640987157822
0.886 513 512 338 24.957074222326277
0.9 516 516 336 23.786852866083198
0.916 518 518 336 22.660567131917276
0.93 520 520 334 22.73772879576683
0.944 522 522 334 21.567421683401726
0.959 524 524 329 18.633344607916776
0.972 526 526 328 18.765807671546938
0.986 528 527 328 18.193129521683403
1.0 530 529 326 18.241416267395017
1.015 531 531 326 17.06842298065057
1.03 533 532 326 17.13459815263748
1.043 535 534 321 17.161723144531248
1.058 536 536 302 14.189374828681887
1.076 538 537 302 2.912886762721565
1.09 539 538 294 3.268263630390167
1.109 539 539 286 -1.5226465971980514
1.124 540 539 286 -6.176486993445176
1.138 540 540 280 -6.050055040359496
1.152 540 540 273 -9.657279025776077
1.168 540 540 273 -13.764524116732979
1.181 539 539 267 -13.67649847126007
1.194 539 539 267 -17.296382120058396
1.21 538 538 263 -19.626807129827434
1.224 537 537 259 -19.605946448564527
1.238 535 536 259 -22.04132321731396
1.252 534 534 250 -27.40309259243973
1.266 532 532 247 -27.322597238063807
1.28 531 530 247 -29.177318630584207
1.294 529 528 239 -29.199017045736312
1.309 527 526 229 -34.0410922798681
1.323 525 524 229 -39.963958875391526
1.337 523 522 225 -39.90778885984421
1.351 520 519 221 -42.388340290186136
1.365 517 516 221 -44.8155944515661
1.38 513 512 217 -44.866044721126556
1.394 510 509 219 -47.359140080771915
1.41 507 504 219 -46.22760713735511
1.424 502 501 213 -46.371337026596066
1.439 498 498 213 -50.05991439223607
1.452 494 493 212 -50.69807793694235
1.466 489 489 212 -50.81329022932052
1.481 485 485 212 -50.943655129909516
1.495 480 480 212 -51.07523540830612
1.514 474 474 212 -51.20845749998092
1.53 470 469 213 -51.343109981060024
1.544 465 465 213 -50.884482830706425
1.558 460 460 219 -51.03295566749572
1.572 455 454 217 -47.60399744385556
1.587 449 450 217 -48.99727035202502
1.602 445 445 220 -49.10505809760093
1.616 440 440 221 -47.45721185792296
1.632 435 435 221 -47.03098178382463
1.645 431 430 227 -47.17319999861717
1.659 426 426 227 -43.74202301471563
1.674 421 422 225 -45.1237982820973
1.688 416 417 227 -45.226498677492145
1.703 411 412 227 -44.16733431482269
1.717 406 408 229 -43.129460991765946
1.732 402 403 229 -43.27569232797622
1.745 398 399 229 -43.39959062075615
1.76 394 395 229 -43.524517661809924
1.772 389 390 228 -43.65036221909523
1.788 385 386 228 -44.37029773359362
1.802 381 382 228 -44.48886933541298
1.816 376 378 228 -44.61961812424659
1.832 371 373 228 -44.751506040811535
1.845 368 369 228 -44.88435234284401
1.859 364 365 225 -45.018234689950944
1.873 359 361 225 -46.93076587252382
1.888 355 356 225 -47.04035830330849
1.903 349 350 220 -47.18311864566803
1.922 345 346 220 -50.288901128137496
1.938 341 341 220 -50.391883885383606
1.951 335 337 221 -50.547984730720515
1.965 331 332 221 -50.11304409512534
1.98 327 327 219 -50.27966502094269
1.993 321 322 215 -51.621199876521224
2.011 317 317 215 -54.1318444534172
2.024 312 312 212 -54.26407973957062
2.039 307 307 211 -56.21296817165552
2.053 302 302 211 -56.95601476760886
2.066 297 297 209 -57.130164160728455
2.082 291 292 209 -58.49881013083111
2.095 286 286 209 -58.670273312807076
2.11 281 280 211 -58.86230389285087
2.124 275 274 203 -57.87250792822768
2.14 270 269 203 -62.813655691967476
2.152 264 263 198 -62.94765286207199
2.166 259 257 198 -66.11476504351597
2.182 252 252 198 -66.29114626502991
2.195 246 245 199 -66.51504802846908
2.21 240 239 199 -66.14924947651413
2.224 234 233 191 -71.11265744103541
2.239 227 227 190 -71.28478687024116
2.253 221 220 190 -72.12150358479961
2.266 214 214 190 -72.36188306546211
2.28 207 208 190 -72.61272465682029
2.295 199 201 190 -72.86515502190589
2.314 191 192 190 -73.11968955492974
2.328 184 184 190 -73.37574834561347
2.342 177 178 190 -73.63339310383796
2.356 169 172 190 -73.89250762200355
2.37 163 165 190 -74.15316433644294
2.384 155 158 190 -74.41536841368675
2.398 148 151 190 -74.6790937063694
2.412 141 144 190 -74.94436937785149
2.425 135 137 190 -75.21112002825737
2.44 127 130 190 -75.4794940445423
2.452 120 122 191 -75.7492622373104
2.467 113 115 191 -75.43003576458484
2.481 104 108 190 -76.29910754261192
2.495 97 99 197 -76.56549942970275
2.51 89 92 197 -72.70827773352569
2.524 82 85 195 -74.20491925595515
2.539 75 77 198 -74.45567659163476
2.553 67 69 198 -72.95256155063299
2.566 60 62 205 -73.23778195166588
2.58 52 54 211 -69.36865339915494
2.596 45 46 211 -66.12771447582242
2.612 37 39 219 -61.68422756788613
2.625 31 32 227 -61.958121837854385
2.64 23 24 227 -57.450256148248116
2.654 16 18 228 -57.70462105965614
2.669 10 12 228 -57.309305419229666
2.682 3 5 228 -57.50992997193336
2.697 -4 -2 235 -57.70413603234291
2.716 -11 -10 243 -53.7691146505395
2.731 -18 -16 243 -49.27776723500795
2.746 -24 -21 255 -42.412521777229856
2.76 -29 -27 326 -42.62412456536293
2.773 -35 -32 326 -0.8600114088049502
2.787 -39 -36 273 -1.2995445382595072
2.803 -42 -40 263 -32.49339029932012
2.818 -45 -43 263 -38.090459800186025
2.831 -49 -46 280 -38.12422499680519
2.846 -52 -50 329 -28.201648826172
2.86 -55 -53 329 0.5244495387694654
2.873 -59 -56 326 0.2651319575309756
2.888 -60 -58 326 -1.4205709953318737
2.904 -62 -60 321 -4.27325625195575
2.917 -63 -61 321 -4.177551387786867
2.931 -63 -62 321 -4.115993989229203
2.945 -64 -62 340 -4.054139347553253
2.96 -64 -63 340 7.212638785637468
2.974 -65 -63 355 16.048705011289247
2.988 -64 -63 357 16.112143934488294
3.003 -63 -62 357 17.45664803276248
3.016 -63 -62 366 17.61524903464317
3.031 -61 -60 376 23.09468750082508
3.046 -60 -60 376 29.132440754822955
3.06 -58 -58 391 29.299297626733775
3.073 -56 -56 391 38.37659167471979
3.088 -54 -54 401 38.55996498680114
3.102 -51 -50 416 44.737773190900455
3.121 -48 -47 416 53.831477017102095
3.135 -45 -44 429 61.76271318027309
3.15 -41 -40 439 62.08615099668502
3.164 -37 -36 439 68.3891218039562
3.178 -32 -31 448 68.76758676028251
3.191 -27 -25 456 74.5163189952268
3.208 -21 -19 456 79.65021868569295
3.221 -14 -13 464 80.1028557794094
3.235 -9 -6 464 85.32289299145683
3.251 -1 1 479 94.64761079104726
3.264 7 8 483 95.13953864812851
3.283 17 19 483 98.08474939445462
3.298 27 28 481 98.66400359487533
3.312 36 37 475 98.09145760596704
3.327 45 46 475 95.16975757328458
3.341 55 55 474 95.79047065162659
3.355 63 64 474 95.78834884535381
3.369 73 74 475 96.38056189250945
3.383 83 84 464 97.55853753279132
3.398 94 94 464 91.66509599796173
3.413 104 104 462 92.28955038070677
3.426 114 114 462 91.67291028387463
3.441 124 124 455 88.11728241735796
3.455 133 133 452 88.69353930687903
3.47 143 143 452 87.463672824875
3.483 154 152 448 88.0103792631626
3.497 163 163 448 86.18513260457424
3.518 176 176 448 86.72860400700569
3.531 187 185 446 87.25121612763404
3.545 196 194 452 86.59754094778984
3.561 205 205 452 90.66381185036593
3.574 215 214 456 91.17337613368034
3.589 235 236 456 94.07553546399821
3.627 258 256 456 94.61913072562217
3.662 283 280 437 95.19033900427817
3.7 314 312 428 84.57446513041397
3.742 347 350 408 75.17540931873877
3.808 379 378 408 68.65445091396685
3.828 386 386 408 69.13088837337493
3.841 395 394 401 69.54573595142364
3.855 404 403 401 65.8387730597936
3.87 412 412 401 66.26594646954537
3.883 418 418 399 66.65817364645004
3.898 427 427 399 65.873792602142
3.918 437 437 397 66.27188964343071
3.931 444 444 389 65.48305248044278
3.945 451 452 389 61.163801786638864
3.96 460 460 385 61.55679964828491
3.973 467 466 385 59.55440837593602
3.988 473 472 380 56.96852409017537
4.002 481 480 374 57.31376325416565
4.018 487 486 374 54.101198032114425
4.031 493 492 364 54.42935536384582
4.045 499 499 357 48.838786650671764
4.059 506 505 357 45.02513460284347
4.074 511 510 349 45.29181297183037
4.088 516 516 349 40.812971591932644
4.102 522 522 340 41.053114691734315
4.117 527 527 334 35.95408933840176
4.131 532 532 334 32.62921871712155
4.144 537 536 330 32.79916570234299
4.159 541 540 330 30.58470306369045
4.174 545 544 326 28.373284640957003
4.187 549 548 326 28.501327177524566
4.202 553 551 326 28.610576565265653
4.216 556 555 322 28.72019124698639
4.23 559 558 297 26.474346998117593
4.246 563 561 297 11.862756455293699
4.26 565 564 289 11.967741227626801
4.274 567 566 289 7.243290739182576
4.289 569 568 282 3.1108760800740787
4.303 571 570 273 3.0660558204650883
4.322 572 571 267 -2.3122878589937548
4.336 573 572 267 -5.921410219843199
4.351 573 572 259 -6.03731368398666
4.364 573 572 251 -10.892916935969016
4.38 573 572 251 -15.747414960123393
4.393 573 572 247 -15.926159974813459
4.409 573 571 241 -18.49798829497012
4.424 572 570 241 -22.247962751441754
4.437 571 569 229 -22.482641168117524
4.451 570 568 229 -29.812595129210074
4.465 568 566 221 -34.787267407727974
4.48 566 564 212 -35.10535126900673
4.494 564 562 212 -40.760841146119716
4.509 561 559 203 -46.418088692536266
4.523 558 556 198 -46.816922410488125
4.538 556 554 198 -50.20178684882363
4.551 552 550 191 -50.64398027324676
4.564 549 547 191 -55.2321599565654
4.58 545 543 191 -55.700691871643066
4.594 539 538 191 -56.20139196252823
4.608 535 534 191 -56.703716202020644
4.622 530 529 191 -57.207552219629285
4.636 525 524 191 -57.71285555052757
4.65 521 520 191 -58.21969914197922
4.663 515 515 191 -58.727970155715944
4.678 510 510 191 -59.23783410692215
4.691 505 504 183 -59.7491502726078
4.706 499 499 183 -64.97370222850523
4.725 491 490 174 -70.79312501895598
4.739 485 485 175 -71.35215113162994
4.752 479 478 175 -71.36199785407074
4.766 472 472 166 -71.96194766879081
4.781 466 466 170 -77.86028012265832
4.795 459 459 170 -76.10928785379936
4.81 451 452 170 -76.75122038817405
4.824 444 444 175 -77.37840372538565
4.839 437 438 175 -75.0626078725069
4.852 430 430 170 -75.68974921917915
4.866 424 423 175 -79.242826863945
4.881 415 416 175 -76.91191834296627
4.894 407 408 175 -77.54419603204727
4.91 400 400 175 -78.1579384431839
4.924 391 392 179 -76.41745343997314
4.939 384 384 183 -77.03131409239768
4.952 376 377 183 -75.27459334112424
4.967 369 370 179 -78.22788875148544
4.981 361 362 179 -78.81452037239075
4.994 353 354 179 -79.41882806253433
5.009 345 346 179 -80.02496259331703
5.022 336 339 179 -80.63267280840873
5.037 329 331 179 -81.24220031523704
5.05 322 324 179 -81.85330241012572
5.065 314 316 179 -82.46615028095245
5.08 306 308 179 -83.08077606511115
5.092 298 300 179 -83.69695782995223
5.107 290 292 179 -84.31495224189757
5.124 279 281 179 -84.93500399518013
5.142 266 268 174 -85.55719830870628
5.161 258 259 174 -89.12690309869379
5.174 248 251 175 -89.75950041842461
5.19 241 242 175 -89.82437824389439
5.204 231 234 175 -90.47869320464135
5.218 223 225 175 -91.1308866019249
5.232 213 216 175 -91.78482915711403
5.245 206 208 175 -92.4404506559372
5.259 197 200 175 -93.09780498099327
5.272 188 190 175 -93.75676866126061
5.287 179 182 175 -94.4176686282158
5.301 169 173 175 -95.08027033758164
5.314 161 165 175 -95.7445748026371
5.328 151 154 175 -96.41060577583313
5.342 142 145 175 -97.07837300252915
5.355 134 138 175 -97.74780775856972
5.37 125 128 175 -98.41899959993363
5.384 113 118 175 -99.09194885444641
5.397 104 109 175 -99.7666256005764
5.412 95 100 175 -100
5.425 86 90 175 -100
5.439 77 80 175 -100
5.452 67 72 175 -100
5.465 58 62 175 -100
5.479 48 52 175 -100
5.492 39 42 175 -100
5.506 29 34 175 -100
5.523 17 20 175 -100
5.538 5 10 175 -100
5.551 -3 0 175 -100
5.564 -13 -8 175 -100
5.578 -22 -18 175 -100
5.608 -51 -46 221 -87.59628024050895
5.64 -78 -77 229 -79.38678877954139
5.678 -103 -102 243 -78.67608381362568
5.722 -136 -134 267 -70.84032199619269
5.779 -161 -162 326 -50.595271808084085
5.812 -171 -170 297 -22.560110856577502
5.826 -177 -176 297 -39.662328715596246
5.841 -183 -182 294 -41.34808578763774
5.854 -189 -187 298 -41.372936881780625
5.868 -194 -192 298 -39.05104063511521
5.881 -199 -198 326 -39.07643610167503
5.896 -204 -203 321 -22.588159507357386
5.912 -209 -208 321 -25.475904220281862
5.93 -214 -213 326 -25.334450990676878
5.945 -218 -216 328 -22.26304868789728
5.96 -221 -220 328 -20.946267588340955
5.973 -224 -222 706 -20.785722122669224
5.988 -227 -225 706 100
6.002 -228 -226 341 100
6.016 -227 -225 345 -9.344513164096078
6.031 -225 -224 345 -5.526415073928192
6.045 -224 -222 355 -5.267656155347826
6.064 -224 -222 372 0.89882329696376
6.078 -224 -222 372 11.219386462345026
6.091 -224 -222 742 11.602027730464933
6.108 -224 -221 742 100
6.121 -223 -220 742 100
6.133 -220 -216 742 100
6.148 -216 -212 742 100
6.161 -211 -206 742 100
6.174 -205 -201 722 100
6.188 -198 -194 722 100
6.203 -189 -185 722 100
6.216 -182 -178 722 100
6.229 -172 -169 722 100
6.244 -163 -161 722 100
6.259 -153 -151 429 73.93409874522281
6.272 -144 -142 418 75.67942266774178
6.286 -135 -134 418 70.00615976882753
6.302 -125 -124 408 70.78476008582115
6.315 -115 -113 412 65.63511205350399
6.334 -105 -105 412 68.70876619381046
6.349 -96 -97 420 69.40721972060203
6.362 -88 -89 425 74.83578657719767
6.376 -79 -81 425 78.52326326387802
6.39 -71 -72 439 79.30627646160126
6.405 -63 -64 439 88.36032792505789
6.42 -55 -56 445 92.74614303566813
6.432 -45 -47 448 93.66015227365493
6.447 -36 -38 448 96.36366290691048
6.462 -27 -30 445 97.31066817140578
6.475 -19 -20 445 96.50032768460439
6.49 -10 -11 437 92.73405893844239
6.505 2 0 429 93.64992131924629
6.52 10 10 429 89.82640041162693
6.533 20 19 429 90.69373484897613
6.547 29 28 420 91.53826779150963
6.562 40 38 420 87.07828296717885
6.575 50 48 416 87.89475838446617
6.591 59 58 416 86.32715996958171
6.606 69 68 410 83.56773746811889
6.62 79 78 412 84.31405661129952
6.633 87 87 412 86.2230103343614
6.646 98 96 406 86.96134645962715
6.662 107 105 408 84.16946142256481
6.676 115 114 408 86.07442134126107
6.69 124 124 403 86.7909008538723
6.705 135 134 403 84.56662626367665
6.72 148 146 403 85.27369247412682
6.738 157 155 401 85.96765983152389
6.752 166 166 401 85.48367795464257
6.768 175 174 403 87.35256732416109
6.781 184 184 392 88.04509182143211
6.794 193 193 392 82.25776759720705
6.811 204 203 392 82.91675513529778
6.824 213 211 401 83.54453939127922
6.838 221 220 401 89.48148281672131
6.851 231 230 572 90.14714292478561
6.866 241 238 572 100
6.88 248 248 401 100
6.893 258 257 389 94.0859164622807
6.909 269 268 389 88.2022775990772
6.923 279 278 376 88.85314153575897
6.936 289 287 376 81.80280950724783
6.951 299 297 372 80.00926010613871
6.965 307 306 365 80.52225019073487
6.984 321 318 365 76.89619697520403
6.999 330 330 357 72.6523354198835
7.014 340 339 355 73.0749987103939
7.029 349 346 355 72.29589096094861
7.042 357 356 349 72.68891825819016
7.056 366 365 349 69.53764312445085
7.071 374 373 349 69.90114595913887
7.084 382 381 340 70.24827617049218
7.099 390 389 336 65.2868864173109
7.115 399 398 336 63.23713474492813
7.132 409 408 338 63.50513627505302
7.146 416 416 329 64.94228459489919
7.162 425 423 329 59.89925159411008
7.175 432 430 330 60.13247040843964
7.19 437 437 330 60.930949912026065
7.205 445 445 324 57.604430549474976
7.22 452 452 321 57.79436428785324
7.233 459 458 321 56.19796819040501
7.246 465 464 326 56.35843306303024
7.261 472 470 326 59.46098720585306
7.275 477 477 321 56.6862485928418
7.289 483 483 326 56.85306867456436
7.304 490 489 326 59.95666406491136
7.32 496 496 321 60.13328032207489
7.332 502 502 326 57.373621420085705
7.348 508 508 326 60.49190549686951
7.361 515 515 326 60.66968357181549
7.376 521 520 326 60.86145344543457
7.39 527 527 321 58.10311533324683
7.404 533 533 321 58.2721402759552
7.42 539 539 321 58.4279619448185
7.433 545 545 321 58.58405751514435
7.447 552 551 321 58.740440034627916
7.461 559 557 321 58.8971239027977
7.475 563 563 321 59.054101764678954
7.49 570 569 321 59.21138329339028
7.504 577 575 326 59.368975959062574
7.519 583 584 326 62.4777800522056
7.537 591 590 326 62.660448795080185
7.551 597 596 326 62.85678019118309
7.564 604 602 273 63.05345335650444
7.58 609 609 273 31.968951073169386
7.595 616 616 265 31.903730984210974
7.609 622 622 251 26.97637242984397
7.624 627 626 251 18.467086212187624
7.638 631 630 247 18.12955512189865
7.652 635 634 241 15.393566167770443
7.665 639 637 241 11.45610856033657
7.681 641 640 241 11.018592015504836
7.694 644 642 228 10.564630316734316
7.71 646 644 228 2.435789230122286
7.724 648 646 220 1.9133912076950068
7.738 649 647 220 -3.366334204452509
7.752 650 648 209 -10.459459701283974
7.765 651 649 205 -11.137731427907937
7.781 651 648 205 -14.207198783030488
7.794 651 648 195 -20.840994853055083
7.809 650 648 191 -21.635314403533933
7.824 649 647 191 -24.818391388857076
7.838 648 646 191 -25.662522943019866
7.851 647 644 191 -26.51831092691421
7.864 645 643 191 -27.375527528524394
7.88 643 641 191 -28.234403829813004
7.892 642 639 183 -29.094678343296046
7.908 639 637 183 -34.68018183385627
7.921 636 634 172 -35.58675240564346
7.943 633 631 165 -43.0111945775387
7.958 631 628 165 -48.135395370659914
7.972 627 624 166 -48.6035258125657
7.986 623 621 162 -49.676152856349944
8.002 619 617 162 -53.11039872166346
8.016 615 613 157 -57.15912048690437
8.03 610 608 156 -58.29500488042831
8.044 606 604 156 -60.03586388370271
8.058 601 599 154 -61.19371073293685
8.072 596 594 156 -63.53712032075601
8.087 590 588 156 -63.53171579879032
8.1 584 583 156 -64.7031126961708
8.115 579 578 149 -65.87164969491958
8.13 572 571 149 -71.17654794605565
8.144 566 566 156 -72.38901295590401
8.158 560 560 156 -69.48657500866149
8.172 553 552 156 -70.68044481396674
8.186 546 546 158 -71.85919003415107
8.2 539 540 158 -71.85876125420508
8.215 533 533 156 -74.21143605326607
8.229 525 525 158 -75.39159569764136
8.243 519 520 158 -75.39731019021315
8.257 511 512 157 -76.57462786030769
8.271 504 505 158 -78.33981012848206
8.285 497 498 158 -78.93149312737252
8.299 488 490 157 -80.11242259407044
8.313 481 483 166 -81.88365190230651
8.328 471 472 166 -77.7555562990976
8.347 463 464 170 -78.89563558268547
8.361 455 457 166 -77.65297650195991
8.375 447 449 166 -81.11431386451802
8.389 439 442 170 -82.22894624400139
8.404 431 432 173 -80.99199302577244
8.419 423 425 173 -80.32363921374797
8.433 413 417 166 -81.40180210900306
8.448 407 409 175 -86.61036735178722
8.462 397 401 175 -82.41021914149904
8.475 389 393 175 -83.49085066986083
8.49 381 385 175 -84.55212192010879
8.505 373 376 175 -85.61522795033454
8.518 365 368 183 -86.68004028272628
8.533 355 359 183 -83.01970670502331
8.548 348 351 183 -84.03852011060715
8.561 340 343 183 -85.04013988423347
8.574 331 336 183 -86.04326291799545
8.589 323 326 183 -87.04816026735305
8.604 313 318 183 -88.05482230854034
8.618 306 309 183 -89.0630818669796
8.631 296 300 183 -90.07289991760254
8.645 289 292 183 -91.08436424589158
8.659 280 284 183 -92.09746787810326
8.672 271 275 183 -93.11207376623153
8.686 262 266 183 -94.1283221104145
8.7 253 256 183 -95.14621762490273
8.714 244 248 183 -96.16574541378021
8.728 232 234 183 -97.18689861488342
8.746 223 226 183 -98.2101730055809
8.76 213 217 183 -99.23512154102326
8.773 205 208 183 -100
8.788 195 198 183 -100
8.801 184 188 183 -100
8.815 176 179 183 -100
8.828 167 170 183 -100
8.842 156 161 183 -100
8.855 147 151 191 -100
8.869 137 142 191 -100
8.882 127 131 191 -100
8.896 117 121 195 -100
8.911 107 111 195 -100
8.924 97 102 203 -99.54219148044601
8.938 87 91 203 -100
8.953 77 81 203 -100
8.966 66 70 207 -100
8.98 56 59 213 -100
8.996 45 49 213 -97.96967953846537
9.011 33 39 217 -98.76697765016556
9.025 25 28 221 -97.18719584077006
9.04 13 17 221 -95.58133237917356
9.054 3 7 229 -96.30542485117913
9.068 -7 -2 237 -92.29163380198345
9.082 -17 -12 237 -88.22382963765459
9.097 -27 -22 235 -88.8145693769455
9.112 -37 -32 235 -90.57121256500189
9.126 -48 -45 237 -89.97734727053181
9.145 -59 -55 241 -90.55788086986541
9.159 -68 -64 265 -88.76955280194193
9.173 -77 -74 265 -75.12701995906264
9.187 -87 -83 326 -75.50088359928131
9.203 -96 -93 326 -39.7490376287027
9.216 -104 -100 326 -39.64198152446747
9.23 -110 -108 326 -39.40199970769883
9.243 -118 -115 326 -39.161678880214694
9.258 -123 -122 326 -38.92098272895813
9.271 -130 -128 334 -38.67993626022339
9.285 -135 -133 334 -33.70702004844047
9.299 -141 -139 334 -33.408072596073154
9.314 -146 -144 334 -33.09141122341156
9.328 -150 -148 334 -32.7742745013237
9.341 -155 -152 334 -32.45668584871292
9.355 -158 -156 334 -32.13862091445923
9.368 -162 -160 334 -31.820092717170716
9.382 -165 -164 334 -31.50111211919785
9.395 -169 -168 334 -31.181679615020755
9.411 -172 -171 410 -30.861705274105077
9.425 -175 -174 410 14.416301830627816
9.439 -177 -176 410 15.293309505462645
9.453 -179 -178 410 16.333167129039758
9.468 -179 -178 404 13.825131950722017
9.481 -179 -178 412 14.823833436489096
9.495 -179 -178 412 20.54409995790933
9.511 -179 -177 425 21.592462983608236
9.524 -177 -176 435 30.350322879957538
9.543 -175 -174 435 37.43226699967436
9.558 -174 -172 439 38.70158193039894
9.572 -172 -170 447 42.360388234746786
9.585 -166 -163 454 48.4177881728562
9.626 -157 -154 460 53.95800507940627
9.663 -145 -142 460 58.9820112238307
9.708 -129 -126 460 60.522857682704924
9.763 -105 -102 460 59.125919070906875
9.8 -93 -93 455 63.61434206206155
9.819 -87 -87 455 62.21592639199177
9.832 -81 -81 460 63.75010642886161
9.846 -75 -75 464 68.23565277240513
9.862 -68 -68 464 72.17093378374662
9.875 -62 -62 464 73.7823263156414
9.889 -55 -55 464 75.40417579531669
9.903 -47 -48 464 77.02832900691031
9.918 -41 -41 464 78.65486059355734
9.931 -31 -32 464 80.28360515952109
9.949 -23 -23 464 81.91528137469291
9.964 -15 -16 616 83.54930362868308
9.978 -7 -8 616 100
9.991 1 0 639 100
