0 0 0 0 0
0.015260696411132812 125 114 51 -100
0.04404091835021973 123 113 51 -100
0.05763411521911621 119 110 51 -100
0.07332634925842285 114 106 51 -100
0.0859377384185791 108 102 50 -100
0.0998072624206543 101 96 57 -100
0.11424636840820312 94 89 57 -100
0.12840604782104492 86 82 58 -100
0.14250755310058594 79 74 67 -100
0.1559453010559082 71 68 67 -100
0.1703171730041504 61 60 74 -100
0.18393921852111816 53 51 84 -100
0.19750237464904785 43 42 84 -100
0.21167421340942383 33 32 86 -100
0.226057767868042 22 24 94 -100
0.24017095565795898 14 15 94 -100
0.25360751152038574 2 6 99 -100
0.26705121994018555 -6 -4 109 -100
0.2818734645843506 -16 -13 109 -100
0.2944660186767578 -26 -22 118 -100
0.3099558353424072 -37 -32 118 -100
0.3241236209869385 -48 -42 121 -100
0.33728885650634766 -58 -52 130 -100
0.3518192768096924 -71 -65 139 -100
0.3699314594268799 -81 -75 139 -100
0.3841705322265625 -92 -86 149 -100
0.3976280689239502 -101 -96 157 -97.75932416912565
0.4132969379425049 -112 -107 157 -92.68108605311961
0.42761969566345215 -125 -118 166 -93.07433187713623
0.4447646141052246 -135 -129 179 -86.82558326754524
0.4593076705932617 -145 -139 179 -78.21977998389794
0.473064661026001 -155 -150 184 -78.79157342817784
0.4878263473510742 -163 -158 189 -75.34224123588432
0.5025031566619873 -173 -168 189 -72.10380627384605
0.5169966220855713 -182 -177 189 -72.30854866135121
0.5316562652587891 -191 -186 199 -72.31445004589558
0.5457003116607666 -201 -194 199 -65.45346008747683
0.5600061416625977 -209 -202 205 -65.82561768107415
0.5739645957946777 -217 -211 205 -61.72199821575757
0.5887539386749268 -224 -218 211 -57.832489962273534
0.6031589508056641 -233 -227 217 -58.04167836945057
0.617917537689209 -239 -234 217 -53.95260641472856
0.6335954666137695 -247 -240 221 -51.4255489595258
0.647017240524292 -253 -247 228 -51.55692392539978
0.6615869998931885 -259 -252 228 -46.80007497123138
0.6755833625793457 -266 -259 235 -47.01655155200959
0.6901693344116211 -271 -265 236 -42.26818888351945
0.704063892364502 -277 -271 236 -41.797137148752455
0.7180776596069336 -282 -276 243 -41.830139358615874
0.7338488101959229 -287 -281 247 -37.09354730605269
0.7475507259368896 -291 -287 251 -34.58126816651013
0.7662913799285889 -297 -292 251 -31.98764021361637
0.7818968296051025 -301 -296 251 -32.095870437908175
0.7956948280334473 -307 -302 257 -32.09976934256554
0.8154890537261963 -310 -306 257 -28.056124981971436
0.8284087181091309 -314 -309 259 -28.206838102984428
0.8438858985900879 -317 -312 259 -26.86289826220547
0.858161211013794 -320 -316 259 -26.913816496133805
0.872035026550293 -323 -319 259 -26.917391839742663
0.8869714736938477 -325 -322 265 -26.921028422784808
0.9013924598693848 -328 -325 265 -22.891055934737263
0.9153194427490234 -331 -327 263 -23.02738691444397
0.9297845363616943 -333 -330 267 -24.373847837014324
0.9457399845123291 -335 -332 267 -21.649358212803023
0.9600565433502197 -338 -334 265 -21.737116245770455
0.9741051197052002 -340 -337 273 -23.081588943704674
0.9893534183502197 -342 -339 273 -17.68147508373915
1.003004550933838 -343 -341 273 -17.84590498020649
1.0170865058898926 -345 -343 273 -17.848651113772394
1.0318121910095215 -347 -345 271 -19.19041011403255
1.0458741188049316 -349 -346 278 -19.154676404070855
1.0610227584838867 -351 -348 278 -14.47506249479933
1.0745429992675781 -352 -350 278 -14.609374648737909
1.0893256664276123 -353 -351 280 -14.611771165204049
1.1037261486053467 -355 -352 280 -13.277737743756859
1.1181867122650146 -356 -354 273 -17.9922004256669
1.1320548057556152 -357 -355 282 -17.870054269599915
1.1473324298858643 -358 -356 282 -11.865233812769223
1.165618896484375 -359 -358 282 -12.024217581987383
1.1786205768585205 -361 -358 281 -12.026339099025728
1.1942248344421387 -361 -360 281 -12.6953553914021
1.2087304592132568 -363 -360 281 -12.68090471408367
1.2225744724273682 -363 -361 281 -12.683227605581283
1.2372851371765137 -364 -362 281 -12.685578447341918
1.25160551071167 -365 -363 281 -12.687956497812271
1.2654316425323486 -365 -364 286 -12.690360817933083
1.2787673473358154 -366 -364 286 -9.363950784549361
1.2945928573608398 -367 -365 286 -9.443963522219658
1.3083901405334473 -367 -366 286 -9.445795268416404
1.3238427639007568 -368 -366 286 -9.447648648285865
1.3445441722869873 -369 -367 288 -8.119512241954064
1.3644697666168213 -369 -368 288 -8.150899465012552
1.3835110664367676 -370 -368 288 -8.152559678292276
1.4038147926330566 -371 -369 288 -8.154244256043436
1.425563097000122 -371 -369 288 -8.155954931759835
1.442396879196167 -371 -370 288 -8.15768580801487
1.4582765102386475 -372 -370 288 -8.159435739827156
1.4727606773376465 -372 -370 281 -8.161203052639962
1.4865875244140625 -372 -370 281 -12.808202985923774
1.502143144607544 -373 -371 288 -8.0726299683411
1.5170197486877441 -373 -371 290 -8.167650564408303
1.5314955711364746 -373 -371 290 -6.8430637996632715
1.5455825328826904 -373 -372 290 -6.870727642512321
1.5642428398132324 -373 -372 290 -6.872291885352134
1.5784032344818115 -373 -372 290 -6.873870288586616
1.5947048664093018 -374 -372 290 -6.875464993453026
1.6086204051971436 -374 -372 290 -6.877073613858223
1.6234171390533447 -374 -372 290 -6.878697030997277
1.6363859176635742 -373 -372 290 -6.88033341691494
1.6515538692474365 -373 -372 290 -6.881984970784187
1.6650424003601074 -373 -372 290 -6.883650013184547
1.6785240173339844 -373 -372 290 -6.8853285372018815
1.6943707466125488 -373 -372 290 -6.887022907948494
1.7084269523620605 -373 -372 290 -6.888731334900856
1.722752571105957 -373 -372 290 -6.890454087471962
1.73652982711792 -373 -372 290 -6.89219061729908
1.7516522407531738 -373 -372 290 -6.893942269539833
1.7650704383850098 -373 -372 290 -6.895707339978218
1.780055284500122 -373 -372 290 -6.8974873952627185
1.7932677268981934 -373 -372 290 -6.899280662989616
1.808696985244751 -373 -372 290 -6.901089359974861
1.8227097988128662 -373 -372 290 -6.902912069773674
1.8364653587341309 -373 -372 290 -6.904748535132408
1.852013111114502 -373 -372 290 -6.906600548243523
1.8652868270874023 -373 -372 290 -6.90846583507061
1.8799853324890137 -373 -372 290 -6.910345820403099
1.893338918685913 -373 -372 290 -6.912239159321785
1.9092421531677246 -373 -372 290 -6.914148401474953
1.923607349395752 -373 -372 290 -6.916072008824348
1.9365324974060059 -373 -372 290 -6.918008541321754
1.9520297050476074 -373 -372 290 -6.919960571026802
1.97117018699646 -373 -372 290 -6.921931741213799
1.9847314357757568 -373 -372 290 -6.923916472649575
2.0021004676818848 -373 -372 290 -6.925918573117256
2.01627254486084 -373 -372 290 -6.927934845662117
2.029902935028076 -373 -372 290 -6.929964748597145
2.0438506603240967 -373 -372 290 -6.932008599257469
2.0583505630493164 -373 -372 290 -6.934066949820519
2.0724215507507324 -373 -372 290 -6.93613937137127
2.0866923332214355 -373 -372 290 -6.938226063704491
2.1002447605133057 -373 -372 286 -6.9403263084650035
2.1159777641296387 -373 -372 286 -9.58109625799852
2.1301631927490234 -373 -372 286 -9.546270905804633
2.143505096435547 -373 -372 285 -9.549271812939644
2.158066749572754 -373 -372 285 -10.211776467000394
2.172642230987549 -373 -372 290 -6.908654649174075
2.185750961303711 -373 -372 286 -6.956867306256294
2.19985032081604 -373 -372 286 -9.596313207273505
2.214668035507202 -373 -372 290 -9.563047631955147
2.228624105453491 -373 -372 290 -6.929379668653043
2.2431998252868652 -373 -372 290 -6.9675194558858875
2.257279634475708 -373 -372 290 -6.969776735520363
2.271493434906006 -373 -372 290 -6.972048228955269
2.2844114303588867 -373 -372 290 -6.974332640385628
2.298410177230835 -373 -372 290 -6.976631050562858
2.3146281242370605 -373 -372 290 -6.978945678687095
2.328010082244873 -373 -372 290 -6.98127368876934
2.3438150882720947 -373 -372 290 -6.983617503857612
2.364452838897705 -373 -372 290 -6.98598195669651
2.3784682750701904 -373 -372 290 -6.988360424971581
2.3936405181884766 -373 -372 290 -6.990754065489769
2.4101457595825195 -373 -372 290 -6.9931642112493515
2.4246439933776855 -373 -372 290 -6.99558885524273
2.4379892349243164 -373 -372 290 -6.998026844477653
2.452770709991455 -373 -372 290 -7.000479615187645
2.467172622680664 -373 -372 290 -7.002946787810326
2.488477945327759 -373 -372 290 -7.005435265755653
2.5037992000579834 -373 -372 290 -7.007939064955711
2.519850015640259 -373 -372 290 -7.010458914971352
2.5332930088043213 -373 -372 290 -7.012992207980156
2.5464987754821777 -373 -372 290 -7.015538706755638
2.56122088432312 -373 -372 290 -7.018099927639962
2.5744690895080566 -373 -372 290 -7.020674396729469
2.5884532928466797 -373 -372 290 -7.023262850022316
2.6031596660614014 -373 -372 290 -7.025866009688377
2.6182520389556885 -373 -372 290 -7.028484261727333
2.632713794708252 -373 -372 290 -7.031116975522042
2.6458616256713867 -373 -372 290 -7.033762837147712
2.6598987579345703 -373 -372 290 -7.0364227359056475
2.6739423274993896 -373 -372 290 -7.039096678233147
2.687748670578003 -373 -372 290 -7.041784426903725
2.7031209468841553 -373 -372 290 -7.044487547850609
2.7177512645721436 -373 -372 290 -7.047205299115181
2.7324745655059814 -373 -372 290 -7.049937773680687
2.7454886436462402 -373 -372 290 -7.052683262324333
2.759768486022949 -373 -372 290 -7.055443030810356
2.7781407833099365 -373 -372 290 -7.058221171593666
2.792126417160034 -373 -372 290 -7.061013298010826
2.8072614669799805 -373 -372 290 -7.063820559477806
2.8225326538085938 -373 -372 290 -7.066643092131614
2.83561372756958 -373 -372 290 -7.069478705859185
2.8493258953094482 -373 -372 290 -7.072328031754494
2.863494396209717 -373 -372 290 -7.075191526150704
2.8774983882904053 -373 -372 290 -7.078069024538994
2.8919787406921387 -373 -372 290 -7.080961003279686
2.906233310699463 -373 -372 290 -7.083867236590385
2.9215638637542725 -373 -372 290 -7.08678880045414
2.9347658157348633 -373 -372 290 -7.089723566269875
2.948118209838867 -373 -372 290 -7.092671684479713
2.9625415802001953 -373 -372 290 -7.0956342260599135
2.9765307903289795 -373 -372 290 -7.098610756850243
2.9922943115234375 -373 -372 290 -7.101603051161766
3.007336139678955 -373 -372 290 -7.104610387301445
3.0218892097473145 -373 -372 290 -7.107632276511192
3.0354816913604736 -373 -372 290 -7.110667758202553
3.0498101711273193 -373 -372 290 -7.11371756837368
3.063089370727539 -373 -372 290 -7.116780657744408
3.0775980949401855 -373 -372 290 -7.119858255839348
3.0913994312286377 -373 -372 290 -7.122949655270577
3.1058175563812256 -373 -372 290 -7.126055472826958
3.1216800212860107 -373 -372 290 -7.129177152848244
3.134469985961914 -373 -372 290 -7.132311622834205
3.148145914077759 -373 -372 290 -7.135459768748284
3.1618618965148926 -373 -372 290 -7.138621630644798
3.1816322803497314 -373 -372 290 -7.141803262925148
3.1952967643737793 -373 -372 290 -7.144998559689522
3.210745096206665 -373 -372 290 -7.148209304785729
3.2245776653289795 -373 -372 290 -7.151433882451057
3.2387492656707764 -373 -372 290 -7.154672631716728
3.254220485687256 -373 -372 290 -7.157926852202415
3.2683653831481934 -373 -372 290 -7.161195217585564
3.2836642265319824 -373 -372 290 -7.164478881812096
3.2964935302734375 -373 -372 290 -7.167775375342369
3.312485456466675 -373 -372 290 -7.171087860798836
3.3272323608398438 -373 -372 290 -7.174415093159675
3.340744972229004 -373 -372 290 -7.177755838131905
3.3544089794158936 -373 -372 290 -7.18111024711132
3.3677878379821777 -373 -372 290 -7.1844780349493025
3.3842551708221436 -373 -372 290 -7.187862290120125
3.3980953693389893 -373 -372 290 -7.191260385489464
3.421937942504883 -373 -372 290 -7.194682323431969
3.4429943561553955 -373 -372 290 -7.198125317788124
3.46199107170105 -373 -372 290 -7.201587308859825
3.4839468002319336 -373 -372 290 -7.205071255660057
3.504004716873169 -373 -372 290 -7.20857526037693
3.5206944942474365 -373 -372 290 -7.212095954871177
3.5354745388031006 -373 -372 290 -7.215631429409981
3.5484395027160645 -373 -372 290 -7.219179868912697
3.563154935836792 -373 -372 290 -7.222743023848533
3.581998348236084 -373 -372 290 -7.22632502219677
3.595104455947876 -373 -372 290 -7.2299201266527175
3.6101443767547607 -373 -372 290 -7.233530271029473
3.6236913204193115 -373 -372 290 -7.2371539623498915
3.638479471206665 -373 -372 290 -7.240792441821099
3.6530470848083496 -373 -372 290 -7.244445488905907
3.6660194396972656 -373 -372 290 -7.248111508345604
3.6815662384033203 -373 -372 290 -7.251793074584008
3.694336414337158 -373 -372 290 -7.255487410998344
3.709245204925537 -373 -372 290 -7.25919665620327
3.72367000579834 -373 -372 290 -7.262920326209068
3.737575054168701 -373 -372 290 -7.266657901263237
3.751737117767334 -373 -372 290 -7.270409638381004
3.765753746032715 -373 -372 290 -7.274175392127037
3.7784790992736816 -373 -372 290 -7.277953871226311
3.7941880226135254 -373 -372 290 -7.281748059248924
3.809307813644409 -373 -372 290 -7.285557367062569
3.825056552886963 -373 -372 290 -7.289382423615455
3.8402907848358154 -373 -372 290 -7.293222714400292
3.853703737258911 -373 -372 290 -7.29707641813755
3.8672776222229004 -373 -372 290 -7.3009436957597735
3.8812735080718994 -373 -372 290 -7.3048249692678455
3.8953094482421875 -373 -372 290 -7.308720278716088
3.9106533527374268 -373 -372 290 -7.312630932068824
3.9242911338806152 -373 -372 290 -7.316555223202705
3.93937611579895 -373 -372 290 -7.320494599318504
3.9531755447387695 -373 -372 290 -7.324447774863243
3.966120958328247 -373 -372 290 -7.328413895821571
3.9857022762298584 -373 -372 290 -7.332399598097801
3.9998531341552734 -373 -372 290 -7.336399451231957
4.014619588851929 -373 -372 290 -7.340414070820809
4.028719902038574 -373 -372 290 -7.344442790722847
4.044293165206909 -373 -372 290 -7.348487083888054
4.057459831237793 -373 -372 290 -7.352544543719292
4.071725130081177 -373 -372 290 -7.356616268849373
4.0846686363220215 -373 -372 290 -7.360700937485695
4.100090742111206 -373 -372 290 -7.364801028227806
4.1143083572387695 -373 -372 290 -7.368915336585045
4.127537488937378 -373 -372 290 -7.373042874073982
4.143817186355591 -373 -372 290 -7.377186691260338
4.157470226287842 -373 -372 290 -7.381344161486625
4.171229362487793 -373 -372 290 -7.385515390849114
4.184499979019165 -373 -372 290 -7.389699890828132
4.198487043380737 -373 -372 290 -7.393898377871514
4.213801622390747 -373 -372 290 -7.398112179493904
4.227506399154663 -373 -372 290 -7.402339685893059
4.242149114608765 -373 -372 290 -7.4065818350076675
4.255620241165161 -373 -372 290 -7.410837455248833
4.26853084564209 -373 -372 290 -7.415105986094475
4.283179759979248 -373 -372 290 -7.419389165854454
4.297801971435547 -373 -372 290 -7.42368696782589
4.312448978424072 -373 -372 290 -7.4279994168043135
4.326180696487427 -373 -372 290 -7.432325597500801
4.341953754425049 -373 -372 290 -7.436667551255226
4.355069875717163 -373 -372 290 -7.441022621130943
4.368457794189453 -373 -372 290 -7.445391078925133
4.386186599731445 -373 -372 290 -7.449777265524864
4.40207314491272 -373 -372 290 -7.4541793386697766
4.417309045791626 -373 -372 290 -7.458596647715568
4.430753707885742 -373 -372 290 -7.463027401423455
4.446256875991821 -373 -372 290 -7.467473658299446
4.460724115371704 -373 -372 290 -7.471934382414818
4.473772287368774 -373 -372 290 -7.476408154702186
4.488525629043579 -373 -372 290 -7.48089668033123
4.504411220550537 -373 -372 290 -7.485401091551781
4.518092632293701 -373 -372 290 -7.489919184184075
4.534311294555664 -373 -372 290 -7.494453495478631
4.550109624862671 -373 -372 290 -7.499003605103493
4.563510179519653 -373 -372 290 -7.503567115283012
4.5771753787994385 -373 -372 290 -7.508144290661812
4.590656995773315 -373 -372 290 -7.512734947657585
4.6069581508636475 -373 -372 290 -7.517341905808449
4.621044635772705 -373 -372 290 -7.521962950444221
4.633858680725098 -373 -372 290 -7.526596809124946
4.649817705154419 -373 -372 290 -7.531246626830101
4.6629931926727295 -373 -372 290 -7.535909620022774
4.676497936248779 -373 -372 290 -7.540586117959022
4.6912829875946045 -373 -372 290 -7.545277400946617
4.705906867980957 -373 -372 290 -7.549983307814598
4.720183849334717 -373 -372 290 -7.554703491663933
4.733509063720703 -373 -372 290 -7.5594370007276535
4.748140573501587 -373 -372 290 -7.564185141301155
4.7627174854278564 -373 -372 290 -7.568947858786583
4.780086278915405 -373 -372 290 -7.573727945065499
4.793836355209351 -373 -372 290 -7.578521781420708
4.813980579376221 -373 -372 290 -7.583335762000084
4.827554702758789 -373 -372 290 -7.588163316702843
4.8464179039001465 -373 -372 290 -7.593009734606743
4.863028287887573 -373 -372 290 -7.597872762894631
4.8770928382873535 -373 -372 290 -7.602749855732918
4.890397310256958 -373 -372 290 -7.607640253043175
4.90598726272583 -373 -372 290 -7.6125462403059005
4.9195332527160645 -373 -372 290 -7.617465773558616
4.935707092285156 -373 -372 290 -7.622401480650902
4.951367378234863 -373 -372 290 -7.627352848029137
4.964188814163208 -373 -372 290 -7.6323170368433
4.977983713150024 -373 -372 290 -7.63729502055645
4.992563724517822 -373 -372 290 -7.642287584280968
5.007619142532349 -373 -372 290 -7.6472952034235
5.021913766860962 -373 -372 290 -7.652317117190361
5.035519599914551 -373 -372 290 -7.657352636790275
5.0484678745269775 -373 -372 290 -7.662401104664802
5.064727067947388 -373 -372 290 -7.66746583173275
5.077976226806641 -373 -372 290 -7.672543807959556
5.092342376708984 -373 -372 290 -7.677636150336266
5.107854604721069 -373 -372 290 -7.682744004940987
5.121966361999512 -373 -372 290 -7.687865971302986
5.135796308517456 -373 -372 290 -7.693001767611504
5.1485841274261475 -373 -372 290 -7.69815035173893
5.1646153926849365 -373 -372 290 -7.703314967131615
5.183105230331421 -373 -372 290 -7.708498072361946
5.196172714233398 -373 -372 290 -7.71369424507618
5.212480068206787 -373 -372 290 -7.718906725144386
5.226071357727051 -373 -372 290 -7.724132796502113
5.239294767379761 -373 -372 290 -7.729372091269493
5.253416538238525 -373 -372 290 -7.734625507807731
5.267900228500366 -373 -372 290 -7.739893408036232
5.281812429428101 -373 -372 290 -7.74517522046566
5.2952141761779785 -373 -372 290 -7.750470434641838
5.310245037078857 -373 -372 290 -7.755780679678917
5.324243545532227 -373 -372 290 -7.761104923224449
5.337869644165039 -373 -372 290 -7.766442792868614
5.351709604263306 -373 -372 290 -7.771794502472877
5.3671839237213135 -373 -372 290 -7.777161686396599
5.380674839019775 -373 -372 290 -7.782542361235619
5.394266366958618 -373 -372 290 -7.787936627602577
5.4111738204956055 -373 -372 290 -7.793347801423073
5.423910856246948 -373 -372 290 -7.79877171227932
5.43926739692688 -373 -372 290 -7.804210979676247
5.4532310962677 -373 -372 290 -7.809664210772515
5.467788457870483 -373 -372 290 -7.815131999230385
5.483529090881348 -373 -372 290 -7.820615528321266
5.502047300338745 -373 -372 290 -7.8261175756216055
5.52382493019104 -373 -372 290 -7.831641400551796
5.541989326477051 -373 -372 290 -7.837183389878273
5.5618085861206055 -373 -372 290 -7.842745198464394
5.580406427383423 -373 -372 290 -7.848325604891777
5.594338893890381 -373 -372 290 -7.853919943785668
5.608314275741577 -373 -372 290 -7.859528258061409
5.623639345169067 -373 -372 290 -7.865151897406578
5.6373984813690186 -373 -372 290 -7.870789295887947
5.651297330856323 -373 -372 290 -7.8764405932188035
5.666279315948486 -373 -372 290 -7.882106872534752
5.6799139976501465 -373 -372 290 -7.887786786532402
5.693814516067505 -373 -372 290 -7.89348060104847
5.7082788944244385 -373 -372 290 -7.899188879942894
5.723419904708862 -373 -372 290 -7.904912299847603
5.737280607223511 -373 -372 290 -7.910649580454827
5.751277446746826 -373 -372 290 -7.916400857901573
5.765637159347534 -373 -372 290 -7.922166495060921
5.7800047397613525 -373 -372 290 -7.927946499800682
5.793177604675293 -373 -372 290 -7.933739677405358
5.812061309814453 -373 -372 290 -7.939551738715172
5.827028036117554 -373 -372 290 -7.94537876675129
5.840279579162598 -373 -372 290 -7.951219046330452
5.854269981384277 -373 -372 290 -7.957073316311837
5.868513584136963 -373 -372 290 -7.962941829895973
5.883265972137451 -373 -372 290 -7.968825095868111
5.8965208530426025 -373 -372 290 -7.974721616721153
5.9113850593566895 -373 -372 290 -7.98063300178051
5.925870895385742 -373 -372 290 -7.986558872675896
5.940109014511108 -373 -372 290 -7.992498981690407
5.955623626708984 -373 -372 290 -7.998454605317116
5.970407009124756 -373 -372 290 -8.00442501232624
5.988174200057983 -373 -372 290 -8.010413186526298
6.002419948577881 -373 -372 290 -8.016415606474876
6.0161049365997314 -373 -372 290 -8.022431711411476
6.031681299209595 -373 -372 290 -8.028463392710686
6.044539213180542 -373 -372 290 -8.034507931923866
6.058363437652588 -373 -372 290 -8.040566295361518
6.073391914367676 -373 -372 290 -8.046639687275887
6.08756947517395 -373 -372 290 -8.05272725675106
6.102124452590942 -373 -372 290 -8.058829381203651
6.115968227386475 -373 -372 290 -8.064945349431039
6.131023168563843 -373 -372 290 -8.071076372599602
6.14445948600769 -373 -372 290 -8.07722083208561
6.157701730728149 -373 -372 290 -8.083378533816338
6.173086881637573 -373 -372 290 -8.089551620697975
6.186041593551636 -373 -372 290 -8.095737662291526
6.2001824378967285 -373 -372 290 -8.101937844729424
6.214449882507324 -373 -372 290 -8.10815229461193
6.228487968444824 -373 -372 290 -8.114380782580376
6.243428707122803 -373 -372 290 -8.120624211287499
6.256228685379028 -373 -372 290 -8.126880439972878
6.270232439041138 -373 -372 290 -8.133150672411919
6.285714149475098 -373 -372 290 -8.139436386561394
6.298490762710571 -373 -372 290 -8.145734877324104
6.313542604446411 -373 -372 290 -8.152048419928551
6.327601671218872 -373 -372 290 -8.15837602159977
6.341768980026245 -373 -372 290 -8.164717790579797
6.35558295249939 -373 -372 290 -8.171073373532295
6.382075309753418 -373 -372 290 -8.177455448842048
6.395315170288086 -373 -372 290 -8.183850764012337
6.411724805831909 -373 -372 290 -8.190262488818169
6.42551589012146 -373 -372 290 -8.19668800470829
6.440043926239014 -373 -372 290 -8.203128048634529
6.4552788734436035 -373 -372 290 -8.209583327507973
6.46871542930603 -373 -372 290 -8.216052042937278
6.483744859695435 -373 -372 290 -8.222535787796975
6.497997283935547 -373 -372 290 -8.22903378508091
6.512618780136108 -373 -372 290 -8.235546403861045
6.526392698287964 -373 -372 290 -8.242072796559334
6.5419251918792725 -373 -372 290 -8.248614721751213
6.554668426513672 -373 -372 290 -8.255169390177727
6.568264722824097 -373 -372 290 -8.261737654900552
6.5835793018341064 -373 -372 290 -8.268321234202386
6.596476078033447 -373 -372 290 -8.274917710280418
6.611529111862183 -373 -372 290 -8.281529239392281
6.624408960342407 -373 -372 290 -8.288153648352623
6.638590574264526 -373 -372 290 -8.294792238926888
6.653272390365601 -373 -372 290 -8.301445511317253
6.666211843490601 -373 -372 290 -8.308111723160744
6.680278062820435 -373 -372 290 -8.314792001223564
6.69435977935791 -373 -372 290 -8.321486361002922
6.7093665599823 -373 -372 290 -8.328195727562905
6.723657131195068 -373 -372 290 -8.3349193846941
6.7377190589904785 -373 -372 290 -8.34165710375309
6.752258539199829 -373 -372 290 -8.34840936229229
6.765304803848267 -373 -372 290 -8.355174667096138
6.784453392028809 -373 -372 290 -8.361959120488168
6.79805588722229 -373 -372 286 -8.36875717637539
6.822123289108276 -373 -372 286 -10.990034703398722
6.8363871574401855 -373 -372 290 -10.987879091000556
6.853105068206787 -373 -372 286 -8.383058655505211
6.8687286376953125 -373 -372 286 -11.015995404158845
6.883512020111084 -373 -372 285 -11.667579177774279
6.898059844970703 -373 -372 286 -11.67502077395916
6.913362264633179 -373 -372 286 -11.031806532773343
6.928218841552734 -373 -372 286 -11.04439898750782
6.943167686462402 -373 -373 290 -11.054119422268867
6.956440448760986 -373 -373 290 -8.449575728332915
6.970250129699707 -373 -373 290 -8.468046112847329
6.984019756317139 -373 -374 290 -8.475030132603646
6.998622894287109 -373 -374 286 -11.096259024862476
7.013854742050171 -373 -374 286 -11.094647601294517
7.027569055557251 -373 -374 286 -11.104486197972298
7.042670011520386 -373 -375 286 -11.114345935988426
7.055767774581909 -373 -375 286 -11.12422401087284
7.069876432418823 -373 -375 286 -11.134121837878228
7.083242177963257 -373 -376 286 -11.144038376927377
7.0978851318359375 -373 -376 286 -11.153975416111946
7.112634897232056 -374 -376 290 -8.549840461169985
7.127056837081909 -373 -376 286 -8.56821510784626
7.142730712890625 -373 -376 286 -11.189415129090003
7.156582593917847 -374 -376 290 -8.574192993669866
7.170217275619507 -374 -377 290 -8.592541730713844
7.187875509262085 -374 -377 290 -8.599729606223107
7.203836917877197 -373 -377 290 -8.606933443140983
7.22425651550293 -373 -377 290 -8.614157699656486
7.237483739852905 -373 -377 290 -8.62139518339634
7.252536773681641 -373 -377 290 -8.628647720170022
7.265730381011963 -373 -377 286 -8.635913450551033
7.279989242553711 -373 -377 286 -11.257094462717788
7.29452919960022 -374 -377 290 -8.642432841547514
7.308350086212158 -374 -377 290 -8.660708314776421
7.323199510574341 -374 -377 290 -8.668031514286994
7.3360278606414795 -374 -377 290 -8.675367542147637
7.351332426071167 -374 -377 290 -8.682718874573707
7.364664793014526 -374 -377 290 -8.690083539366722
7.3779096603393555 -374 -377 290 -8.697461449027061
7.3924338817596436 -374 -377 290 -8.704853882908822
7.408087253570557 -374 -377 290 -8.712261970162391
7.422541618347168 -374 -377 290 -8.71968451178074
7.438349008560181 -374 -377 290 -8.727122860789299
7.453500509262085 -374 -377 290 -8.734576361298561
7.467214107513428 -374 -377 290 -8.742043575406075
7.481804132461548 -374 -377 290 -8.749525379538536
7.495885610580444 -374 -377 290 -8.757021265149117
7.511728048324585 -374 -377 290 -8.764532993197442
7.52561354637146 -374 -377 290 -8.772058606743812
7.538471221923828 -374 -377 290 -8.779597077965736
7.553935766220093 -374 -377 290 -8.787151013731958
7.571217060089111 -374 -377 290 -8.794722230792045
7.594400882720947 -374 -377 290 -8.802316631674767
7.616136789321899 -374 -377 290 -8.809932768464089
7.635751247406006 -374 -377 290 -8.817568519711495
7.655837535858154 -374 -377 290 -8.825224357247352
7.6735875606536865 -374 -377 290 -8.832897944808007
7.687586307525635 -374 -377 290 -8.840585531115533
7.702281475067139 -374 -377 290 -8.848287812590598
7.71730899810791 -374 -377 290 -8.856005121588707
7.730746507644653 -374 -377 290 -8.863735868096352
7.744450092315674 -374 -377 290 -8.871480318188667
7.759324789047241 -374 -377 290 -8.879239642977716
7.772671222686768 -374 -377 290 -8.887012314200401
7.786429166793823 -374 -377 290 -8.894798743367195
7.802620887756348 -374 -377 290 -8.902601364254952
7.817231178283691 -374 -377 290 -8.910418595433235
7.831619739532471 -374 -377 290 -8.918250215172767
7.848691463470459 -374 -377 290 -8.926098906636238
7.864080190658569 -374 -377 290 -8.933962986826897
7.87762713432312 -374 -377 290 -8.94184061396122
7.891355752944946 -374 -377 290 -8.949731969714165
7.907304763793945 -374 -377 290 -8.957639274477959
7.922109842300415 -374 -377 290 -8.96556138432026
7.935315370559692 -374 -377 290 -8.97349669969082
7.950685977935791 -374 -377 290 -8.981447385668755
7.965261459350586 -374 -377 290 -8.989412647128106
7.978118658065796 -374 -377 290 -8.997390765786172
7.996661186218262 -374 -377 290 -9.005387426972389
8.012768745422363 -374 -377 290 -9.01340019571781
8.025784015655518 -374 -377 290 -9.021425979733467
8.039934396743774 -374 -377 290 -9.029465914130212
8.053382158279419 -374 -377 290 -9.03751929628849
8.06792426109314 -374 -377 290 -9.045587220549583
8.082397222518921 -374 -377 290 -9.053669617772103
8.095461130142212 -374 -377 290 -9.061765078902244
8.111828565597534 -374 -377 290 -9.069876907467842
8.12549614906311 -374 -377 290 -9.078002403616905
8.138285160064697 -374 -377 290 -9.08614068877697
8.153101682662964 -374 -377 290 -9.094293790459632
8.167175531387329 -374 -377 290 -9.102460965991021
8.181501150131226 -374 -377 290 -9.110642467141151
8.19525957107544 -374 -377 290 -9.118837726712227
8.210294246673584 -374 -377 290 -9.1270480209589
8.22422480583191 -374 -377 290 -9.135272245764732
8.23794937133789 -374 -377 290 -9.14351019513607
8.252256393432617 -374 -377 290 -9.151762451529503
8.267093181610107 -374 -377 290 -9.160029544711113
8.280319452285767 -374 -377 290 -9.1683098641634
8.294167280197144 -374 -377 290 -9.176604031443595
8.310277462005615 -374 -377 290 -9.1849143089056
8.323642253875732 -374 -377 290 -9.193237951159478
8.337655305862427 -374 -377 290 -9.20157560646534
8.351595401763916 -374 -377 290 -9.209927201867103
8.366194725036621 -374 -377 290 -9.218293396592141
8.380222797393799 -374 -377 290 -9.226673619389533
8.397367477416992 -374 -377 290 -9.235070986866951
8.414599895477295 -374 -377 290 -9.243485586762429
8.428210973739624 -374 -377 290 -9.251913797736169
8.442036867141724 -374 -377 290 -9.26035583460331
8.458068132400513 -374 -377 290 -9.26881390273571
8.473813533782959 -374 -377 290 -9.277287716269493
8.487010955810547 -374 -377 290 -9.285774727225304
8.501386642456055 -374 -377 290 -9.29427611386776
8.516114950180054 -374 -377 290 -9.302792228817939
8.531065225601196 -374 -377 290 -9.311323294043541
8.544739723205566 -374 -377 290 -9.319868033766747
8.557969808578491 -374 -377 290 -9.328426003575325
8.573775053024292 -374 -377 290 -9.33699977862835
8.58740234375 -374 -377 290 -9.3455871809721
8.601197004318237 -374 -377 290 -9.354188377976417
8.616498470306396 -374 -377 290 -9.362804876446724
8.630050897598267 -374 -377 290 -9.371434927344323
8.64438009262085 -374 -377 290 -9.380079307436944
8.658182144165039 -374 -377 290 -9.388737489581109
8.673172235488892 -374 -377 290 -9.397410661816597
8.686406135559082 -374 -377 290 -9.406097067952157
8.699996709823608 -374 -377 290 -9.414797064661979
8.7158522605896 -374 -377 290 -9.423512916922569
8.730089664459229 -374 -377 290 -9.43224300658703
8.743348598480225 -374 -377 290 -9.440986355185508
8.757100582122803 -374 -377 290 -9.449743455767631
8.772571325302124 -374 -377 290 -9.458516027092934
8.788353204727173 -374 -377 290 -9.46730438029766
8.803969621658325 -374 -377 290 -9.476108349919318
8.821624755859375 -374 -377 290 -9.484929974675179
8.834518671035767 -374 -377 290 -9.493764493346214
8.848140478134155 -374 -377 290 -9.502612633824349
8.861894130706787 -374 -377 290 -9.511474527955055
8.876663446426392 -374 -377 290 -9.520351191401481
8.891377925872803 -374 -377 290 -9.529242569327355
8.90409517288208 -374 -377 290 -9.538146664500237
8.921152830123901 -374 -377 290 -9.54706781733036
8.934542417526245 -374 -377 290 -9.556002359747886
8.948413372039795 -374 -377 290 -9.564950773119927
8.96405839920044 -374 -377 290 -9.573914831519128
8.978129148483276 -374 -377 290 -9.58289296066761
8.992285966873169 -374 -377 290 -9.591885246634483
9.007087230682373 -374 -377 290 -9.600892333865165
9.021593570709229 -374 -377 290 -9.609913927435874
9.035300254821777 -374 -377 290 -9.618949227690697
9.049882888793945 -374 -377 290 -9.627999110579491
9.063148021697998 -374 -377 290 -9.637062258601189
9.077754259109497 -374 -377 290 -9.646140012860299
9.091724872589111 -374 -377 290 -9.655231737732887
9.105897903442383 -374 -377 290 -9.664337635636329
9.120182991027832 -374 -377 290 -9.673457818627357
9.134363412857056 -374 -377 290 -9.682592182040214
9.14816427230835 -374 -377 290 -9.691740346312523
9.161956548690796 -374 -377 290 -9.700902302861214
9.177053451538086 -374 -377 290 -9.710079356312752
9.195202350616455 -374 -377 290 -9.719274558663368
9.209886312484741 -374 -377 290 -9.728484444975853
9.226035356521606 -374 -377 290 -9.737710480332375
9.240292072296143 -374 -377 290 -9.74695077240467
9.254108190536499 -374 -377 290 -9.756204880595208
9.267753839492798 -374 -377 290 -9.765472634434701
9.28322720527649 -374 -377 290 -9.774755861639976
9.296020269393921 -374 -377 290 -9.78405188190937
9.311269044876099 -374 -377 290 -9.793363150954246
9.325076818466187 -374 -377 290 -9.802688227772713
9.338584661483765 -374 -377 290 -9.812026812434198
9.353168964385986 -374 -377 290 -9.821379981398582
9.3661949634552 -374 -377 290 -9.830746176362037
9.381641387939453 -374 -377 290 -9.840127817749977
9.394344806671143 -374 -377 290 -9.84952216255665
9.410162448883057 -374 -377 290 -9.858932325005531
9.424094915390015 -374 -377 290 -9.868356419920921
9.438131093978882 -374 -377 290 -9.877794551014901
9.452553272247314 -374 -377 290 -9.887247104287148
9.466991901397705 -374 -377 290 -9.896714096188546
9.484078168869019 -374 -377 290 -9.906198174357414
9.497972249984741 -374 -377 290 -9.915696146607399
9.513407707214355 -374 -377 290 -9.925209554314613
9.526230335235596 -374 -377 290 -9.934735784649849
9.541993618011475 -374 -377 290 -9.94427777826786
9.554733753204346 -374 -377 290 -9.953832512021066
9.568568706512451 -374 -377 290 -9.963401080727577
9.584099769592285 -374 -377 290 -9.972985180497169
9.60782790184021 -374 -377 290 -9.98259300839901
9.621843099594116 -374 -377 290 -9.992214851498604
9.636259078979492 -374 -377 290 -10.001851110577583
9.654222011566162 -374 -377 290 -10.011505332589149
9.67411470413208 -374 -377 290 -10.021179447293282
9.693999290466309 -374 -377 290 -10.030873446583747
9.713973999023438 -374 -377 290 -10.04058742058277
9.734073162078857 -374 -377 290 -10.05032149374485
9.748375415802002 -374 -377 290 -10.060069869160653
9.763072967529297 -374 -377 290 -10.069832942128182
9.776257991790771 -374 -377 290 -10.079609200119972
9.792008399963379 -374 -377 290 -10.089401208519936
9.805813074111938 -374 -377 290 -10.099207021594047
9.82008171081543 -374 -377 290 -10.109027103304863
9.834092617034912 -374 -377 290 -10.118861195921898
9.848020315170288 -374 -377 290 -10.128709216237068
9.86323881149292 -374 -377 290 -10.13857245504856
9.876196384429932 -374 -377 290 -10.148448651432991
9.896701097488403 -374 -377 290 -10.15834535253048
9.912720680236816 -374 -377 290 -10.168258073210716
9.925851583480835 -374 -377 290 -10.178183924794197
9.941747665405273 -374 -377 290 -10.188125672459602
9.955887079238892 -374 -377 290 -10.198081559538842
9.970157623291016 -374 -377 290 -10.208051717162132
9.983837604522705 -374 -377 290 -10.218035554766654
