0 0 0 0 0
0.02806687355041504 -1 -6 109 -100
0.07843637466430664 -6 -8 109 -100
0.09145617485046387 -11 -11 109 -100
0.10529899597167969 -16 -15 109 -100
0.11868119239807129 -23 -21 112 -100
0.13331985473632812 -29 -27 112 -100
0.1468796730041504 -36 -33 113 -100
0.1648094654083252 -47 -44 122 -100
0.17989802360534668 -54 -52 128 -100
0.19280481338500977 -62 -59 128 -100
0.20517253875732422 -71 -68 135 -100
0.22010397911071777 -82 -78 135 -100
0.23477864265441895 -90 -85 145 -99.93184598471395
0.2483808994293213 -99 -95 154 -100
0.2613391876220703 -109 -104 154 -94.25261760184382
0.2771115303039551 -119 -113 157 -94.94542351105214
0.2901780605316162 -128 -122 166 -92.79280346250385
0.30382609367370605 -138 -131 166 -86.56120015003104
0.31786465644836426 -149 -142 175 -87.15790371336938
0.33407163619995117 -158 -151 184 -80.77327301617758
0.3483598232269287 -167 -159 184 -74.94941346559395
0.36095404624938965 -176 -168 184 -75.4703076497078
0.37400293350219727 -184 -176 184 -75.47464608373643
0.38912272453308105 -192 -185 191 -70.5691038563498
0.40194129943847656 -201 -193 197 -70.93326868159772
0.41515588760375977 -209 -201 197 -66.74849673665685
0.4304375648498535 -218 -209 203 -67.04197829415799
0.44411349296569824 -225 -217 206 -62.87608499219257
0.4584019184112549 -232 -223 206 -61.06970566849144
0.47148799896240234 -240 -231 212 -61.205027160263064
0.48694324493408203 -246 -239 212 -57.06287697036437
0.5005080699920654 -253 -245 221 -51.10363171362847
0.5134532451629639 -260 -252 225 -51.467322555208206
0.529465913772583 -266 -259 225 -48.72019789275145
0.5432393550872803 -273 -265 233 -43.38040378202013
0.5566706657409668 -280 -273 236 -43.67866294670105
0.5750138759613037 -286 -279 243 -41.62799772749235
0.592695951461792 -291 -284 243 -36.949512601518855
0.6053359508514404 -296 -289 243 -37.18917181735039
0.6193709373474121 -300 -293 249 -37.192702231693275
0.6347818374633789 -305 -297 249 -33.106898293497224
0.6483960151672363 -309 -302 251 -33.29924643874168
0.6613965034484863 -313 -306 251 -31.94200918746771
0.6755051612854004 -317 -309 255 -29.287097167714375
0.6904399394989014 -320 -313 259 -29.408634034562112
0.7038187980651855 -323 -316 259 -26.697854071704846
0.7169070243835449 -326 -320 259 -26.814459010434152
0.7312569618225098 -329 -323 263 -26.817457163977625
0.7467367649078369 -332 -325 263 -24.113087290660648
0.7600173950195312 -334 -329 265 -24.223032154369356
0.7732608318328857 -337 -331 267 -22.87400957965678
0.7892260551452637 -339 -333 267 -21.577660449326565
0.8021965026855469 -341 -336 267 -21.63099026172161
0.8153245449066162 -343 -338 267 -21.6336808327198
0.8306903839111328 -346 -340 267 -21.636422110986707
0.84452223777771 -348 -342 271 -21.639209034371376
0.858696699142456 -349 -344 271 -18.948534811428033
0.8714568614959717 -351 -346 273 -19.04422647969723
0.887732744216919 -353 -348 273 -17.701564752055887
0.9010481834411621 -355 -349 273 -17.749056188201905
0.9140357971191406 -356 -351 273 -17.751524084854125
0.9291245937347412 -358 -353 278 -17.75403272125721
0.9437057971954346 -359 -354 278 -14.400143645973673
0.9567787647247314 -361 -356 278 -14.508213787293435
0.9740498065948486 -362 -357 279 -14.510356696867943
0.990079402923584 -363 -359 279 -13.842235463584608
1.0028440952301025 -365 -360 273 -13.864541836214066
1.0167367458343506 -365 -361 282 -17.88531167683503
1.031775951385498 -367 -362 282 -11.744687742748356
1.045443058013916 -367 -363 282 -11.921026019644739
1.0600214004516602 -368 -364 282 -11.922934058165552
1.0730032920837402 -369 -365 281 -12.5936120362173
1.0860812664031982 -370 -365 280 -12.577036318826675
1.1026356220245361 -371 -366 280 -13.247379948382855
1.1154069900512695 -371 -367 281 -13.231472404050827
1.1303820610046387 -372 -368 279 -12.565926997096046
1.1448125839233398 -373 -369 279 -13.920964453299849
1.1583576202392578 -373 -369 281 -13.888456787395478
1.1720430850982666 -374 -370 281 -12.556555231055043
1.1852686405181885 -375 -371 286 -9.257973986238074
1.200629472732544 -376 -371 286 -9.344023926615714
1.214473009109497 -376 -372 286 -9.345724188828468
1.2293548583984375 -377 -373 286 -9.347445285630226
1.2431385517120361 -377 -373 286 -9.349185679602623
1.256899356842041 -378 -374 286 -9.350945338702202
1.2701106071472168 -378 -374 288 -9.352723493552208
1.2834291458129883 -379 -375 288 -8.023097104220739
1.2990915775299072 -379 -375 288 -8.05582251842022
1.3122749328613281 -379 -375 288 -8.057397248339655
1.326812505722046 -380 -375 288 -8.058989423346521
1.3398501873016357 -380 -376 288 -8.060597243571282
1.3540163040161133 -380 -376 288 -8.062222063136101
1.3713865280151367 -380 -376 288 -8.06386772696972
1.384531021118164 -381 -377 288 -8.06552916419506
1.4000906944274902 -381 -377 281 -8.067209273028375
1.4138362407684326 -381 -377 281 -12.718916930813192
1.4394359588623047 -381 -378 281 -12.622630490207671
1.459765911102295 -382 -378 287 -8.642323224749134
1.4781889915466309 -383 -379 290 -8.726449831581117
1.4992737770080566 -383 -379 290 -6.737929730031133
1.5167901515960693 -383 -379 286 -6.77946589550972
1.5323679447174072 -383 -379 286 -9.433817993132433
1.5467121601104736 -384 -380 290 -9.383776607656479
1.560246229171753 -384 -380 290 -6.734062895644799
1.5739641189575195 -384 -380 290 -6.786910818004608
1.5869605541229248 -383 -380 290 -6.788497778558731
1.6042625904083252 -383 -380 290 -6.790102041149139
1.6186702251434326 -383 -380 290 -6.791720711374283
1.6323699951171875 -383 -380 290 -6.7933530813694
1.6460912227630615 -383 -380 290 -6.7949991725921635
1.6604628562927246 -383 -380 290 -6.796659635448456
1.6737854480743408 -383 -380 290 -6.7983334208965305
1.6873772144317627 -383 -380 290 -6.800020798110962
1.7011065483093262 -383 -380 290 -6.801721904659272
1.714705228805542 -383 -380 290 -6.8034366098880765
1.7292006015777588 -383 -380 290 -6.805165810489655
1.7426252365112305 -383 -380 290 -6.806908435726166
1.7571005821228027 -383 -380 290 -6.808665536308289
1.7742066383361816 -383 -380 290 -6.810439742946625
1.7885661125183105 -383 -380 290 -6.812228309059143
1.8034288883209229 -383 -380 290 -6.814031737947464
1.8166077136993408 -383 -380 290 -6.815848345661164
1.8310861587524414 -383 -380 290 -6.817679431819916
1.844038724899292 -383 -380 290 -6.819523470544815
1.8591976165771484 -383 -380 290 -6.821382668161392
1.87261962890625 -383 -380 290 -6.823255287790299
1.885129451751709 -383 -380 290 -6.82514041724205
1.8999269008636475 -383 -380 290 -6.8270403441429135
1.914297103881836 -383 -380 290 -6.828954641246796
1.928992509841919 -383 -380 290 -6.830883633756637
1.942537784576416 -383 -380 290 -6.832826171541214
1.956909418106079 -383 -380 286 -6.83478308095932
1.9703950881958008 -383 -380 286 -9.47814262851242
1.9831655025482178 -383 -381 290 -9.44031806578636
1.9984335899353027 -383 -381 290 -6.802285146619366
2.013908624649048 -383 -381 290 -6.844330408000946
2.0287768840789795 -383 -381 290 -6.846359184885025
2.0425024032592773 -383 -381 290 -6.848401687288284
2.0578343868255615 -383 -381 286 -9.490158475812747
2.070666790008545 -383 -381 290 -9.454181588935851
2.084272861480713 -383 -381 290 -6.8178831713739845
2.097865343093872 -383 -381 290 -6.858363727140427
2.1134443283081055 -383 -381 290 -6.860477171468735
2.1287624835968018 -383 -381 290 -6.862605933952332
2.14129376411438 -383 -381 290 -6.864747227716446
2.1546225547790527 -383 -381 290 -6.866901850271225
2.1739017963409424 -383 -381 290 -6.869075752067566
2.1870906352996826 -383 -381 290 -6.8712628427028655
2.2008535861968994 -383 -381 290 -6.873463696289063
2.21466326713562 -383 -381 290 -6.875678359556198
2.229449987411499 -383 -381 290 -6.8779078095436095
2.2428152561187744 -383 -381 290 -6.880150624799729
2.2554972171783447 -383 -381 290 -6.882406122016906
2.270714282989502 -383 -381 290 -6.884676836299896
2.2834482192993164 -383 -381 290 -6.886960284519196
2.296952724456787 -383 -381 290 -6.889257237243652
2.3113014698028564 -383 -381 290 -6.8915685387134555
2.3252174854278564 -383 -381 290 -6.893893756198883
2.33944034576416 -383 -381 290 -6.896233196544647
2.352242946624756 -383 -381 290 -6.8985854394912725
2.3667900562286377 -383 -381 290 -6.9009522295475
2.3914453983306885 -383 -381 290 -6.903343674945831
2.414872407913208 -383 -381 290 -6.905758547353744
2.430213212966919 -383 -381 290 -6.908188760566712
2.44274640083313 -383 -381 290 -6.910631506967545
2.4566524028778076 -383 -381 290 -6.913088159370423
2.470418930053711 -383 -381 290 -6.915558578300476
2.4840235710144043 -383 -381 290 -6.91804260187149
2.498321056365967 -383 -381 290 -6.920540922927857
2.5108933448791504 -383 -381 290 -6.923051816272736
2.5274534225463867 -383 -381 290 -6.925579269695282
2.5409257411956787 -383 -381 290 -6.9281201954364775
2.55403470993042 -383 -381 290 -6.930674230146408
2.572589635848999 -383 -381 290 -6.933246819782257
2.5852365493774414 -383 -381 290 -6.935832056331635
2.5997414588928223 -383 -381 290 -6.938431797790527
2.6128897666931152 -383 -381 290 -6.941044687557221
2.6310150623321533 -383 -381 290 -6.943675702619553
2.6446008682250977 -383 -381 290 -6.946320303487778
2.658400297164917 -383 -381 290 -6.948978703784943
2.6722140312194824 -383 -381 286 -6.9516509178161625
2.6852145195007324 -383 -381 286 -9.585202996120424
2.6991312503814697 -383 -381 290 -9.559189001893996
2.7125909328460693 -383 -381 290 -6.932409493951447
2.729374885559082 -383 -381 290 -6.964630967712402
2.742094039916992 -383 -381 290 -6.967373061752319
2.755113124847412 -383 -381 290 -6.970128174877167
2.769843101501465 -383 -381 290 -6.972898017978668
2.7831523418426514 -383 -381 290 -6.975681170320511
2.7970376014709473 -383 -381 290 -6.978478207921982
2.810046911239624 -383 -381 290 -6.981288254833221
2.82657790184021 -383 -381 290 -6.984114832735061
2.8400745391845703 -383 -381 286 -9.616259211864486
2.852825164794922 -383 -381 290 -9.592084892320633
2.8665707111358643 -383 -381 290 -6.96704355213
2.880467176437378 -383 -381 290 -6.997831930208206
2.894014358520508 -383 -381 290 -7.000725944566726
2.9070396423339844 -383 -381 290 -7.0036329842090606
2.9224469661712646 -383 -381 290 -7.006555431175232
2.9361209869384766 -383 -381 290 -7.009491552162171
2.9493660926818848 -383 -381 290 -7.012440918254852
2.9628124237060547 -383 -381 290 -7.015403730678559
2.9818384647369385 -383 -381 290 -7.0183855691432955
2.9947495460510254 -383 -381 290 -7.021380318689347
3.009106159210205 -383 -381 290 -7.0243894248485566
3.024733304977417 -383 -381 290 -7.027414158153534
3.038750410079956 -383 -381 290 -7.030452908563614
3.0520026683807373 -383 -381 290 -7.0335049112319945
3.0646069049835205 -383 -381 290 -7.036569518136978
3.079911231994629 -383 -381 290 -7.039649429368973
3.0932729244232178 -383 -381 290 -7.042742702293396
3.1066086292266846 -383 -381 290 -7.045849310922622
3.1198267936706543 -383 -381 294 -4.422078757821102
3.136096477508545 -383 -381 290 -4.449602864885331
3.150092601776123 -383 -381 290 -7.0781490363055175
3.1632401943206787 -383 -381 290 -7.055916197681427
3.177828073501587 -383 -381 290 -7.059094025754929
3.1910488605499268 -383 -381 290 -7.062285074615478
3.2039639949798584 -383 -381 290 -7.065489038610458
3.2182676792144775 -383 -381 290 -7.068707306289673
3.2334489822387695 -383 -381 290 -7.071940755271911
3.247373580932617 -383 -381 290 -7.075188128852845
3.260906457901001 -383 -381 290 -7.078449035310745
3.2740232944488525 -383 -381 290 -7.081723058605194
3.2886812686920166 -383 -381 290 -7.085011739873886
3.3022677898406982 -383 -381 290 -7.088314007663727
3.314822196960449 -383 -381 290 -7.091628829860687
3.3307292461395264 -383 -381 290 -7.094959559106827
3.3441898822784424 -383 -381 290 -7.098303748989105
3.358283758163452 -383 -381 290 -7.101662032747269
3.3750903606414795 -383 -381 290 -7.10503712310791
3.3901517391204834 -383 -381 290 -7.10842727484703
3.4037327766418457 -383 -381 290 -7.111831007623673
3.4170069694519043 -383 -381 290 -7.115248014593124
3.4351277351379395 -383 -381 290 -7.118683142328262
3.4501395225524902 -383 -381 290 -7.1221332818508145
3.4634437561035156 -383 -381 290 -7.125596725606918
3.476785182952881 -383 -381 290 -7.129073510789871
3.493215322494507 -383 -381 290 -7.1325667261123655
3.5112388134002686 -383 -381 290 -7.136077964925766
3.532442808151245 -383 -381 290 -7.139610407733917
3.551236152648926 -383 -381 290 -7.143161643886566
3.57051682472229 -383 -381 290 -7.146732160711289
3.588221549987793 -383 -381 290 -7.150320382261277
3.601282835006714 -383 -381 290 -7.153921665096283
3.6144301891326904 -383 -381 290 -7.1575360952854155
3.629885196685791 -383 -381 290 -7.161165980482101
3.643991231918335 -383 -381 290 -7.1648099717140195
3.6580069065093994 -383 -381 290 -7.168467978620529
3.671154260635376 -383 -381 290 -7.172139132881164
3.684964656829834 -383 -381 290 -7.175824097537994
3.6990904808044434 -383 -381 290 -7.179523188018798
3.7114505767822266 -383 -381 286 -7.183234638595581
3.7260582447052 -383 -381 286 -9.80992153062187
3.7410566806793213 -383 -381 290 -7.170807844308421
3.7546751499176025 -383 -381 290 -7.195946851968765
3.7724039554595947 -383 -381 290 -7.199719255924225
3.787837028503418 -383 -381 290 -7.203507092952728
3.8005456924438477 -383 -381 290 -7.207307638645172
3.814195394515991 -383 -381 290 -7.211121834039688
3.8283979892730713 -383 -381 290 -7.214950232028961
3.842747211456299 -383 -381 290 -7.218792979240417
3.8567683696746826 -383 -381 290 -7.222649747610092
3.8700056076049805 -383 -381 290 -7.226519753217697
3.8829643726348877 -383 -381 290 -7.230402717590332
3.8971047401428223 -383 -381 290 -7.234299822330475
3.9107770919799805 -383 -381 290 -7.238210599422455
3.9248855113983154 -383 -381 290 -7.242135484933853
3.9400832653045654 -383 -381 290 -7.246075568199158
3.9540348052978516 -383 -381 290 -7.250029603004456
3.9670612812042236 -383 -381 290 -7.25399666428566
3.98055362701416 -383 -381 290 -7.257977217912674
3.9950504302978516 -383 -381 290 -7.261972268342972
4.008455276489258 -383 -381 290 -7.265980723619461
4.022849082946777 -383 -381 290 -7.270003572702408
4.035425424575806 -383 -381 290 -7.274038998126984
4.0517966747283936 -383 -381 290 -7.278090794801712
4.067809581756592 -383 -381 290 -7.2821586043834685
4.0803773403167725 -383 -381 290 -7.286238981723786
4.094615459442139 -383 -381 290 -7.290333597183228
4.109017848968506 -383 -381 290 -7.294442615032196
4.122574329376221 -383 -381 290 -7.298565189361573
4.1365227699279785 -383 -381 290 -7.3027017121315
4.15044093132019 -383 -381 290 -7.30685215306282
4.164458751678467 -383 -381 290 -7.311016611814499
4.182356357574463 -383 -381 290 -7.315198968172074
4.196781635284424 -383 -381 290 -7.319395749807358
4.210543632507324 -383 -381 290 -7.323606293439865
4.224714040756226 -383 -381 289 -7.327831007480621
4.2384045124053955 -383 -381 290 -7.987212009217356
4.25275182723999 -383 -381 290 -7.332043166952881
4.265271186828613 -383 -381 290 -7.341011275458336
4.279743671417236 -383 -381 290 -7.345291019129753
4.293858289718628 -383 -381 290 -7.349584877419471
4.306890964508057 -383 -381 290 -7.3538917683839795
4.320146322250366 -383 -381 290 -7.35821191470623
4.333820343017578 -383 -381 290 -7.362545735049248
4.348693370819092 -383 -381 290 -7.366894428420067
4.3620874881744385 -383 -381 290 -7.371256515908241
4.375319004058838 -383 -381 290 -7.3756318349123005
4.390748977661133 -383 -381 290 -7.380022583889962
4.4044811725616455 -383 -381 290 -7.384427065062523
4.418733596801758 -383 -381 290 -7.388845798659324
4.432575702667236 -383 -381 290 -7.393278374361992
4.445070505142212 -383 -381 290 -7.397723444867134
4.46028733253479 -383 -381 290 -7.402183732199669
4.473829984664917 -383 -381 286 -7.406657562184334
4.4880194664001465 -383 -381 286 -10.030766024064489
4.502421140670776 -383 -381 290 -10.019244179034233
4.515084505081177 -383 -381 290 -7.406040879772639
4.530584096908569 -383 -381 290 -7.428289847636223
4.543289661407471 -383 -381 290 -7.432833137297631
4.558861970901489 -383 -381 290 -7.437391999268532
4.578241348266602 -383 -381 290 -7.441970240616799
4.591037273406982 -383 -381 290 -7.446561277890205
4.605305433273315 -383 -381 290 -7.451166583323479
4.6194751262664795 -383 -381 290 -7.455786058449745
4.633032321929932 -383 -381 290 -7.460419090771675
4.646960020065308 -383 -381 290 -7.465066050791741
4.660933494567871 -383 -381 286 -7.469726984286308
4.6747777462005615 -383 -381 286 -10.093384786169363
4.6939733028411865 -383 -381 290 -7.463922515840911
4.70943546295166 -383 -381 290 -7.485675081896782
4.722870111465454 -383 -381 290 -7.490397952008247
4.736904859542847 -383 -381 290 -7.49513485686779
4.749854803085327 -383 -381 290 -7.499884711670876
4.7643046379089355 -383 -381 290 -7.504649016308784
4.778414726257324 -383 -381 290 -7.509427431035042
4.7908806800842285 -383 -381 294 -7.514218311715126
4.805236339569092 -383 -381 294 -4.900452948773902
4.81883430480957 -383 -381 290 -4.919992754101754
4.833008289337158 -383 -381 290 -7.541378599715309
4.846064567565918 -383 -381 290 -7.529671826958657
4.8607683181762695 -383 -381 290 -7.534532595276833
4.874603033065796 -383 -381 290 -7.539407198309899
4.908796310424805 -383 -381 281 -7.544315994620323
4.929419994354248 -383 -381 290 -13.440197344773575
4.952588796615601 -384 -381 290 -7.522289852891323
4.968156337738037 -384 -381 290 -7.56360263774395
4.986722707748413 -384 -381 290 -7.568589360451698
5.000807285308838 -384 -381 290 -7.573590167737008
5.015120506286621 -384 -381 290 -7.578605288243294
5.031100511550903 -384 -381 290 -7.583636388754845
5.04408597946167 -384 -381 290 -7.588680474734306
5.0586302280426025 -384 -381 290 -7.593739104962349
5.071373701095581 -384 -381 290 -7.598810478663444
5.084843397140503 -384 -381 290 -7.603895322060585
5.098455905914307 -384 -381 290 -7.608993777966499
5.11266565322876 -384 -381 289 -7.614106443619728
5.127771854400635 -384 -381 289 -8.27364732219214
5.140756368637085 -384 -381 290 -8.275401824665071
5.153977870941162 -384 -381 290 -7.626675304695156
5.168443441390991 -384 -381 290 -7.635724245977402
5.182337999343872 -384 -381 290 -7.640906583976745
5.1960248947143555 -384 -381 290 -7.64610260887146
5.210201978683472 -384 -381 290 -7.651312810850143
5.224394083023071 -384 -381 290 -7.656537204933167
5.237921953201294 -384 -381 290 -7.661775126886368
5.251258373260498 -384 -381 290 -7.6670263852596285
5.265428781509399 -384 -381 290 -7.672291814041138
5.27900242805481 -384 -381 290 -7.677570816469192
5.2931883335113525 -384 -381 290 -7.682864004802704
5.3061182498931885 -384 -381 290 -7.688170123052597
5.320895433425903 -384 -381 290 -7.693491018486023
5.335048675537109 -384 -381 290 -7.69882606716156
5.348495006561279 -384 -381 290 -7.704174562168122
5.362834453582764 -384 -381 290 -7.7095373966217045
5.3806798458099365 -384 -381 290 -7.714918076467514
5.394245386123657 -384 -381 290 -7.720312321853638
5.408588409423828 -384 -381 290 -7.725720910263061
5.432637453079224 -384 -381 290 -7.731153547716141
5.445294141769409 -384 -381 290 -7.73659884185791
5.459312915802002 -384 -381 290 -7.742058154773712
5.473819255828857 -384 -381 290 -7.747531974029541
5.490156173706055 -384 -381 290 -7.753022130203247
5.5037126541137695 -384 -381 290 -7.758525842857361
5.518272399902344 -384 -381 290 -7.7640441152572635
5.531819581985474 -384 -381 273 -7.769575934839249
5.546786785125732 -384 -381 273 -18.895849008641463
5.560489892959595 -384 -381 286 -18.84956558187008
5.574279069900513 -384 -381 290 -10.360726769662012
5.592698574066162 -385 -382 290 -7.798657906452843
5.611252069473267 -385 -383 290 -7.818573523211479
5.632412910461426 -386 -383 290 -7.824205936121941
5.649943828582764 -386 -383 289 -7.829855879950523
5.669914960861206 -387 -383 289 -8.489620176172231
5.6886913776397705 -387 -383 289 -8.492350346922874
5.702791213989258 -387 -383 289 -8.498623417258264
5.715314865112305 -387 -384 289 -8.504910263609887
5.73143196105957 -388 -384 289 -8.511214838767053
5.744887590408325 -388 -384 289 -8.517534215116502
5.758466720581055 -388 -384 289 -8.52386852850914
5.772615432739258 -388 -384 289 -8.530218405485154
5.790283679962158 -389 -385 289 -8.536587717533113
5.804544925689697 -389 -385 289 -8.54297271695137
5.82016134262085 -389 -385 289 -8.549374894428254
5.833728313446045 -389 -385 289 -8.555791995573044
5.847776651382446 -389 -385 289 -8.562224549889565
5.8609864711761475 -389 -385 289 -8.568671635007858
5.87473464012146 -389 -385 289 -8.575133843111992
5.888702392578125 -389 -385 289 -8.58161141574383
5.9018168449401855 -389 -385 289 -8.588103414273263
5.91502571105957 -389 -385 289 -8.594609942555428
5.9309470653533936 -389 -385 289 -8.601133984327317
5.944040775299072 -389 -386 289 -8.607672429180145
5.958206415176392 -389 -386 289 -8.614226456236839
5.970881938934326 -389 -386 288 -8.620794426369667
5.991487503051758 -389 -386 289 -9.281322280590667
6.005484580993652 -389 -386 289 -8.63125995528583
6.019224166870117 -389 -386 289 -8.64121139099598
6.03450608253479 -389 -386 289 -8.647849347686767
6.049766302108765 -389 -386 289 -8.654504090619088
6.063977003097534 -389 -386 288 -8.661174465322494
6.079219341278076 -389 -386 288 -9.321759424631715
6.092821836471558 -389 -386 289 -8.671889081291534
6.10692834854126 -389 -386 289 -8.681889253735543
6.1210997104644775 -389 -386 289 -8.688622463417055
6.1367151737213135 -389 -386 289 -8.695372850108146
6.1502814292907715 -389 -386 289 -8.702138159680366
6.16395115852356 -389 -386 289 -8.708918505954744
6.181223154067993 -389 -386 289 -8.715717851424218
6.194849729537964 -389 -386 288 -8.72253218612671
6.210690259933472 -389 -386 288 -9.383205268414105
6.224207878112793 -389 -386 289 -9.387454063892365
6.238887071609497 -389 -386 289 -8.74111113971689
6.251440048217773 -389 -386 289 -8.751193423724175
6.264946222305298 -389 -386 289 -8.75808486456871
6.28005313873291 -389 -386 289 -8.764992923021317
6.292614936828613 -389 -386 289 -8.771914799451828
6.306513071060181 -389 -386 289 -8.778851963829995
6.319164276123047 -389 -386 289 -8.78580304453373
6.3345255851745605 -389 -386 289 -8.792771022677423
6.348491907119751 -389 -386 289 -8.799754363775254
6.361390113830566 -389 -386 289 -8.806751892900467
6.375024080276489 -389 -386 289 -8.813764419388772
6.389781713485718 -389 -386 288 -8.820793179273606
6.402732849121094 -389 -386 288 -9.481600124863121
6.416775703430176 -389 -386 287 -10.139935097260402
6.434548854827881 -389 -386 289 -10.145183180618288
6.4486565589904785 -389 -386 289 -8.846073860483907
6.46241021156311 -389 -386 289 -8.859385354065896
6.47499680519104 -389 -386 288 -8.866507850551606
6.490379810333252 -389 -386 288 -9.527377790086813
6.502955436706543 -389 -386 289 -9.532099852848054
6.516915559768677 -389 -386 289 -8.886199523468216
6.532512903213501 -389 -386 289 -8.896454224157335
6.545098543167114 -389 -386 288 -8.903653832554818
6.560051679611206 -389 -386 288 -9.564574651040084
6.573234558105469 -389 -386 289 -9.569413776040077
6.592185974121094 -389 -386 289 -8.923631285621616
6.605334281921387 -389 -386 289 -8.933931048321725
6.6197967529296875 -389 -386 289 -8.941212824749947
6.63450813293457 -389 -386 289 -8.948510783696175
6.648253440856934 -389 -386 288 -9.609496996725868
6.66077733039856 -389 -386 289 -9.614481620621682
6.6742260456085205 -389 -386 289 -8.96882666713951
6.688700437545776 -389 -386 289 -8.979180839753152
6.70411491394043 -389 -386 289 -8.986555366158486
6.718309164047241 -389 -386 289 -8.993945506238937
6.731760501861572 -389 -386 289 -9.001350442790987
6.746844291687012 -389 -386 289 -9.008771971511841
6.75998330116272 -389 -386 289 -9.01620795314312
6.773176431655884 -389 -386 289 -9.023658447217942
6.7884886264801025 -389 -386 288 -9.684750797451025
6.801039457321167 -389 -386 288 -9.689965880918503
6.814368963241577 -389 -386 288 -9.698143123674393
6.828611850738525 -389 -386 288 -9.70633745789528
6.843019485473633 -389 -386 288 -9.714549081277848
6.85703706741333 -389 -386 288 -9.722777525758744
6.8701701164245605 -389 -386 289 -9.731021729898453
6.8837175369262695 -389 -386 289 -9.085688412351455
6.898081302642822 -389 -386 288 -9.096181708621979
6.91116738319397 -389 -386 288 -9.757368976594428
6.9267754554748535 -389 -386 289 -9.109207216108095
6.940851926803589 -389 -386 289 -9.119729499602318
6.954107046127319 -389 -386 289 -9.127379017353059
6.967024087905884 -389 -386 289 -9.135042743849755
6.984473705291748 -389 -386 289 -9.142725664925576
7.000154495239258 -389 -386 289 -9.150425834870338
7.012800931930542 -389 -386 289 -9.158139915895463
7.028443336486816 -389 -386 289 -9.165871203565597
7.042765378952026 -389 -386 289 -9.173618245482444
7.060966968536377 -389 -386 289 -9.181385309147835
7.077406167984009 -389 -386 288 -9.189170455932619
7.091836452484131 -389 -386 288 -9.850500803672716
7.10497784614563 -389 -386 289 -9.856206633090974
7.1192193031311035 -389 -386 289 -9.21122847752537
7.134085416793823 -389 -386 289 -9.221885268282891
7.148827314376831 -389 -386 289 -9.229748978328706
7.162308931350708 -389 -386 289 -9.237627518153191
7.174988269805908 -389 -386 289 -9.245520005249977
7.189462423324585 -389 -386 289 -9.253428413915636
7.204075574874878 -389 -386 289 -9.261352897047997
7.217122316360474 -389 -386 288 -9.269291731595994
7.231407642364502 -389 -386 288 -9.930735134026147
7.245315790176392 -389 -386 289 -9.936663799715042
7.259265184402466 -389 -386 289 -9.291893891625833
7.272579908370972 -389 -386 288 -9.956126143031206
7.285079002380371 -389 -386 289 -9.962118182110787
7.300597190856934 -389 -386 289 -9.317409337103674
7.313173770904541 -389 -386 298 -9.328193330168725
7.327406644821167 -389 -386 298 -3.45509350364389
7.340778589248657 -389 -386 289 -9.36225422769461
7.354807615280151 -389 -386 288 -9.34582395632267
7.368854999542236 -389 -386 288 -10.00738070819395
7.386683940887451 -389 -386 288 -10.013530603051187
7.400629758834839 -389 -386 280 -10.022411358761788
7.41417670249939 -389 -386 280 -15.258819990924652
7.42850136756897 -389 -386 288 -15.252096714901924
7.4420716762542725 -389 -386 288 -10.03952781109829
7.456859111785889 -389 -387 288 -10.069975431847574
7.47013783454895 -390 -387 288 -10.078939597249033
7.483161211013794 -390 -387 288 -10.087919390702249
7.496547222137451 -391 -387 288 -10.096915247368813
7.511307001113892 -391 -388 288 -10.10592881577015
7.525095701217651 -391 -388 294 -6.194497232142769
7.538843154907227 -391 -388 294 -6.214967179083825
7.552824258804321 -392 -389 294 -6.2194988736391075
7.566645383834839 -392 -389 294 -6.224038860869408
7.581228017807007 -393 -389 294 -6.228587597680092
7.594789028167725 -393 -389 294 -6.233144471096993
7.609248161315918 -393 -389 294 -6.2377100199937825
7.623805522918701 -393 -389 294 -6.2422843033075335
7.636899948120117 -393 -389 294 -6.246866443276406
7.651396989822388 -393 -389 294 -6.2514572814703
7.668874979019165 -393 -389 294 -6.25605860645771
7.687746524810791 -393 -389 294 -6.260671254372597
7.706993579864502 -393 -389 294 -6.265295450520516
7.726841449737549 -393 -389 294 -6.269931555390358
7.744987726211548 -393 -389 294 -6.274578548026085
7.762059450149536 -393 -389 294 -6.2792357836961745
7.774824619293213 -393 -389 298 -6.2839006784677505
7.792967796325684 -393 -389 294 -3.6751936066103412
7.808495044708252 -393 -389 294 -6.300389621121231
7.82130241394043 -393 -389 294 -6.294837150502206
7.83936333656311 -393 -389 294 -6.299540768504143
7.852603197097778 -393 -389 294 -6.304252330422402
7.866894483566284 -393 -389 294 -6.308972467112541
7.880410194396973 -393 -389 294 -6.31370071322918
7.894184112548828 -392 -389 294 -6.318437223696709
7.908541202545166 -392 -389 294 -6.323182348418236
7.9220781326293945 -392 -389 294 -6.327935595297814
7.935368776321411 -392 -389 294 -6.332696816563606
7.950083494186401 -392 -389 294 -6.337466866660119
7.964247941970825 -392 -389 294 -6.342245415425301
7.9778242111206055 -392 -389 294 -6.347032109951973
7.991084337234497 -392 -389 294 -6.351826760554314
8.004038572311401 -392 -389 294 -6.3566291836977005
8.019158363342285 -392 -389 294 -6.361440678715706
8.03427004814148 -392 -389 294 -6.366261240744591
8.047740697860718 -392 -389 294 -6.3710898851633075
8.062209367752075 -392 -389 294 -6.375927210783959
8.074912548065186 -392 -389 294 -6.380772158312798
8.089855909347534 -392 -389 294 -6.385626071858407
8.104742050170898 -392 -389 294 -6.3904889170885095
8.119996309280396 -392 -389 294 -6.395360914874077
8.134203672409058 -392 -389 294 -6.400241437077523
8.148665428161621 -392 -389 294 -6.40513063633442
8.162445306777954 -392 -389 294 -6.410028103518487
8.175415992736816 -392 -389 294 -6.414933353114129
8.194077730178833 -392 -389 294 -6.419849799752235
8.20775580406189 -392 -389 294 -6.424774453234673
8.221417903900146 -392 -389 294 -6.429707303977013
8.234758853912354 -392 -389 294 -6.4346481592893605
8.249119758605957 -392 -389 294 -6.439597631144524
8.264117002487183 -392 -389 294 -6.444556101346016
8.27710771560669 -392 -389 294 -6.44952236597538
8.290784358978271 -392 -389 294 -6.454496836590767
8.30373740196228 -392 -389 294 -6.459479079031945
8.318824052810669 -392 -389 294 -6.464470373463631
8.333022356033325 -392 -389 294 -6.469470186877251
8.346523761749268 -392 -389 294 -6.4744781011343004
8.36054277420044 -392 -389 294 -6.479494426798821
8.374403238296509 -392 -389 294 -6.484519068741799
8.388275384902954 -392 -389 294 -6.489552033972741
8.401419401168823 -392 -389 294 -6.494592885613442
8.415296792984009 -392 -389 298 -6.499642063689232
8.430562973022461 -392 -389 298 -3.8918388930347825
8.443177938461304 -392 -389 294 -3.903016811871529
8.457926750183105 -392 -389 294 -6.5175501506645395
8.472236156463623 -392 -389 294 -6.5131749096155165
8.484781265258789 -392 -389 294 -6.518265778374673
8.499034881591797 -392 -389 294 -6.523365199303628
8.511466979980469 -392 -389 294 -6.528472079491616
8.527069330215454 -392 -389 294 -6.533588321089745
8.540750503540039 -392 -389 294 -6.538712771391869
8.553817987442017 -392 -389 294 -6.543845062184334
8.568687677383423 -392 -389 294 -6.548986274790764
8.58120059967041 -392 -389 294 -6.554134995150567
8.599976778030396 -392 -389 294 -6.559294981217384
8.614187240600586 -392 -389 294 -6.564463493561745
8.639295816421509 -392 -389 294 -6.569647071051598
8.652093410491943 -392 -389 294 -6.574838327097893
8.666679620742798 -392 -389 294 -6.5800383348703395
8.692786455154419 -392 -389 294 -6.5852540067434315
8.717802286148071 -392 -389 294 -6.5904846881151204
8.733811378479004 -392 -389 294 -6.5957249749422076
8.74678635597229 -392 -389 294 -6.600973046755791
8.760215997695923 -392 -389 294 -6.606229176354409
8.774590969085693 -392 -389 294 -6.61149393093586
8.788316011428833 -392 -389 294 -6.616766920542718
8.801379442214966 -392 -389 294 -6.622047748208047
8.81437063217163 -392 -389 294 -6.627336370587349
8.830158472061157 -392 -389 294 -6.632634465670586
8.843289136886597 -392 -389 294 -6.637940439152718
8.85674786567688 -392 -389 294 -6.643254487872124
8.872108221054077 -392 -389 294 -6.648577752804757
8.884694576263428 -392 -389 294 -6.653908569550515
8.898400068283081 -392 -389 294 -6.6592476095914845
8.911835193634033 -392 -389 294 -6.664594710707664
8.926814556121826 -392 -389 294 -6.669950799441338
8.940485000610352 -392 -389 294 -6.675315090441704
8.953001499176025 -392 -389 294 -6.68068689134121
8.966973781585693 -392 -389 294 -6.686067075610161
8.982534170150757 -392 -389 294 -6.691456596112252
8.999949932098389 -392 -389 294 -6.696856566071511
9.0132577419281 -392 -389 294 -6.702264520716668
9.03053092956543 -392 -389 294 -6.707682839274407
9.043020248413086 -392 -389 294 -6.713108651423455
9.056755304336548 -392 -389 294 -6.718542704606056
9.072478532791138 -392 -389 294 -6.723986191725731
9.086710929870605 -392 -389 294 -6.729438218283654
9.100255489349365 -392 -389 294 -6.7348983715772635
9.115096092224121 -392 -389 294 -6.740367429232598
9.131037950515747 -392 -389 294 -6.745846052002907
9.144554138183594 -392 -389 294 -6.751332784485817
9.158231973648071 -392 -389 294 -6.756827723670007
9.171239614486694 -392 -389 294 -6.762330467438698
9.186218738555908 -392 -389 290 -6.767842198681832
9.19981575012207 -392 -389 294 -9.385737840758578
9.213016986846924 -392 -389 294 -6.773886458457016
9.228436708450317 -392 -389 294 -6.788106886649132
9.241750717163086 -392 -389 294 -6.79365193707943
9.254480838775635 -392 -389 294 -6.7992046255826954
9.268545150756836 -392 -389 294 -6.80476575267315
9.28322696685791 -392 -389 294 -6.8103356888532645
9.296486139297485 -392 -389 298 -6.815913580536843
9.309507131576538 -392 -389 298 -4.209182116184571
9.323020219802856 -392 -389 294 -4.219640086007119
9.338504076004028 -392 -389 294 -6.83380987101225
9.35198450088501 -392 -389 294 -6.830854379153252
9.364599227905273 -392 -389 294 -6.836473138689995
9.379396200180054 -392 -389 294 -6.842100776410103
9.403200626373291 -392 -389 294 -6.847742696785927
9.416653871536255 -392 -389 294 -6.8533926891088495
9.432236671447754 -392 -389 294 -6.859052031111718
9.445437908172607 -392 -389 294 -6.864719293856622
9.459283351898193 -392 -389 294 -6.8703948638677605
9.47252893447876 -392 -389 294 -6.876078381228448
9.488028287887573 -392 -389 294 -6.88177119820118
9.500568151473999 -392 -389 294 -6.887471539092065
9.514108180999756 -392 -389 294 -6.893180004000664
9.528414487838745 -392 -389 294 -6.898897052693368
9.542511463165283 -392 -389 294 -6.9046225595712665
9.555089235305786 -392 -389 294 -6.910355613112451
9.569014072418213 -392 -389 294 -6.916097021555901
9.582919836044312 -392 -389 294 -6.921846773457528
9.597045183181763 -392 -389 294 -6.9276050005674366
9.610544443130493 -392 -389 294 -6.933371327233315
9.626661777496338 -392 -389 294 -6.939147324299813
9.64060378074646 -392 -389 294 -6.94493168656826
9.654112339019775 -392 -389 294 -6.950724153971672
9.667077541351318 -392 -389 294 -6.956524400496484
9.680659770965576 -392 -389 294 -6.962332796359062
9.696515798568726 -392 -389 294 -6.9681507058382035
9.709387063980103 -392 -389 294 -6.973976338076592
9.723721027374268 -392 -389 294 -6.979810570693017
9.738102912902832 -392 -389 294 -6.985653432440758
9.75716257095337 -392 -389 294 -6.99150772998333
9.775428295135498 -392 -389 294 -6.9973729869604115
9.80111289024353 -392 -389 294 -7.003253654694557
9.820060968399048 -392 -389 294 -7.009145691275597
9.83421802520752 -392 -389 294 -7.015046222090722
9.848586559295654 -392 -389 298 -7.020955374026299
9.86148977279663 -392 -389 298 -4.414815307435221
9.874657154083252 -392 -389 294 -4.424902603411675
9.888636350631714 -392 -389 294 -7.038925879463905
9.903852701187134 -392 -389 294 -7.036778096842767
9.91684865951538 -392 -389 294 -7.0427282060384755
9.931215763092041 -392 -389 294 -7.048686935496331
9.945027112960815 -392 -389 294 -7.054653951764108
9.959202289581299 -392 -389 294 -7.0606294731378565
9.972434520721436 -392 -389 290 -7.066612933850289
9.984966039657593 -392 -389 294 -9.684609945167042
