0 0
0.012282609939575195 0
0.03346991539001465 0
0.0514833927154541 0
0.07372331619262695 4
0.09140443801879883 8
0.10291910171508789 12
0.11144566535949707 16
0.11983990669250488 21
0.12781095504760742 25
0.1375443935394287 30
0.14602255821228027 40
0.1616230010986328 46
0.17111873626708984 51
0.1793670654296875 58
0.18736791610717773 62
0.1958329677581787 69
0.20607924461364746 76
0.21468710899353027 82
0.22323203086853027 88
0.2327868938446045 96
0.2413036823272705 102
0.2508864402770996 109
0.26021838188171387 117
0.2694106101989746 125
0.27753591537475586 130
0.2860877513885498 138
0.29431986808776855 144
0.3043184280395508 152
0.31318140029907227 158
0.3216440677642822 166
0.33101367950439453 173
0.3399512767791748 181
0.34785890579223633 188
0.3582339286804199 196
0.3677256107330322 204
0.3766775131225586 210
0.3850748538970947 217
0.3936617374420166 225
0.4037775993347168 233
0.4123530387878418 240
0.4209885597229004 246
0.42889857292175293 254
0.43807339668273926 261
0.44684863090515137 268
0.45808982849121094 278
0.46739625930786133 284
0.475783109664917 292
0.48421573638916016 299
0.49298739433288574 304
0.5022499561309814 312
0.5119895935058594 317
0.5202982425689697 321
0.5279052257537842 325
0.53684401512146 328
0.5456240177154541 331
0.560786247253418 335
0.5710837841033936 338
0.5789577960968018 340
0.5872735977172852 342
0.5961682796478271 344
0.6043455600738525 346
0.6137962341308594 346
0.6225957870483398 347
0.63161301612854 348
0.6398236751556396 349
0.647691011428833 350
0.6576459407806396 352
0.6668994426727295 352
0.6751744747161865 353
0.6835019588470459 353
0.692072868347168 354
0.70107102394104 354
0.710273265838623 354
0.7178430557250977 354
0.7262916564941406 355
0.7355034351348877 356
0.7437877655029297 356
0.7526640892028809 356
0.7635295391082764 355
0.7719688415527344 355
0.780266523361206 356
0.7879304885864258 356
0.7972309589385986 357
0.8056256771087646 357
0.8152639865875244 357
0.8235406875610352 356
0.8328137397766113 356
0.8410303592681885 356
0.8497633934020996 357
0.8636200428009033 357
0.8722093105316162 356
0.880828857421875 356
0.8881509304046631 356
0.9009296894073486 357
0.9138782024383545 358
0.9257950782775879 358
0.9378154277801514 357
0.9539363384246826 356
0.9707496166229248 356
0.9823036193847656 358
0.9913415908813477 359
1.0007307529449463 359
1.008066177368164 358
1.0175912380218506 358
1.026909351348877 358
1.0351009368896484 358
1.043485164642334 358
1.0527348518371582 357
1.0622856616973877 357
1.0716614723205566 358
1.0799567699432373 358
1.0877330303192139 358
1.0968317985534668 358
1.1050848960876465 357
1.1143629550933838 357
1.123044729232788 357
1.1320977210998535 357
1.1406009197235107 357
1.1482601165771484 357
1.1582510471343994 357
1.1680269241333008 357
1.1768028736114502 357
1.1850712299346924 357
1.1938843727111816 356
1.2023086547851562 356
1.2107539176940918 356
1.2196757793426514 357
1.2279129028320312 357
1.23673415184021 356
1.245114803314209 356
1.2534563541412354 355
1.2776820659637451 356
1.2878308296203613 356
1.3109562397003174 356
1.333784818649292 355
1.3629693984985352 357
1.383582353591919 358
1.3979711532592773 357
1.4312708377838135 352
1.448204755783081 350
1.472909927368164 351
1.4894630908966064 355
1.5073537826538086 357
1.5273406505584717 356
1.5466697216033936 352
1.5651400089263916 350
1.5835976600646973 350
1.6027374267578125 354
1.618966817855835 356
1.6375007629394531 356
1.6539602279663086 354
1.6775391101837158 351
1.6957643032073975 351
1.715787410736084 354
1.737577199935913 357
1.762772560119629 356
1.7878499031066895 349
1.8074054718017578 346
1.8243396282196045 347
1.8467152118682861 350
1.863983154296875 355
1.8835389614105225 356
1.9007303714752197 356
1.9175987243652344 353
1.9362742900848389 350
1.9558360576629639 352
1.9750471115112305 356
1.9949185848236084 358
2.0174224376678467 357
2.0357825756073 352
2.06166934967041 350
2.0811400413513184 351
2.102020025253296 355
2.1215507984161377 355
2.1426801681518555 353
2.1638529300689697 349
2.185328483581543 350
2.2053096294403076 354
2.225456953048706 357
2.247981548309326 356
2.2708499431610107 351
2.291612386703491 348
2.3108510971069336 350
2.3281264305114746 354
2.3471322059631348 357
2.3673739433288574 358
2.395669460296631 351
2.4237101078033447 344
2.451946496963501 341
2.4729018211364746 344
2.4949264526367188 350
2.5115818977355957 354
2.535702705383301 354
2.555771589279175 349
2.5773367881774902 346
2.5978400707244873 346
2.6175811290740967 349
2.636847496032715 354
2.656298875808716 355
2.6739392280578613 354
2.69291090965271 350
2.7079808712005615 347
2.727255344390869 346
2.745581865310669 349
2.7672455310821533 352
2.787074089050293 353
2.8042216300964355 350
2.823868751525879 345
2.8416056632995605 342
2.88132381439209 348
2.9012649059295654 355
2.9253745079040527 359
2.946718692779541 360
2.9675190448760986 357
3.007524013519287 342
3.0309386253356934 336
3.0574300289154053 336
3.0828232765197754 340
3.098325490951538 346
3.1212193965911865 350
3.138108491897583 350
3.1674246788024902 345
3.1855108737945557 340
3.2089529037475586 338
3.2262754440307617 342
3.243978500366211 346
3.2696139812469482 349
3.2875168323516846 348
3.3068525791168213 345
3.3252487182617188 342
3.363903522491455 344
3.38308048248291 350
3.403228759765625 353
3.423478364944458 354
3.4436683654785156 350
3.464303731918335 346
3.483323574066162 343
3.499952554702759 344
3.520751476287842 348
3.5440776348114014 352
3.566868782043457 350
3.5838780403137207 346
3.603503465652466 343
3.623211145401001 343
3.639807939529419 346
3.661365270614624 349
3.682027816772461 350
3.699821949005127 346
3.7228221893310547 344
3.739469528198242 344
3.7603020668029785 348
3.785029411315918 350
3.801558256149292 350
3.825991630554199 344
3.8451433181762695 340
3.8658900260925293 337
3.8896968364715576 340
3.905623435974121 344
3.931689977645874 346
3.9530673027038574 345
3.96816086769104 342
3.993027448654175 338
4.010028600692749 338
4.028264760971069 342
4.053016185760498 346
4.070922374725342 346
4.087873935699463 344
4.10712456703186 341
4.127348899841309 340
4.146676301956177 344
4.162102937698364 346
4.192779779434204 345
4.209453344345093 341
4.229628324508667 340
4.253713846206665 343
4.279587984085083 348
4.295739412307739 350
4.319804430007935 347
4.34139609336853 342
4.363095045089722 337
4.383358716964722 336
4.399942398071289 340
4.420837640762329 342
4.443346738815308 342
4.462721109390259 339
4.477851390838623 336
4.497653245925903 337
4.515054702758789 339
4.536113739013672 343
4.553747653961182 342
4.563629627227783 341
4.577364921569824 340
4.5869550704956055 340
4.597680330276489 340
4.6068274974823 341
4.615095615386963 341
4.623768091201782 340
4.6336188316345215 340
4.643827676773071 340
4.653694152832031 340
4.663821220397949 341
4.673007488250732 341
4.681279897689819 341
4.690729141235352 340
4.698123216629028 340
4.707393169403076 340
4.715841293334961 340
4.72413182258606 340
4.7327821254730225 340
4.743444204330444 340
4.76380467414856 340
4.782803297042847 340
4.802581548690796 340
4.823436260223389 340
4.843087911605835 340
4.861228704452515 340
4.878270626068115 340
4.901187181472778 340
4.919710397720337 340
4.935757160186768 340
4.952361106872559 340
4.9796483516693115 340
4.996176719665527 340
