0 0
0.01944112777709961 0
0.05226254463195801 0
0.0747365951538086 3
0.11156296730041504 13
0.13357210159301758 24
0.14872074127197266 35
0.16768884658813477 45
0.18474292755126953 60
0.20650815963745117 72
0.22414946556091309 87
0.2433326244354248 99
0.26032090187072754 114
0.2779717445373535 130
0.29944586753845215 142
0.31610560417175293 159
0.336198091506958 175
0.35225510597229004 188
0.37033796310424805 202
0.38845300674438477 217
0.40805768966674805 233
0.4287302494049072 250
0.45273518562316895 269
0.47336554527282715 282
0.49016690254211426 294
0.5081958770751953 304
0.527646541595459 313
0.5447525978088379 322
0.5662531852722168 327
0.5874245166778564 327
0.6025803089141846 327
0.6247329711914062 331
0.6516115665435791 340
0.6778290271759033 354
0.7086002826690674 362
0.7273385524749756 364
0.7448019981384277 362
0.7636370658874512 358
0.7803444862365723 355
0.8018655776977539 355
0.8267800807952881 360
0.8500983715057373 364
0.8646218776702881 363
0.8824975490570068 360
0.907099723815918 358
0.9243450164794922 360
0.9441931247711182 365
0.9627628326416016 368
0.983159065246582 367
1.0005013942718506 363
1.021444320678711 358
1.0403704643249512 356
1.0599241256713867 358
1.0798048973083496 362
1.098714828491211 365
1.1206440925598145 363
1.1380581855773926 359
1.1573266983032227 357
1.174250602722168 357
1.1926651000976562 361
1.2140848636627197 362
1.2322185039520264 360
1.2598609924316406 354
1.2794568538665771 349
1.296776533126831 348
1.3148345947265625 350
1.3378064632415771 355
1.3523411750793457 359
1.370638132095337 360
1.3900797367095947 358
1.4086687564849854 353
1.4323272705078125 350
1.4513704776763916 352
1.4717559814453125 356
1.4931282997131348 360
1.5086042881011963 359
1.5313613414764404 355
1.5499718189239502 354
1.56483793258667 355
1.5841593742370605 358
1.6038868427276611 359
1.622739553451538 356
1.6459877490997314 352
1.6654682159423828 352
1.6818444728851318 354
1.7018029689788818 359
1.7184464931488037 362
1.7381844520568848 361
1.7581472396850586 358
1.777256965637207 356
1.796433448791504 357
1.8159339427947998 361
1.845430612564087 360
1.8639276027679443 357
1.882563591003418 353
1.9008123874664307 353
1.9192907810211182 356
1.9399893283843994 357
1.9602510929107666 355
1.979463815689087 351
1.9974517822265625 349
2.018369436264038 351
2.0398900508880615 356
2.0640745162963867 360
2.083263397216797 359
2.100792169570923 355
2.120483875274658 352
2.1386430263519287 354
2.158618927001953 358
2.1772773265838623 360
2.194382667541504 359
2.2161126136779785 354
2.2361154556274414 352
2.253479242324829 352
2.272549629211426 356
2.291428565979004 359
2.3106346130371094 361
2.3331995010375977 359
2.350466728210449 354
2.368743419647217 350
2.3844869136810303 351
2.40397047996521 353
2.429091691970825 356
2.450622320175171 355
2.474752902984619 348
2.4973042011260986 344
2.5162830352783203 345
2.53977632522583 348
2.562030076980591 352
2.571784257888794 352
2.580392599105835 352
2.589721441268921 351
2.598583936691284 351
2.607356309890747 352
2.6164944171905518 353
2.627272605895996 354
2.634672164916992 353
2.643411636352539 352
2.6517786979675293 352
2.6604228019714355 352
2.6832995414733887 353
2.7334156036376953 359
2.7678651809692383 355
2.7990856170654297 345
2.8142826557159424 341
2.840276002883911 339
2.858792781829834 342
2.8840436935424805 348
2.908607244491577 352
2.943678379058838 348
2.964271306991577 342
2.99375581741333 342
3.023894786834717 348
3.049271821975708 356
3.07334566116333 362
3.099738836288452 361
3.1408190727233887 346
3.1964290142059326 342
3.243563652038574 356
3.278169631958008 371
3.3099706172943115 374
3.329728364944458 371
3.344621181488037 367
3.368431568145752 360
3.3836090564727783 358
3.4035165309906006 358
3.4263405799865723 362
3.444514274597168 363
3.463837146759033 361
3.4847869873046875 354
3.5039570331573486 352
3.527526378631592 352
3.544748544692993 356
3.57602596282959 359
3.597306489944458 358
3.6145389080047607 352
3.6344594955444336 350
3.657792806625366 351
3.6836118698120117 358
3.7002720832824707 361
3.720139265060425 360
3.740638256072998 356
3.758599281311035 352
3.7777938842773438 349
3.7981972694396973 349
3.8175368309020996 352
3.8416314125061035 354
3.860745668411255 353
3.87029767036438 351
3.879763126373291 349
3.890244722366333 348
3.9071123600006104 349
3.930260419845581 356
3.9578065872192383 358
3.9787192344665527 356
4.001984357833862 348
4.0261452198028564 344
4.047806024551392 346
4.06994104385376 350
4.088157653808594 353
4.107726812362671 352
4.1291725635528564 348
4.149398326873779 346
4.166147708892822 348
4.188103914260864 352
4.216044187545776 353
4.238157033920288 348
4.261328458786011 344
4.297842502593994 344
4.320528030395508 350
4.34236478805542 353
4.370144367218018 351
4.388061285018921 346
4.4138524532318115 344
4.4335339069366455 346
4.467702627182007 355
4.491347074508667 361
4.503119468688965 361
4.5133068561553955 361
4.529552698135376 358
4.5380024909973145 357
4.553778171539307 356
4.566433668136597 357
4.574298143386841 357
4.592211008071899 356
4.612078666687012 351
4.63340163230896 346
4.653361082077026 344
4.672548294067383 346
4.690800428390503 350
4.740474224090576 348
4.788117170333862 332
4.824023723602295 323
4.887518882751465 336
4.909989833831787 346
4.931761264801025 353
4.964456796646118 354
4.993845224380493 348
