0 0
0.012951135635375977 0
0.03597402572631836 0
0.055471181869506836 2
0.08272671699523926 9
0.10457420349121094 19
0.11549663543701172 24
0.12877988815307617 28
0.13954567909240723 31
0.15410542488098145 33
0.16268014907836914 35
0.1700892448425293 37
0.17957663536071777 40
0.18927407264709473 43
0.19760560989379883 46
0.2071073055267334 48
0.21564745903015137 50
0.22482991218566895 52
0.2331850528717041 55
0.24138593673706055 58
0.24924206733703613 60
0.25943708419799805 62
0.26790332794189453 64
0.2767922878265381 68
0.28680992126464844 70
0.29666805267333984 73
0.305908203125 75
0.3153343200683594 77
0.3249495029449463 78
0.33344578742980957 80
0.34174561500549316 82
0.35123419761657715 85
0.35992908477783203 88
0.3686559200286865 89
0.37720751762390137 91
0.38701343536376953 92
0.3960235118865967 94
0.4055149555206299 97
0.41399288177490234 99
0.4267897605895996 102
0.43533754348754883 103
0.4438915252685547 105
0.4534337520599365 108
0.4630165100097656 110
0.4712040424346924 112
0.4799659252166748 114
0.48911213874816895 116
0.49811244010925293 118
0.50748610496521 120
0.5169599056243896 121
0.5253963470458984 122
0.5339419841766357 124
0.5425028800964355 126
0.5508291721343994 128
0.5597145557403564 130
0.5681755542755127 132
0.5787253379821777 133
0.5876016616821289 135
0.5959603786468506 137
0.604902982711792 139
0.61419677734375 142
0.6233038902282715 143
0.6315593719482422 144
0.6412293910980225 146
0.6496193408966064 148
0.6595191955566406 150
0.6687319278717041 151
0.6779332160949707 153
0.6869173049926758 154
0.6954281330108643 155
0.7046985626220703 158
0.7148065567016602 160
0.7230861186981201 161
0.731386661529541 162
0.7394933700561523 163
0.748831033706665 164
0.7573187351226807 166
0.7668249607086182 167
0.7751872539520264 168
0.7848920822143555 171
0.7932384014129639 173
0.8014554977416992 174
0.8097724914550781 176
0.8199121952056885 176
0.8357155323028564 178
0.8446559906005859 179
0.8535473346710205 181
0.864091157913208 182
0.8728196620941162 183
0.8833925724029541 186
0.8916707038879395 187
0.8995800018310547 188
0.9079692363739014 189
0.9176778793334961 191
0.925992488861084 193
0.934821367263794 194
0.9431357383728027 195
0.951817512512207 196
0.9596352577209473 197
0.9695906639099121 198
0.9795112609863281 200
0.9892115592956543 202
0.9978554248809814 204
1.0060324668884277 204
1.0179107189178467 204
1.0272870063781738 204
1.035621166229248 206
1.0441482067108154 207
1.0535333156585693 209
1.0617995262145996 210
1.0713539123535156 211
1.0815346240997314 212
1.089362382888794 214
1.0978918075561523 215
1.106083869934082 216
1.11702299118042 217
1.1255271434783936 218
1.134127140045166 219
1.1432867050170898 219
1.1535849571228027 220
1.1621081829071045 222
1.17142653465271 224
1.1814122200012207 225
1.1892342567443848 226
1.19757080078125 226
1.205937147140503 226
1.2156305313110352 228
1.2289350032806396 230
1.2375893592834473 232
1.246812105178833 234
1.2556133270263672 234
1.2644505500793457 234
1.2735521793365479 235
1.2835218906402588 236
1.291785717010498 238
1.299865961074829 239
1.3085665702819824 240
1.31770920753479 240
1.32725191116333 241
1.3355908393859863 241
1.3449180126190186 242
1.3533556461334229 244
1.3617677688598633 245
1.3713428974151611 246
1.380025863647461 247
1.3888437747955322 247
1.3972399234771729 248
1.4055628776550293 249
1.417618989944458 250
1.4280445575714111 251
1.4364807605743408 252
1.4455175399780273 253
1.454023838043213 253
1.4625906944274902 254
1.4700062274932861 254
1.4807794094085693 255
1.4890086650848389 256
1.4974024295806885 257
1.5056943893432617 258
1.5152721405029297 259
1.5253524780273438 259
1.5339667797088623 259
1.542445182800293 260
1.5512850284576416 261
1.5591185092926025 262
1.567469835281372 263
1.5787453651428223 264
1.587043285369873 264
1.5955255031585693 264
1.6039659976959229 264
1.6131689548492432 265
1.6217763423919678 267
1.6360042095184326 269
1.6452112197875977 270
1.6550006866455078 270
1.6634056568145752 271
1.6716725826263428 272
1.6827301979064941 273
1.6913201808929443 274
1.6991937160491943 274
1.7075164318084717 274
1.7167446613311768 274
1.7255771160125732 276
1.7353019714355469 277
1.7445132732391357 278
1.7529199123382568 279
1.76078200340271 280
1.7690925598144531 279
1.779963493347168 279
1.7886760234832764 279
1.796959638595581 280
1.8053467273712158 282
1.814708948135376 283
1.8230476379394531 284
1.8331189155578613 284
1.8416378498077393 284
1.8494806289672852 284
1.857912540435791 286
1.8660693168640137 287
1.8751637935638428 287
1.8855116367340088 287
1.8940894603729248 287
1.9027693271636963 287
1.9115686416625977 288
1.9194273948669434 289
1.9286599159240723 291
1.9378907680511475 291
1.9466650485992432 291
1.955162763595581 291
1.9635496139526367 292
1.9718108177185059 293
1.9829771518707275 293
1.9911863803863525 294
1.999006748199463 294
2.0095443725585938 294
2.0181310176849365 295
2.0293753147125244 297
2.04258131980896 298
2.049954414367676 298
2.0587353706359863 298
2.067065954208374 298
2.076490879058838 298
2.086699962615967 300
2.095158100128174 301
2.1035115718841553 302
2.1125779151916504 302
2.119905948638916 301
2.1287033557891846 301
2.143115282058716 302
2.154078722000122 303
2.165834903717041 304
2.179300308227539 306
2.1932449340820312 305
2.204479455947876 304
2.216691493988037 304
2.2279324531555176 305
2.241241216659546 306
2.2491421699523926 306
2.2576167583465576 306
2.2658705711364746 306
2.2749266624450684 306
2.2841603755950928 308
2.293529510498047 308
2.3018076419830322 308
2.3101837635040283 308
2.319002151489258 309
2.327352523803711 310
2.3356215953826904 310
2.345857620239258 310
2.354593515396118 310
2.362839698791504 310
2.3701579570770264 310
2.3800082206726074 311
2.3895766735076904 313
2.397987127304077 314
2.4071452617645264 314
2.4155688285827637 312
2.4245009422302246 312
2.4369213581085205 313
2.447568893432617 314
2.4558868408203125 315
2.464616298675537 316
2.473172664642334 315
2.4827263355255127 314
2.4917726516723633 314
2.4997520446777344 314
2.508903980255127 314
2.517167091369629 315
2.5255002975463867 316
2.5340723991394043 317
2.5448458194732666 316
2.553429126739502 316
2.5616707801818848 315
2.569579839706421 315
2.5795745849609375 316
2.5879693031311035 317
2.5974276065826416 318
2.606541633605957 318
2.6151742935180664 317
2.623581886291504 317
2.631784439086914 317
2.640045642852783 317
2.6508142948150635 318
2.659102201461792 319
2.667478322982788 320
2.677617311477661 319
2.6875667572021484 318
2.6971659660339355 317
2.7061398029327393 317
2.7147645950317383 318
2.7230441570281982 319
2.7312424182891846 320
2.7397308349609375 320
2.7496864795684814 320
2.7581589221954346 319
2.766710042953491 319
2.7758982181549072 320
2.7852859497070312 321
2.793886661529541 322
2.803865909576416 322
2.8125112056732178 321
2.8199894428253174 320
2.8287811279296875 321
2.8425850868225098 322
2.852869987487793 323
2.860726833343506 323
2.869711399078369 322
2.879162073135376 322
2.887485980987549 322
2.895723581314087 323
2.9056522846221924 324
2.914490222930908 324
2.9227592945098877 324
2.9300363063812256 324
2.939384698867798 324
2.9489927291870117 324
2.9578495025634766 324
2.965989351272583 325
2.9753239154815674 326
2.9847700595855713 326
2.9930336475372314 326
3.0031468868255615 325
3.0113346576690674 325
3.0191190242767334 325
3.0274555683135986 326
3.0368053913116455 326
3.0451834201812744 326
3.054696798324585 327
3.063528299331665 328
3.0728344917297363 328
3.0818119049072266 327
3.0897698402404785 327
3.098691463470459 327
3.108612060546875 328
3.116912841796875 328
3.1252241134643555 328
3.1334872245788574 329
3.142652750015259 329
3.151691198348999 329
3.160698652267456 328
3.1695914268493652 328
3.179034471511841 328
3.1873605251312256 329
3.1976776123046875 330
3.2084901332855225 330
3.2169406414031982 329
3.2254161834716797 328
3.2380404472351074 328
3.246530532836914 329
3.255920648574829 330
3.265357494354248 331
3.2746076583862305 332
3.2835423946380615 331
3.291857957839966 330
3.3011856079101562 331
3.3098859786987305 332
3.3185946941375732 333
3.326965093612671 333
3.33614182472229 332
3.3448827266693115 332
3.353198766708374 332
3.3630764484405518 332
3.372105836868286 332
3.3871803283691406 333
3.3957531452178955 333
3.4059035778045654 334
3.4147756099700928 333
3.4231979846954346 332
3.43149733543396 332
3.439725160598755 333
3.4485154151916504 333
3.4580445289611816 334
3.4687249660491943 332
3.4777121543884277 332
3.485976219177246 331
3.494769334793091 331
3.5037176609039307 332
3.5131826400756836 332
3.521418571472168 333
3.5292725563049316 333
3.538486957550049 332
3.546818733215332 332
3.555177927017212 332
3.5654633045196533 334
3.5748775005340576 334
3.5847012996673584 334
3.5932767391204834 333
3.602118730545044 333
3.6113476753234863 334
3.619267463684082 334
3.6276352405548096 334
3.6415915489196777 334
3.6495771408081055 334
3.6581788063049316 334
3.6684865951538086 334
3.678525447845459 334
3.6867971420288086 335
3.6953563690185547 335
3.705620527267456 335
3.7153000831604004 335
3.7238731384277344 336
3.732851982116699 336
3.74019193649292 336
3.748875141143799 335
3.757420539855957 335
3.767421007156372 335
3.7765018939971924 336
3.7855374813079834 337
3.794126033782959 337
3.803225517272949 336
3.8129918575286865 336
3.8213071823120117 336
3.829130172729492 336
3.837881565093994 336
3.846062421798706 337
3.854942560195923 337
3.864719867706299 337
3.873147487640381 337
3.883103847503662 337
3.891321897506714 337
3.899460792541504 337
3.9078638553619385 337
3.917214870452881 337
3.9254965782165527 338
3.935086488723755 338
3.9433908462524414 338
3.9516119956970215 338
3.9594533443450928 338
3.969594955444336 338
3.987213134765625 338
3.996419906616211 338
4.0048980712890625 338
4.013179779052734 339
4.022870302200317 339
4.031737327575684 338
4.047549724578857 337
4.056537389755249 336
4.065426349639893 335
4.074822664260864 336
4.084764003753662 337
4.093972206115723 338
4.103395462036133 338
4.11172890663147 338
4.121310472488403 337
4.12972354888916 336
4.138516426086426 336
4.14676833152771 337
4.155313491821289 338
4.164719820022583 338
4.174074649810791 338
4.183804035186768 337
4.1922266483306885 336
4.20139479637146 336
4.2092061042785645 337
4.222453355789185 338
4.234715938568115 338
4.246110200881958 336
4.257861137390137 335
4.269727468490601 335
4.284724235534668 336
4.2956883907318115 338
4.304555416107178 338
4.312894821166992 338
4.320217609405518 338
4.331263780593872 338
4.339096307754517 338
4.347396373748779 338
4.355855226516724 338
4.36476993560791 338
4.374109506607056 338
4.383251667022705 338
4.392140626907349 338
4.4001874923706055 338
4.409026384353638 339
4.417498588562012 339
4.427374601364136 339
4.439944744110107 339
4.448711156845093 339
4.457125663757324 339
4.46604323387146 339
4.475471258163452 339
4.485010623931885 340
4.498739004135132 339
4.507904529571533 338
4.516465187072754 338
4.525640964508057 339
4.5350141525268555 340
4.543407440185547 340
4.551726341247559 340
4.563261985778809 340
4.5715250968933105 340
4.582473993301392 340
4.589816093444824 340
4.5991294384002686 340
4.607418775558472 340
4.617136478424072 341
4.626073122024536 341
4.635647296905518 340
4.644794464111328 340
4.6532182693481445 340
4.662516832351685 340
4.669816017150879 340
4.679948806762695 340
4.6886351108551025 341
4.698042392730713 341
4.706538677215576 341
4.715300559997559 340
4.72359299659729 340
4.733816623687744 340
4.74188494682312 340
4.749669551849365 340
4.757997274398804 340
4.767274379730225 341
4.7758331298828125 340
4.786076307296753 340
4.795839071273804 340
4.804563760757446 340
4.812819719314575 340
4.820154905319214 341
4.829497575759888 341
4.844546556472778 341
4.8529534339904785 340
4.861857652664185 340
4.869742393493652 340
4.8791375160217285 340
4.888490676879883 341
4.897423028945923 341
4.906108140945435 341
4.914731025695801 340
4.923062086105347 340
4.933043718338013 340
4.941251754760742 340
4.949049711227417 341
4.95864462852478 341
4.966948747634888 341
4.975950241088867 340
4.9862024784088135 340
4.9953131675720215 340
