0 0
0.012102127075195312 0
0.02878713607788086 0
0.04674077033996582 2
0.06586503982543945 6
0.08115696907043457 14
0.09265947341918945 17
0.10170435905456543 22
0.1100759506225586 27
0.11793971061706543 31
0.12626123428344727 36
0.13637948036193848 42
0.14619898796081543 49
0.15464544296264648 56
0.16302275657653809 61
0.17232012748718262 67
0.1807265281677246 74
0.19035720825195312 80
0.19992971420288086 87
0.20734882354736328 93
0.21610116958618164 99
0.22444629669189453 106
0.2337658405303955 113
0.24798130989074707 124
0.2564883232116699 130
0.26604318618774414 138
0.2749762535095215 146
0.28483033180236816 154
0.2944636344909668 162
0.30612730979919434 170
0.3149139881134033 178
0.3233790397644043 185
0.3325817584991455 191
0.3422369956970215 200
0.35135841369628906 208
0.3606538772583008 216
0.3700835704803467 222
0.3780062198638916 230
0.3865010738372803 236
0.3967399597167969 245
0.40518832206726074 252
0.41377830505371094 258
0.42237186431884766 265
0.4313821792602539 273
0.44109034538269043 282
0.4510519504547119 290
0.4601418972015381 296
0.46990084648132324 304
0.48044776916503906 312
0.4887688159942627 318
0.49866604804992676 324
0.5066783428192139 326
0.5151803493499756 330
0.52402663230896 332
0.5329174995422363 335
0.5424671173095703 337
0.5519804954528809 340
0.5611169338226318 342
0.5701148509979248 344
0.5779993534088135 345
0.5862288475036621 346
0.5962104797363281 348
0.6046664714813232 350
0.6129498481750488 352
0.6219418048858643 352
0.6306157112121582 353
0.6388900279998779 353
0.6537754535675049 353
0.6631741523742676 353
0.6720297336578369 354
0.6804347038269043 355
0.6886515617370605 356
0.6987597942352295 357
0.706655740737915 356
0.7151374816894531 356
0.7232563495635986 355
0.7324841022491455 355
0.7410628795623779 355
0.751028299331665 356
0.7593536376953125 358
0.7693130970001221 358
0.7769138813018799 358
0.7857184410095215 358
0.794365406036377 358
0.8039093017578125 358
0.8122754096984863 358
0.8205392360687256 359
0.829979658126831 359
0.8372819423675537 359
0.8474533557891846 358
0.8562829494476318 358
0.8657679557800293 358
0.8745675086975098 358
0.8827943801879883 359
0.8913969993591309 359
0.9014544486999512 359
0.9100799560546875 358
0.9180071353912354 358
0.9269840717315674 358
0.935417652130127 358
0.9439723491668701 359
0.9542543888092041 359
0.9629800319671631 359
0.9714386463165283 358
0.9807319641113281 358
0.9898364543914795 358
0.9998664855957031 358
1.0072569847106934 359
1.0160143375396729 359
1.0242812633514404 359
1.0331475734710693 358
1.0466625690460205 358
1.0561659336090088 358
1.0651390552520752 359
1.074451208114624 360
1.0827879905700684 360
1.0913405418395996 359
1.1019365787506104 358
1.110288143157959 357
1.1185011863708496 357
1.1267061233520508 357
1.1351840496063232 358
1.1437466144561768 358
1.1533949375152588 358
1.1625936031341553 357
1.1721162796020508 357
1.1803908348083496 357
1.188572883605957 358
1.1969680786132812 358
1.2064807415008545 358
1.2148139476776123 358
1.2231521606445312 358
1.2324843406677246 358
1.240760087966919 357
1.2501068115234375 357
1.2599687576293945 357
1.2673797607421875 358
1.2760202884674072 358
1.2843728065490723 358
1.2931363582611084 358
1.3019297122955322 357
1.3113601207733154 357
1.3198890686035156 357
1.3285996913909912 358
1.3365490436553955 358
1.3461658954620361 358
1.3552017211914062 357
1.364398717880249 357
1.372741460800171 356
1.3819348812103271 357
1.3909757137298584 358
1.3991005420684814 359
1.4128694534301758 359
1.4247565269470215 358
1.4363064765930176 356
1.4600648880004883 356
1.4717299938201904 358
1.4826300144195557 360
1.4928739070892334 360
1.5024023056030273 360
1.5119054317474365 359
1.5204260349273682 358
1.5298056602478027 356
1.5372202396392822 356
1.5466790199279785 357
1.555199384689331 358
1.5657896995544434 358
1.573988914489746 358
1.582639217376709 356
1.5916798114776611 356
1.5999462604522705 356
1.6072702407836914 356
1.616699457168579 357
1.6262168884277344 357
1.6345751285552979 357
1.654179334640503 357
1.6645972728729248 357
1.6728706359863281 357
1.6812939643859863 357
1.6910862922668457 357
1.699739694595337 357
1.7070732116699219 357
1.7166285514831543 357
1.7258708477020264 357
1.7340309619903564 357
1.7423851490020752 357
1.751805305480957 357
1.7606828212738037 357
1.7701287269592285 357
1.7774286270141602 357
1.786055326461792 357
1.7952072620391846 357
1.8033714294433594 357
1.812699317932129 356
1.8222391605377197 356
1.8305234909057617 356
1.838693380355835 356
1.866926670074463 357
1.8757076263427734 356
1.884204387664795 356
1.8932349681854248 356
1.9028842449188232 356
1.911430835723877 356
1.9214367866516113 356
1.9299297332763672 356
1.9372005462646484 356
1.9471123218536377 356
1.9563848972320557 356
1.96860933303833 356
1.9764039516448975 356
1.9846484661102295 356
1.9943294525146484 356
2.0027577877044678 356
2.012720823287964 356
2.0228500366210938 356
2.0313191413879395 356
2.0398173332214355 356
2.048815965652466 356
2.057025671005249 356
2.0658609867095947 356
2.074979782104492 356
2.083338975906372 356
2.09269118309021 356
2.101797103881836 356
2.110053539276123 356
2.119062662124634 356
2.127331495285034 356
2.135946273803711 356
2.1449222564697266 356
2.15419864654541 356
2.16251540184021 356
2.171889305114746 356
2.180295467376709 356
2.189365863800049 356
2.196974992752075 356
2.2054049968719482 355
2.2141482830047607 355
2.223381519317627 355
2.2319512367248535 355
2.2403252124786377 355
2.2539315223693848 355
2.2624616622924805 355
2.2720441818237305 355
2.2802839279174805 355
2.288905382156372 355
2.2967002391815186 355
2.3059401512145996 355
2.314185619354248 355
2.3240456581115723 355
2.332348346710205 355
2.34075927734375 355
2.3501617908477783 355
2.358840227127075 355
2.3668015003204346 355
2.376274347305298 355
2.3845038414001465 355
2.3932855129241943 355
2.4024388790130615 355
2.410731315612793 355
2.41982364654541 355
2.4289298057556152 355
2.4367921352386475 355
2.4468517303466797 355
2.4560060501098633 355
2.464219808578491 355
2.474792718887329 355
2.483208656311035 355
2.492511034011841 355
2.500757932662964 355
2.5103256702423096 355
2.5189640522003174 355
2.5279769897460938 355
2.5361528396606445 355
2.545741319656372 355
2.554588794708252 355
2.5628244876861572 355
2.5713207721710205 355
2.5805845260620117 355
2.5894219875335693 355
2.5970191955566406 355
2.6063661575317383 355
2.6146743297576904 355
2.623897075653076 355
2.6330366134643555 355
2.641669750213623 355
2.6553754806518555 355
2.6641838550567627 354
2.6726198196411133 355
2.682262420654297 355
2.6913564205169678 355
2.6999380588531494 354
2.707322597503662 354
2.7170119285583496 354
2.725950241088867 355
2.7352278232574463 355
2.743898630142212 355
2.7532544136047363 354
2.7620129585266113 354
2.77036452293396 354
2.779794454574585 354
2.7886874675750732 354
2.7965474128723145 354
2.804811477661133 354
2.8137452602386475 354
2.8227803707122803 354
2.8322787284851074 354
2.8407561779022217 354
2.8506252765655518 354
2.858834743499756 354
2.8667821884155273 354
2.875136613845825 354
2.8853437900543213 354
2.893367052078247 354
2.9021096229553223 354
2.9103987216949463 354
2.9199891090393066 353
2.9273898601531982 354
2.936983108520508 354
2.9465010166168213 354
2.9553475379943848 354
2.9639744758605957 354
2.972411870956421 353
2.9831814765930176 353
2.9928507804870605 353
3.001288414001465 354
3.009885549545288 354
3.0188546180725098 354
3.0269315242767334 354
3.0365774631500244 353
3.0460398197174072 354
3.059678554534912 354
3.067025899887085 354
3.0758047103881836 354
3.0859761238098145 353
3.0943710803985596 352
3.10275936126709 352
3.1111860275268555 353
3.1210570335388184 354
3.1296794414520264 354
3.1386587619781494 353
3.1488752365112305 352
3.156787395477295 352
3.165109634399414 352
3.1732540130615234 353
3.182605266571045 353
3.1920859813690186 353
3.2004549503326416 352
3.2087838649749756 352
3.2169294357299805 352
3.2259914875030518 352
3.234191417694092 353
3.2439467906951904 353
3.2539570331573486 353
3.262603998184204 352
3.270979166030884 352
3.279046058654785 352
3.2890806198120117 352
3.2968530654907227 352
3.3051888942718506 352
3.314319133758545 352
3.3231589794158936 352
3.3574154376983643 352
3.375255823135376 352
3.4021005630493164 352
3.419867753982544 352
3.437331438064575 352
3.4634199142456055 352
3.487027883529663 352
3.5152652263641357 352
3.547028064727783 352
3.575355052947998 352
3.6002795696258545 352
3.614309072494507 352
3.6308133602142334 352
3.65126633644104 352
3.6701183319091797 352
3.687379837036133 352
3.706273078918457 352
3.724466323852539 352
3.7411372661590576 352
3.760664939880371 352
3.7791237831115723 351
3.795379638671875 351
3.816147565841675 352
3.833796739578247 354
3.8618931770324707 352
3.8786537647247314 347
3.894896984100342 344
3.919715404510498 346
3.939030408859253 350
3.9611968994140625 353
3.9824724197387695 351
4.000445365905762 346
4.022403240203857 344
4.041740894317627 346
4.0600080490112305 350
4.077234745025635 354
4.096466779708862 354
4.114253520965576 351
4.130815505981445 348
4.154346704483032 350
4.171159505844116 354
4.191339492797852 356
4.2114081382751465 354
4.230601787567139 348
4.256398916244507 345
4.275808095932007 347
4.2910778522491455 351
4.311267614364624 354
4.330302953720093 352
4.350458860397339 348
4.369746208190918 344
4.387102365493774 344
4.406316757202148 347
4.4245569705963135 352
4.4449379444122314 354
4.470096826553345 352
4.4869866371154785 348
4.507970333099365 345
4.5259809494018555 346
4.543239116668701 350
4.566298007965088 351
4.584556341171265 350
4.604029178619385 347
4.626473903656006 346
4.634954214096069 346
4.644960880279541 348
4.660495042800903 350
4.680583953857422 351
4.691784620285034 350
4.700730800628662 349
4.711812257766724 348
4.721890211105347 348
4.73934268951416 350
4.75912070274353 349
4.782325267791748 344
4.799039602279663 342
4.8170692920684814 344
4.836913347244263 349
4.856796503067017 351
4.878663539886475 350
4.89609956741333 347
4.911361455917358 344
4.9330761432647705 344
4.950636386871338 347
4.972492456436157 351
4.987412691116333 354
