0 0
0.016284465789794922 0
0.031076669692993164 0
0.047342777252197266 2
0.06842446327209473 6
0.0850980281829834 14
0.09749507904052734 18
0.10667705535888672 23
0.11510324478149414 27
0.12436461448669434 30
0.13219237327575684 34
0.14125609397888184 37
0.1499617099761963 40
0.1589808464050293 43
0.16733503341674805 46
0.17603564262390137 48
0.18432831764221191 51
0.19462084770202637 54
0.2039957046508789 58
0.2113354206085205 61
0.21999812126159668 64
0.2289578914642334 67
0.23719048500061035 70
0.24667024612426758 72
0.255476713180542 76
0.2640831470489502 78
0.2714381217956543 81
0.28007936477661133 84
0.2892568111419678 86
0.3043835163116455 90
0.31264281272888184 94
0.3210575580596924 96
0.3294806480407715 99
0.33785152435302734 101
0.3471035957336426 104
0.3564271926879883 106
0.3648066520690918 108
0.3770182132720947 113
0.38616013526916504 116
0.396132230758667 119
0.4053623676300049 121
0.41405296325683594 123
0.4227151870727539 126
0.43061113357543945 127
0.4390575885772705 129
0.44875240325927734 132
0.45737314224243164 134
0.46695995330810547 137
0.47554707527160645 139
0.4841012954711914 141
0.4928922653198242 143
0.5035555362701416 145
0.5111503601074219 147
0.5204412937164307 149
0.5288770198822021 151
0.5371286869049072 153
0.5466744899749756 155
0.5555086135864258 157
0.5640246868133545 159
0.5714693069458008 160
0.5802290439605713 162
0.5890271663665771 165
0.5992434024810791 168
0.6074223518371582 169
0.6162333488464355 170
0.6252408027648926 172
0.6334986686706543 172
0.6411046981811523 174
0.650615930557251 176
0.6598348617553711 178
0.668250560760498 181
0.6768043041229248 182
0.686147928237915 184
0.6944184303283691 186
0.704390287399292 187
0.7126233577728271 188
0.7209386825561523 190
0.7293622493743896 192
0.7386746406555176 194
0.7469918727874756 196
0.7571103572845459 198
0.7658782005310059 200
0.7778294086456299 201
0.7868747711181641 202
0.7960121631622314 202
0.8062889575958252 204
0.8145914077758789 206
0.8239376544952393 208
0.8313055038452148 210
0.8400404453277588 211
0.8483457565307617 212
0.8586678504943848 213
0.866919755935669 213
0.8754856586456299 214
0.8844797611236572 215
0.8926866054534912 217
0.9039843082427979 219
0.9113543033599854 220
0.9209208488464355 222
0.9293522834777832 222
0.9405093193054199 224
0.9538400173187256 226
0.965303897857666 228
0.9773378372192383 229
0.9903850555419922 230
1.002889633178711 231
1.0153923034667969 233
1.0270254611968994 235
1.03830885887146 237
1.0470833778381348 238
1.057196855545044 239
1.0660583972930908 240
1.0743908882141113 241
1.0829548835754395 242
1.0908300876617432 243
1.1003923416137695 244
1.109809160232544 245
1.118633508682251 246
1.1268999576568604 247
1.1353569030761719 248
1.1438586711883545 248
1.1527161598205566 249
1.1614997386932373 250
1.17045259475708 252
1.1839675903320312 254
1.1913366317749023 254
1.2010903358459473 254
1.2107980251312256 254
1.2202045917510986 256
1.228480577468872 257
1.2367644309997559 258
1.2451870441436768 259
1.2541499137878418 260
1.263181209564209 260
1.2709786891937256 260
1.2798583507537842 261
1.288806676864624 262
1.297264575958252 263
1.3065509796142578 264
1.316662311553955 265
1.325249195098877 266
1.3338744640350342 266
1.341332197189331 267
1.350536823272705 267
1.3588411808013916 268
1.3683784008026123 269
1.3767070770263672 270
1.3860642910003662 271
1.394538164138794 271
1.4040546417236328 271
1.4131481647491455 272
1.421375036239624 272
1.4300882816314697 273
1.438382625579834 274
1.4473121166229248 275
1.4561758041381836 276
1.4655072689056396 276
1.473994255065918 276
1.4827673435211182 276
1.4905281066894531 276
1.5008254051208496 277
1.5092380046844482 278
1.519291639328003 280
1.5274362564086914 280
1.5360829830169678 280
1.5443077087402344 280
1.5531702041625977 280
1.5609331130981445 281
1.5703215599060059 282
1.583183765411377 284
1.591188907623291 284
1.6008150577545166 284
1.6094908714294434 283
1.6192739009857178 284
1.6274669170379639 284
1.6362745761871338 286
1.644561529159546 286
1.6532011032104492 286
1.660994052886963 286
1.6704041957855225 286
1.6799960136413574 287
1.6883134841918945 288
1.6967682838439941 288
1.7060179710388184 288
1.715987205505371 288
1.7243483066558838 289
1.7325518131256104 290
1.7403740882873535 290
1.7491018772125244 290
1.757411241531372 290
1.7671606540679932 290
1.775888204574585 291
1.784736156463623 292
1.7929832935333252 292
1.8015687465667725 292
1.8102996349334717 292
1.820371389389038 292
1.8286075592041016 292
1.8368871212005615 293
1.846360445022583 293
1.8546152114868164 294
1.8628463745117188 294
1.8714773654937744 294
1.8806192874908447 294
1.8888821601867676 294
1.8972997665405273 295
1.907041072845459 296
1.916372299194336 296
1.925560712814331 296
1.9341492652893066 296
1.9415550231933594 295
1.9509265422821045 296
1.95928955078125 296
1.9674246311187744 296
1.980543851852417 297
1.9903674125671387 297
2.0001142024993896 297
2.0132381916046143 298
2.022751569747925 298
2.0305380821228027 298
2.038792848587036 298
2.047341823577881 298
2.0561838150024414 298
2.064401865005493 298
2.073873519897461 299
2.0827648639678955 299
2.090576648712158 299
2.099970817565918 299
2.108346462249756 299
2.117229700088501 299
2.1267168521881104 299
2.1352529525756836 299
2.1443276405334473 299
2.1520583629608154 299
2.16025972366333 299
2.1685333251953125 299
2.179241180419922 300
2.1874139308929443 300
2.1960926055908203 300
2.20526385307312 299
2.2141273021698 299
2.221424102783203 299
2.2308919429779053 299
2.2393429279327393 300
2.24831223487854 300
2.256633758544922 300
2.2648963928222656 299
2.2731516361236572 299
2.2830355167388916 299
2.2908127307891846 300
2.300452709197998 300
2.3095288276672363 300
2.317528486251831 300
2.326981782913208 300
2.3353984355926514 300
2.344088315963745 300
2.3513705730438232 300
2.360110282897949 300
2.368502616882324 300
2.378408193588257 300
2.3906188011169434 300
2.400099277496338 300
2.408891439437866 300
2.4172942638397217 300
2.425955057144165 300
2.435100793838501 300
2.4441869258880615 300
2.4515271186828613 300
2.4600820541381836 300
2.4682722091674805 300
2.4784789085388184 300
2.4867188930511475 300
2.4952235221862793 300
2.5044901371002197 300
2.5145986080169678 300
2.5232133865356445 300
2.5321414470672607 300
2.5404486656188965 300
2.5493879318237305 300
2.5575129985809326 300
2.566138744354248 300
2.5748822689056396 300
2.5843751430511475 300
2.5925943851470947 300
2.6012003421783447 300
2.610520362854004 300
2.6187925338745117 300
2.627164840698242 300
2.636643409729004 300
2.6459314823150635 300
2.6543128490448 300
2.6620981693267822 300
2.6702616214752197 300
2.6788697242736816 300
2.688832998275757 300
2.697202682495117 300
2.707127332687378 300
2.715947389602661 300
2.72420072555542 300
2.7331833839416504 300
2.7413432598114014 300
2.7499845027923584 300
2.7583022117614746 300
2.766606330871582 300
2.7759463787078857 300
2.7885472774505615 300
2.796872615814209 300
2.8068954944610596 300
2.815443992614746 300
2.8239219188690186 300
2.8312480449676514 300
2.841262102127075 300
2.8499109745025635 300
2.8581011295318604 300
2.866445541381836 299
2.8752801418304443 299
2.88468074798584 299
2.8929355144500732 299
2.9034810066223145 299
2.9114272594451904 299
2.92006254196167 299
2.9283032417297363 298
2.9374639987945557 298
2.946779727935791 298
2.9554660320281982 299
2.963958501815796 299
2.9712252616882324 299
2.9801712036132812 298
2.989340305328369 298
2.9980573654174805 298
3.007402181625366 298
3.0172719955444336 298
3.0290863513946533 298
3.0430946350097656 297
3.054749011993408 297
3.0659453868865967 296
3.078610420227051 296
3.0909433364868164 296
3.103532314300537 296
3.1125831604003906 296
3.120396614074707 296
3.128685474395752 296
3.1370441913604736 295
3.1470940113067627 295
3.1555328369140625 294
3.1640172004699707 295
3.1729960441589355 296
3.180917978286743 295
3.195540189743042 294
3.205845355987549 292
3.2142295837402344 292
3.2215635776519775 292
3.2302377223968506 292
3.2392354011535645 292
3.2486066818237305 292
3.2570502758026123 292
3.265502691268921 292
3.2747602462768555 292
3.282947540283203 291
3.2920920848846436 291
3.305915355682373 291
3.3143503665924072 292
3.3225793838500977 292
3.3375227451324463 291
3.3470749855041504 289
3.356762647628784 289
3.365314245223999 289
3.3743515014648438 289
3.382556915283203 289
3.3903608322143555 289
3.401170015335083 288
3.410529136657715 288
3.421276807785034 288
3.429914712905884 288
3.4387969970703125 288
3.4482903480529785 288
3.456676721572876 287
3.465094804763794 287
3.4742345809936523 286
3.482053518295288 286
3.490382194519043 286
3.500722646713257 287
3.51003098487854 286
3.518329381942749 286
3.5266871452331543 286
3.53596568107605 286
3.5442585945129395 286
3.5532000064849854 285
3.56115984916687 285
3.5705461502075195 284
3.5790443420410156 285
3.591221570968628 286
3.6028473377227783 285
3.610865354537964 284
3.6199159622192383 283
3.628159284591675 283
3.637155055999756 283
3.6460373401641846 284
3.6553075313568115 284
3.663951873779297 284
3.672132968902588 283
3.6805083751678467 283
3.688843250274658 282
3.697295665740967 282
3.7084662914276123 283
3.716799736022949 283
3.7252461910247803 283
3.7338767051696777 282
3.7427291870117188 282
3.751363754272461 281
3.7601356506347656 281
3.7689597606658936 281
3.777330160140991 282
3.7861671447753906 282
3.7946343421936035 281
3.8059566020965576 280
3.814272165298462 280
3.8221147060394287 280
3.8303000926971436 280
3.8389337062835693 280
3.8472092151641846 280
3.8569014072418213 280
3.865453004837036 279
3.8746495246887207 278
3.8828742504119873 278
3.8907113075256348 278
3.9010305404663086 279
3.910451889038086 279
3.9194791316986084 278
3.9293100833892822 278
3.9383621215820312 277
3.94673752784729 277
3.9560904502868652 277
3.964462995529175 278
3.9739246368408203 278
3.9812583923339844 277
3.9948713779449463 276
4.0061423778533936 276
4.015187978744507 276
4.023233890533447 276
4.031075954437256 276
4.040360927581787 276
4.04862904548645 276
4.058314800262451 275
4.0671305656433105 274
4.075850248336792 274
4.084113597869873 274
4.091381549835205 274
4.100982666015625 274
4.110427618026733 274
4.118682146072388 273
4.1270363330841064 273
4.136106252670288 272
4.1454784870147705 272
4.154191970825195 272
4.163475275039673 273
4.172112464904785 272
4.180347442626953 272
4.188847064971924 272
4.197262525558472 271
4.2073633670806885 271
4.216387987136841 271
4.225323915481567 271
4.234363555908203 270
4.242625951766968 270
4.250521183013916 270
4.2600202560424805 270
4.268933057785034 269
4.277356863021851 269
4.286048650741577 268
4.294434070587158 268
4.304263591766357 268
4.313794851303101 268
4.321150779724121 268
4.329852342605591 268
4.338951110839844 268
4.347332239151001 267
4.3561248779296875 266
4.3662943840026855 266
4.374609708786011 266
4.382785320281982 265
4.395491123199463 265
4.405313014984131 265
4.414862871170044 265
4.4231626987457275 265
4.432888984680176 265
4.444058656692505 264
4.451415777206421 264
4.461082220077515 263
4.4701879024505615 263
4.478530406951904 263
4.486796140670776 263
4.495216369628906 262
4.505297422409058 262
4.514776229858398 262
4.523008584976196 261
4.531230211257935 261
4.53997015953064 261
4.548261404037476 261
4.556538105010986 262
4.566289663314819 261
4.5747411251068115 261
4.583024024963379 260
4.59084153175354 260
4.6008217334747314 260
4.60922384262085 260
4.6186182498931885 260
4.626857280731201 260
4.63617467880249 260
4.644399881362915 259
4.652624607086182 258
4.6604392528533936 258
4.670368671417236 258
4.678806304931641 259
4.687021970748901 259
4.6963090896606445 258
4.705915212631226 258
4.714207887649536 257
4.723531007766724 257
4.736950159072876 256
4.745549440383911 256
4.754218339920044 256
4.76230788230896 256
4.771294116973877 256
4.78001856803894 255
4.795847177505493 255
4.804891347885132 255
4.813157796859741 255
4.822891712188721 255
4.831196308135986 255
4.841440439224243 254
4.852918386459351 254
4.860705137252808 253
4.87083625793457 253
4.8795106410980225 253
4.88785719871521 253
4.89716362953186 252
4.907458305358887 252
4.916051387786865 252
4.925263404846191 252
4.934548854827881 252
4.943238258361816 252
4.950986862182617 252
4.9593346118927 251
4.969910621643066 250
4.978311061859131 249
4.9866626262664795 250
4.99610161781311 250
