0 0
0.013375043869018555 0
0.031742095947265625 0
0.04829144477844238 1
0.0690608024597168 6
0.0859532356262207 14
0.10181665420532227 22
0.12016797065734863 32
0.13364768028259277 38
0.14195871353149414 45
0.15016770362854004 50
0.1595001220703125 55
0.1680457592010498 62
0.17604470252990723 68
0.18570899963378906 75
0.19351887702941895 79
0.20180606842041016 87
0.21008634567260742 93
0.21926021575927734 99
0.22884440422058105 107
0.23804259300231934 114
0.24605464935302734 121
0.25434017181396484 127
0.26314306259155273 133
0.2714223861694336 139
0.28394103050231934 151
0.29343271255493164 157
0.3032405376434326 165
0.31160640716552734 173
0.32044386863708496 179
0.33005762100219727 189
0.33997368812561035 196
0.348844051361084 203
0.35748958587646484 209
0.3656806945800781 217
0.3734772205352783 222
0.3830873966217041 230
0.39220738410949707 239
0.40034914016723633 245
0.4091527462005615 252
0.4192943572998047 260
0.42757296562194824 267
0.4381082057952881 277
0.44637632369995117 283
0.4549522399902344 290
0.4632260799407959 296
0.4716486930847168 305
0.47989583015441895 311
0.4899861812591553 320
0.49844837188720703 326
0.5069348812103271 333
0.5142216682434082 340
0.5232465267181396 346
0.5335907936096191 355
0.5423784255981445 363
0.5514876842498779 369
0.5597817897796631 377
0.5682032108306885 381
0.5767204761505127 385
0.5867435932159424 389
0.5940723419189453 392
0.602830171585083 394
0.6109929084777832 395
0.6198079586029053 396
0.6282520294189453 396
0.6384286880493164 395
0.6475071907043457 394
0.6568715572357178 391
0.6642556190490723 389
0.6729228496551514 386
0.6877803802490234 379
0.6960039138793945 375
0.703866720199585 371
0.712799072265625 366
0.7213521003723145 362
0.7295551300048828 357
0.7397301197052002 352
0.749253511428833 347
0.7574918270111084 344
0.7656035423278809 341
0.773601770401001 341
0.7829809188842773 339
0.7921085357666016 339
0.8002543449401855 340
0.8095138072967529 341
0.8196711540222168 343
0.828148603439331 347
0.8372771739959717 350
0.847161054611206 355
0.8557868003845215 359
0.863452672958374 361
0.8716733455657959 365
0.8798816204071045 369
0.8899152278900146 371
0.8984529972076416 373
0.9070959091186523 374
0.9157648086547852 374
0.9235506057739258 373
0.9329581260681152 372
0.9421401023864746 370
0.9514076709747314 367
0.9596042633056641 365
0.9678478240966797 361
0.9759204387664795 358
0.983973503112793 355
0.993370532989502 353
1.0016069412231445 351
1.00994873046875 349
1.019261360168457 349
1.0275382995605469 349
1.0368478298187256 350
1.0456516742706299 352
1.0539007186889648 354
1.062129259109497 356
1.070267915725708 359
1.0837783813476562 363
1.093268632888794 365
1.1015653610229492 367
1.1098814010620117 367
1.1190712451934814 368
1.127413034439087 367
1.1367356777191162 366
1.1456315517425537 364
1.1537113189697266 363
1.1619420051574707 361
1.1721558570861816 358
1.183990478515625 355
1.1972877979278564 353
1.2084150314331055 352
1.2202785015106201 352
1.2322211265563965 353
1.243194580078125 355
1.2573397159576416 358
1.2688124179840088 360
1.279653549194336 362
1.2878096103668213 364
1.2971689701080322 365
1.3044142723083496 365
1.3135972023010254 365
1.3231945037841797 364
1.332902431488037 363
1.3410265445709229 362
1.35038423538208 360
1.3589003086090088 358
1.367645025253296 357
1.375732183456421 356
1.383880376815796 355
1.3920845985412598 355
1.4012954235076904 355
1.4094998836517334 355
1.4184057712554932 355
1.4269165992736816 356
1.4358103275299072 357
1.4434623718261719 358
1.453104019165039 359
1.4612188339233398 360
1.4694018363952637 361
1.482677698135376 362
1.4910624027252197 362
1.5001685619354248 362
1.5088396072387695 361
1.5175657272338867 361
1.5256202220916748 360
1.5339715480804443 359
1.5421864986419678 358
1.5524234771728516 357
1.560777187347412 357
1.5690317153930664 357
1.577808141708374 357
1.5858862400054932 357
1.5935578346252441 357
1.6028978824615479 357
1.6116571426391602 358
1.6198105812072754 359
1.6281373500823975 359
1.6372921466827393 359
1.6460108757019043 360
1.6543903350830078 360
1.66294527053833 360
1.6716594696044922 360
1.680176019668579 360
1.6888854503631592 359
1.6970043182373047 359
1.7059259414672852 359
1.714212417602539 359
1.722738265991211 358
1.7317345142364502 358
1.7430870532989502 358
1.7515149116516113 358
1.7613890171051025 358
1.7700066566467285 358
1.7790582180023193 358
1.7874901294708252 358
1.7976658344268799 359
1.8070907592773438 359
1.816697597503662 359
1.8239507675170898 359
1.8332624435424805 358
1.841397762298584 358
1.851583480834961 358
1.8607525825500488 358
1.8689889907836914 358
1.8783609867095947 358
1.891150712966919 359
1.8994698524475098 359
1.9094877243041992 359
1.9176576137542725 358
1.9257783889770508 358
1.9341514110565186 358
1.9436650276184082 358
1.9521195888519287 358
1.9613397121429443 358
1.9696390628814697 359
1.979010820388794 359
1.9871461391448975 359
1.9943222999572754 358
2.0041215419769287 358
2.014004945755005 358
2.022231101989746 358
2.0307421684265137 358
2.0396788120269775 358
2.048823118209839 359
2.0569374561309814 359
2.065870523452759 359
2.0735414028167725 358
2.0822575092315674 358
2.0903263092041016 358
2.098836660385132 358
2.106947183609009 358
2.116807222366333 359
2.1240053176879883 359
2.1332406997680664 359
2.1417970657348633 358
2.1499781608581543 358
2.158353328704834 358
2.1675615310668945 358
2.1764724254608154 358
2.1843574047088623 358
2.1928324699401855 359
2.2009239196777344 359
2.211137056350708 359
2.219320297241211 358
2.2274820804595947 358
2.236698627471924 358
2.2444491386413574 358
2.252945899963379 358
2.2617273330688477 358
2.270031690597534 358
2.2792153358459473 359
2.2912778854370117 359
2.299582004547119 359
2.308345079421997 358
2.3175599575042725 358
2.325608253479004 358
2.335845947265625 358
2.344275951385498 358
2.352799892425537 358
2.3639016151428223 358
2.3732340335845947 358
2.381378173828125 358
2.3901047706604004 359
2.398435592651367 359
2.4072768688201904 359
2.4164209365844727 358
2.423881769180298 358
2.433199644088745 358
2.4419732093811035 358
2.4502031803131104 358
2.458747386932373 358
2.4678311347961426 358
2.476717472076416 358
2.483938455581665 358
2.4921836853027344 359
2.5001823902130127 359
2.509305238723755 359
2.5183472633361816 358
2.526745557785034 358
2.535614013671875 358
2.5437753200531006 358
2.5519254207611084 358
2.560044527053833 358
2.5695571899414062 358
2.578756332397461 358
2.5868723392486572 357
2.594200849533081 357
2.6028945446014404 357
2.611337900161743 357
2.620236396789551 357
2.6289169788360596 357
2.6384432315826416 357
2.6468000411987305 357
2.653996706008911 357
2.662257432937622 357
2.6721396446228027 357
2.6801650524139404 357
2.693239450454712 357
2.7014684677124023 357
2.7101187705993652 357
2.71935772895813 357
2.727682590484619 357
2.7369701862335205 357
2.745659112930298 357
2.7534377574920654 357
2.761554002761841 357
2.7712152004241943 357
2.779407501220703 357
2.787538528442383 357
2.796053409576416 357
2.8043479919433594 357
2.8129801750183105 357
2.8219058513641357 357
2.8301939964294434 357
2.8399112224578857 357
2.848275661468506 357
2.8567371368408203 357
2.863956928253174 357
2.8756296634674072 357
2.8832850456237793 357
2.891430377960205 357
2.89955735206604 357
2.90871000289917 357
2.916836738586426 357
2.9257113933563232 357
2.934316635131836 357
2.9431145191192627 357
2.9511666297912598 357
2.9592912197113037 357
2.9673798084259033 357
2.9773099422454834 357
2.9844512939453125 357
2.993168354034424 357
3.0017387866973877 357
3.0103302001953125 357
3.0188324451446533 357
3.027766466140747 357
3.0375118255615234 357
3.0455567836761475 357
3.0533547401428223 357
3.061443567276001 357
3.0701398849487305 357
3.079524517059326 357
3.0915021896362305 357
3.0996859073638916 357
3.109480381011963 357
3.1178221702575684 357
3.127117872238159 357
3.13674259185791 357
3.1439411640167236 357
3.152172088623047 357
3.1601545810699463 357
3.1692941188812256 357
3.1783387660980225 357
3.1866848468780518 357
3.1938793659210205 357
3.203016519546509 357
3.2111287117004395 357
3.2192366123199463 357
3.228421926498413 357
3.2377142906188965 357
3.2457902431488037 357
3.257270097732544 357
3.2689990997314453 357
3.2891063690185547 357
3.3001773357391357 357
3.312957763671875 357
3.3240368366241455 357
3.339545249938965 357
3.3490259647369385 357
3.3571527004241943 357
3.3643481731414795 357
3.37349271774292 357
3.385713577270508 357
3.3934426307678223 357
3.40197491645813 357
3.411034345626831 357
3.4195852279663086 357
3.4277775287628174 357
3.4384138584136963 357
3.4468297958374023 357
3.4540297985076904 357
3.462286949157715 357
3.471306324005127 357
3.479459762573242 357
3.492138147354126 357
3.501332998275757 357
3.509739398956299 357
3.518141269683838 357
3.526036024093628 357
3.5373780727386475 357
3.5450544357299805 357
3.5531165599823 357
3.5612094402313232 357
3.5700063705444336 357
3.578354597091675 357
3.587697744369507 357
3.595775604248047 357
3.6040074825286865 357
3.6129729747772217 357
3.6210672855377197 357
3.6292333602905273 357
3.639678478240967 357
3.6481361389160156 357
3.6560511589050293 357
3.6637330055236816 357
3.6728968620300293 357
3.681027889251709 357
3.6900291442871094 357
3.698380708694458 357
3.7072489261627197 357
3.715876340866089 357
3.723554849624634 357
3.742764711380005 357
3.7510321140289307 357
3.759413242340088 357
3.768859386444092 357
3.776982545852661 357
3.784189462661743 357
3.794964075088501 357
3.803675413131714 357
3.8122410774230957 357
3.8211379051208496 357
3.8295981884002686 357
3.8403756618499756 357
3.849616050720215 357
3.859442710876465 357
3.8682281970977783 357
3.8763222694396973 357
3.8838510513305664 357
3.897830009460449 357
3.907130002975464 357
3.9142942428588867 357
3.9233925342559814 357
3.932405471801758 357
3.9423654079437256 357
3.950737953186035 357
3.9590797424316406 357
3.967979669570923 357
3.975918769836426 357
3.9836132526397705 357
3.992950677871704 357
4.0017335414886475 357
4.009978532791138 357
4.018352031707764 357
4.027397394180298 357
4.03710150718689 357
4.046062231063843 357
4.053699016571045 357
4.061888217926025 357
4.070794343948364 357
4.07914924621582 357
4.087265253067017 357
4.096397161483765 357
4.1042985916137695 357
4.112834215164185 357
4.120933294296265 357
4.129695177078247 357
4.138992071151733 357
4.1481711864471436 357
4.156049728393555 357
4.163875579833984 357
4.172725677490234 357
4.180445432662964 357
4.1890552043914795 357
4.1988584995269775 357
4.2070066928863525 357
4.214168310165405 357
4.222733974456787 357
4.232098817825317 357
4.240114450454712 357
4.249690294265747 357
4.257839202880859 357
4.266798734664917 357
4.2739880084991455 357
4.282283544540405 357
4.294265031814575 357
4.304012775421143 357
4.31280779838562 357
4.321054697036743 357
4.3297436237335205 356
4.339936971664429 356
4.3492796421051025 356
4.358223915100098 355
4.367985725402832 355
4.375927925109863 355
4.383634328842163 355
4.391817331314087 355
4.401774883270264 355
4.409882068634033 356
4.4183948040008545 356
4.426938056945801 356
4.436815977096558 356
4.444050550460815 356
4.45360803604126 356
4.461786270141602 356
4.470779180526733 356
4.479050397872925 355
4.48745584487915 356
4.495555639266968 356
4.504360198974609 356
4.512864828109741 356
4.5209455490112305 356
4.529621362686157 356
4.53967809677124 356
4.54817533493042 356
4.55730676651001 356
4.565811634063721 356
4.573423862457275 356
4.581600666046143 356
4.589725971221924 356
4.598830938339233 356
4.608113527297974 356
4.6160664558410645 356
4.623747825622559 356
4.633574962615967 356
4.642420530319214 356
4.650353193283081 356
4.659754276275635 356
4.668935298919678 356
4.677223205566406 356
4.6844024658203125 356
4.69777250289917 356
4.70726203918457 356
4.714949607849121 356
4.7231457233428955 356
4.737151861190796 356
4.744308710098267 356
4.752868890762329 356
4.7631895542144775 356
4.771336555480957 356
4.779476165771484 356
4.78777551651001 356
4.796088218688965 356
4.8037333488464355 356
4.813251972198486 356
4.821392774581909 356
4.830236911773682 356
4.839699029922485 356
4.848287582397461 356
4.8564043045043945 356
4.866024971008301 356
4.876831293106079 356
4.884167909622192 356
4.892726182937622 356
4.901453256607056 356
4.9107420444488525 356
4.919055461883545 356
4.9310009479522705 356
4.944021224975586 356
4.9522740840911865 356
4.962085962295532 356
4.970284700393677 356
4.978800296783447 356
4.986947536468506 356
4.995646715164185 356
