0 0
0.013880491256713867 0
0.0324091911315918 0
0.04894447326660156 1
0.0706624984741211 7
0.08907938003540039 14
0.09789061546325684 17
0.10662055015563965 22
0.11458730697631836 27
0.12396025657653809 32
0.1323697566986084 38
0.14175915718078613 43
0.15040850639343262 49
0.1618506908416748 56
0.17033720016479492 62
0.1788473129272461 68
0.1889820098876953 76
0.19775795936584473 82
0.20520734786987305 88
0.21416544914245605 94
0.22298836708068848 101
0.23122692108154297 107
0.2408754825592041 115
0.24971222877502441 121
0.25981616973876953 129
0.2683870792388916 137
0.2768409252166748 143
0.28478455543518066 150
0.2949810028076172 158
0.3037753105163574 164
0.31217312812805176 170
0.32062745094299316 179
0.33020782470703125 185
0.3436160087585449 196
0.3537118434906006 204
0.36298298835754395 213
0.3718259334564209 220
0.380230188369751 226
0.38905763626098633 234
0.39846181869506836 241
0.40685582160949707 247
0.41523313522338867 252
0.4247426986694336 258
0.4334983825683594 263
0.44275856018066406 268
0.45226335525512695 273
0.4612102508544922 279
0.47006702423095703 283
0.4784116744995117 288
0.4877314567565918 291
0.4967620372772217 295
0.5047030448913574 298
0.5135419368743896 300
0.523632287979126 305
0.5319435596466064 308
0.5402669906616211 311
0.5539150238037109 314
0.5647375583648682 316
0.5736720561981201 317
0.5820937156677246 318
0.5908229351043701 321
0.6005227565765381 324
0.6099727153778076 326
0.620974063873291 329
0.6323390007019043 331
0.6448867321014404 332
0.6584162712097168 335
0.6699347496032715 337
0.6819422245025635 340
0.6939561367034912 341
0.7076148986816406 341
0.7208423614501953 341
0.7305166721343994 342
0.7434923648834229 344
0.7539129257202148 346
0.7624599933624268 348
0.770824670791626 348
0.7796401977539062 348
0.7885847091674805 348
0.7980940341949463 349
0.8068253993988037 350
0.8148989677429199 352
0.8243110179901123 352
0.8334875106811523 352
0.8417081832885742 352
0.8521254062652588 352
0.860844612121582 353
0.8698678016662598 354
0.8782289028167725 355
0.8877384662628174 356
0.895118236541748 355
0.9048166275024414 355
0.9135890007019043 355
0.9229271411895752 356
0.9317629337310791 357
0.9402852058410645 357
0.9485836029052734 357
0.9620072841644287 356
0.9709241390228271 356
0.9798200130462646 356
0.9891231060028076 357
0.9976446628570557 358
1.0075736045837402 358
1.0184869766235352 356
1.0268826484680176 356
1.0351014137268066 355
1.0438556671142578 355
1.054800271987915 356
1.0636024475097656 357
1.0735273361206055 358
1.081831932067871 357
1.0906953811645508 356
1.0995137691497803 356
1.108973503112793 356
1.1180200576782227 358
1.1263360977172852 358
1.1346993446350098 358
1.1485214233398438 358
1.159630298614502 358
1.1682136058807373 358
1.1763875484466553 358
1.1847004890441895 357
1.1934607028961182 357
1.2017614841461182 357
1.2109665870666504 357
1.2200357913970947 357
1.2284228801727295 357
1.2376689910888672 357
1.2450315952301025 357
1.2567358016967773 357
1.2649147510528564 356
1.2744953632354736 356
1.283820390701294 357
1.2923672199249268 358
1.3007450103759766 358
1.3103010654449463 357
1.3192448616027832 356
1.3278279304504395 355
1.3366382122039795 356
1.3446385860443115 356
1.354621410369873 357
1.3641490936279297 357
1.372612714767456 357
1.3808138370513916 356
1.3899531364440918 356
1.39823317527771 356
1.40639066696167 356
1.4167499542236328 357
1.4245643615722656 357
1.4329237937927246 357
1.4423227310180664 356
1.4525365829467773 356
1.4620859622955322 356
1.4705531597137451 357
1.4792273044586182 358
1.4883968830108643 357
1.496807336807251 356
1.5048229694366455 356
1.514967679977417 356
1.5236425399780273 357
1.5321848392486572 357
1.5449044704437256 357
1.5565826892852783 355
1.565258264541626 354
1.574190378189087 354
1.5858020782470703 354
1.5941474437713623 355
1.6026115417480469 356
1.612236499786377 356
1.6210768222808838 356
1.6299796104431152 355
1.6383984088897705 354
1.6465721130371094 354
1.6564440727233887 355
1.665189504623413 355
1.6738457679748535 355
1.6827526092529297 354
1.6910715103149414 354
1.6997299194335938 354
1.7081315517425537 354
1.717902421951294 355
1.7258689403533936 355
1.734069585800171 355
1.7429428100585938 355
1.7528975009918213 354
1.7615761756896973 354
1.770939826965332 354
1.7800798416137695 355
1.7885596752166748 356
1.7969098091125488 356
1.8046958446502686 355
1.814884901046753 354
1.8236422538757324 354
1.8346269130706787 355
1.8430752754211426 356
1.852903127670288 356
1.861133098602295 356
1.8706915378570557 355
1.8799469470977783 354
1.8885557651519775 354
1.896848201751709 354
1.9047410488128662 355
1.9140288829803467 355
1.9235398769378662 355
1.9317817687988281 355
1.9442317485809326 354
1.9549670219421387 354
1.963782787322998 354
1.973015308380127 354
1.982177734375 354
1.9904887676239014 354
1.998936653137207 355
2.009188175201416 355
2.0191650390625 354
2.027651071548462 354
2.035006284713745 354
2.04366135597229 354
2.053622007369995 354
2.0618600845336914 354
2.071166753768921 354
2.0804717540740967 354
2.0898795127868652 354
2.0984551906585693 354
2.106663227081299 354
2.1150295734405518 354
2.1245362758636475 354
2.133042812347412 354
2.1411263942718506 354
2.150628089904785 354
2.160407066345215 354
2.1687889099121094 354
2.1784799098968506 354
2.1867194175720215 354
2.1946663856506348 354
2.203064441680908 354
2.2122535705566406 354
2.2215769290924072 354
2.2300479412078857 354
2.2382943630218506 353
2.247770309448242 353
2.25719952583313 353
2.2647831439971924 354
2.274378538131714 354
2.2837677001953125 354
2.292038679122925 353
2.300492525100708 352
2.309216260910034 352
2.3183326721191406 352
2.327761173248291 353
2.335202693939209 354
2.3497352600097656 353
2.35982608795166 352
2.368497610092163 350
2.378422975540161 350
2.386676788330078 351
2.3946473598480225 352
2.4031598567962646 352
2.4122378826141357 352
2.4204890727996826 352
2.4300334453582764 351
2.438458204269409 351
2.4477243423461914 352
2.4571502208709717 352
2.465226888656616 352
2.475226879119873 352
2.4841601848602295 352
2.4926111698150635 352
2.500838279724121 352
2.5100643634796143 352
2.5185153484344482 351
2.528053045272827 352
2.5363523960113525 352
2.5448286533355713 352
2.5548269748687744 352
2.563978910446167 352
2.5722641944885254 351
2.582763195037842 351
2.5909347534179688 351
2.600703477859497 351
2.6110095977783203 351
2.6196799278259277 352
2.6290440559387207 352
2.637535810470581 352
2.64579176902771 351
2.654947519302368 351
2.6641733646392822 350
2.6729135513305664 351
2.6831963062286377 352
2.6912596225738525 351
2.7000577449798584 350
2.709888219833374 350
2.7211008071899414 351
2.7346031665802 352
2.7537548542022705 352
2.7650930881500244 350
2.78063702583313 348
2.792569875717163 349
2.8040053844451904 350
2.812772512435913 352
2.8210790157318115 352
2.8297603130340576 352
2.839022159576416 351
2.8484420776367188 351
2.8578884601593018 351
2.865200996398926 351
2.874757766723633 351
2.884256362915039 351
2.8926026821136475 351
2.9008305072784424 350
2.910392999649048 350
2.9188616275787354 350
2.9275550842285156 351
2.9366140365600586 352
2.9450204372406006 351
2.9676647186279297 347
2.9776296615600586 346
2.9867372512817383 345
2.994683265686035 345
3.003039836883545 346
3.013213634490967 346
3.021758794784546 347
3.0303635597229004 347
3.0403037071228027 347
3.0485827922821045 346
3.058215618133545 347
3.066593647003174 348
3.078521728515625 348
3.088292360305786 347
3.0966219902038574 346
3.1045777797698975 346
3.1136109828948975 346
3.1218247413635254 347
3.130347490310669 348
3.1404869556427 348
3.153777599334717 348
3.1621406078338623 347
3.1706295013427734 347
3.180351734161377 347
3.1899352073669434 348
3.198293685913086 348
3.2077250480651855 348
3.2150356769561768 348
3.223740816116333 348
3.231981039047241 348
3.2419307231903076 348
3.2502052783966064 348
3.25961971282959 348
3.267963171005249 348
3.2766847610473633 348
3.2849745750427246 348
3.294478416442871 348
3.3027498722076416 349
3.312218427658081 349
3.3206369876861572 348
3.329618453979492 348
3.339552879333496 347
3.3480820655822754 348
3.3571932315826416 348
3.3647806644439697 348
3.3740949630737305 349
3.3831584453582764 349
3.392686128616333 348
3.4083967208862305 347
3.4168214797973633 346
3.4247324466705322 347
3.4335663318634033 348
3.443682909011841 349
3.453472375869751 349
3.4618148803710938 348
3.4708642959594727 347
3.4797449111938477 347
3.488210439682007 347
3.4978320598602295 348
3.5064892768859863 348
3.5144808292388916 348
3.522888422012329 348
3.5310447216033936 348
3.5402631759643555 348
3.555838108062744 348
3.5642175674438477 348
3.5736312866210938 348
3.583531141281128 348
3.5922694206237793 348
3.601524591445923 348
3.610546588897705 348
3.619051694869995 347
3.6277804374694824 347
3.635091543197632 347
3.6450016498565674 348
3.6543750762939453 348
3.66263747215271 348
3.671600580215454 348
3.6800262928009033 348
3.6892051696777344 347
3.698617935180664 348
3.708056926727295 348
3.7162394523620605 348
3.7240989208221436 348
3.7324628829956055 348
3.741103172302246 348
3.750889301300049 348
3.760255813598633 348
3.76953125 347
3.7779245376586914 347
3.7857894897460938 347
3.7943480014801025 347
3.804084062576294 347
3.812518358230591 347
3.8207409381866455 347
3.829495668411255 347
3.8390703201293945 347
3.848358392715454 346
3.8578007221221924 347
3.8651835918426514 347
3.874648332595825 347
3.883005142211914 347
3.891127347946167 347
3.9020612239837646 346
3.9106228351593018 346
3.9190735816955566 346
3.92765212059021 347
3.936645030975342 348
3.944570779800415 347
3.960416793823242 346
3.9697160720825195 344
3.9782018661499023 344
3.9864633083343506 344
3.9949212074279785 345
4.005048751831055 346
4.01382851600647 346
4.022092342376709 346
4.03037428855896 345
4.039739608764648 344
4.048306226730347 344
4.058419704437256 345
4.06786584854126 346
4.075750350952148 346
4.083990812301636 346
4.0945398807525635 345
4.104922771453857 344
4.113872051239014 344
4.122131586074829 344
4.130534648895264 345
4.139761209487915 346
4.148080825805664 346
4.157952308654785 345
4.165868520736694 344
4.174702405929565 344
4.183067560195923 345
4.191607475280762 346
4.200901508331299 346
4.210484504699707 346
4.218884468078613 345
4.227715492248535 344
4.236683368682861 344
4.244472026824951 344
4.2544732093811035 345
4.263005971908569 346
4.271752834320068 346
4.280323028564453 345
4.2889814376831055 345
4.297253847122192 345
4.307201147079468 346
4.314897775650024 346
4.323609828948975 346
4.332449674606323 345
4.340847969055176 345
4.354339361190796 345
4.3640217781066895 346
4.373534440994263 346
4.381852865219116 346
4.3902201652526855 346
4.399547338485718 345
4.408913612365723 344
4.417529344558716 344
4.4249587059021 344
4.434229612350464 345
4.442543983459473 345
4.45096230506897 345
4.460874795913696 345
4.4705281257629395 344
4.479113340377808 344
4.487787246704102 344
4.4950549602508545 344
4.504340410232544 345
4.514500856399536 345
4.522914886474609 345
4.5322105884552 344
4.540628433227539 343
4.549504518508911 343
4.560363292694092 344
4.569849252700806 344
4.578173637390137 345
4.5865325927734375 345
4.594517469406128 344
4.604656219482422 343
4.614673852920532 343
4.623464822769165 344
4.6326210498809814 344
4.6408915519714355 344
4.649748802185059 344
4.658866882324219 344
4.668642997741699 344
4.6768388748168945 344
4.684631586074829 344
4.692995309829712 344
4.702158689498901 344
4.710551023483276 344
4.720538139343262 344
4.728991270065308 344
4.738081693649292 344
4.746313571929932 344
4.760414361953735 344
4.770548343658447 344
4.779110670089722 344
4.787868499755859 344
4.799681186676025 344
4.810868501663208 344
4.823987722396851 344
4.838853597640991 344
4.849839448928833 344
4.862956523895264 344
4.8752217292785645 344
4.888106346130371 344
4.898935794830322 344
4.9078075885772705 344
4.91509485244751 344
4.924413204193115 344
4.933695316314697 344
4.942009210586548 343
4.951269865036011 343
4.960643291473389 343
4.970743894577026 344
4.979560852050781 345
4.987965822219849 345
4.9968132972717285 344
