0 0
0.015233278274536133 0
0.03752398490905762 0
0.058739662170410156 1
0.07564997673034668 6
0.08653450012207031 10
0.09539651870727539 14
0.1048736572265625 18
0.11328792572021484 22
0.12308335304260254 27
0.13261699676513672 32
0.1415386199951172 38
0.14953207969665527 42
0.1602330207824707 48
0.16937017440795898 52
0.17769980430603027 57
0.18722772598266602 61
0.1955568790435791 64
0.20542669296264648 69
0.21403145790100098 74
0.22324681282043457 78
0.23281574249267578 82
0.2417004108428955 87
0.24953317642211914 90
0.25811290740966797 94
0.26676011085510254 98
0.2757871150970459 101
0.2853107452392578 105
0.2936115264892578 109
0.30258917808532715 112
0.30993199348449707 115
0.31939053535461426 118
0.32767772674560547 122
0.3380732536315918 126
0.34629344940185547 129
0.35499143600463867 132
0.36336326599121094 135
0.37267541885375977 139
0.3800501823425293 142
0.389754056930542 145
0.3985912799835205 148
0.40717315673828125 150
0.41549158096313477 154
0.4298079013824463 159
0.43985986709594727 163
0.44870924949645996 166
0.45722389221191406 168
0.4655625820159912 170
0.47475123405456543 174
0.48314595222473145 176
0.49266672134399414 178
0.5014703273773193 182
0.5098223686218262 184
0.5195157527923584 186
0.5279288291931152 189
0.538116455078125 191
0.5465397834777832 194
0.5550065040588379 196
0.5633306503295898 198
0.5726795196533203 201
0.5800466537475586 203
0.5895993709564209 205
0.5979692935943604 207
0.6072373390197754 209
0.6160857677459717 212
0.6257679462432861 214
0.6351213455200195 216
0.6447904109954834 218
0.6531293392181396 220
0.6613731384277344 222
0.6717076301574707 224
0.6795711517333984 225
0.6889874935150146 228
0.6975202560424805 230
0.7068064212799072 231
0.7156684398651123 233
0.7251095771789551 234
0.7341346740722656 236
0.7435479164123535 238
0.7518744468688965 240
0.759857177734375 242
0.7692570686340332 244
0.7776923179626465 245
0.7859549522399902 246
0.7955381870269775 248
0.8046722412109375 250
0.8135988712310791 252
0.8275289535522461 254
0.8368768692016602 254
0.8461334705352783 256
0.854832649230957 257
0.8630986213684082 258
0.8719015121459961 260
0.879859447479248 262
0.8886220455169678 263
0.8987128734588623 264
0.9072024822235107 266
0.9161674976348877 267
0.9253747463226318 268
0.934581995010376 270
0.9436352252960205 271
0.9521775245666504 272
0.9598233699798584 273
0.9690890312194824 274
0.977424144744873 276
0.9857184886932373 276
0.9954864978790283 277
1.0048563480377197 279
1.0131301879882812 280
1.0230975151062012 282
1.0316615104675293 283
1.039661169052124 284
1.0491869449615479 285
1.0576796531677246 286
1.0668940544128418 286
1.0752785205841064 287
1.083601951599121 288
1.091825008392334 289
1.101759672164917 290
1.1096508502960205 292
1.119199275970459 293
1.1280369758605957 294
1.137389898300171 294
1.1473486423492432 295
1.1556825637817383 296
1.1651713848114014 297
1.1745707988739014 298
1.1845729351043701 299
1.192838430404663 300
1.2026948928833008 300
1.2100684642791748 300
1.2250211238861084 302
1.234734296798706 302
1.243126392364502 303
1.252777099609375 304
1.260117769241333 305
1.2693254947662354 306
1.2776496410369873 306
1.285895586013794 307
1.2948453426361084 307
1.3049590587615967 308
1.313232183456421 308
1.3225996494293213 309
1.3322157859802246 310
1.3398346900939941 311
1.348668098449707 312
1.3580384254455566 312
1.3670623302459717 313
1.3754358291625977 313
1.383941411972046 314
1.3922231197357178 314
1.4025702476501465 315
1.4099860191345215 316
1.4196512699127197 317
1.4289047718048096 317
1.4372217655181885 318
1.445549488067627 318
1.454972267150879 318
1.4637837409973145 318
1.4719526767730713 320
1.4800195693969727 320
1.4887239933013916 321
1.4975664615631104 322
1.5070743560791016 322
1.5154523849487305 322
1.5247735977172852 323
1.5346245765686035 323
1.542921781539917 324
1.5502710342407227 324
1.5599501132965088 324
1.5689976215362549 325
1.5773119926452637 326
1.58561372756958 326
1.5947942733764648 326
1.603076696395874 327
1.612877607345581 327
1.6333894729614258 328
1.6447868347167969 327
1.6577625274658203 326
1.669665813446045 328
1.6817231178283691 329
1.6949841976165771 330
1.707747220993042 330
1.7185084819793701 330
1.7271301746368408 331
1.7359483242034912 331
1.7447006702423096 332
1.7530272006988525 332
1.7632668018341064 332
1.7714545726776123 332
1.779456377029419 332
1.787708044052124 332
1.7968802452087402 333
1.805314302444458 333
1.814911127090454 334
1.8241307735443115 334
1.833366870880127 334
1.8422529697418213 334
1.8498241901397705 334
1.8599481582641602 334
1.8686575889587402 335
1.8768806457519531 336
1.8853695392608643 336
1.8941993713378906 336
1.9026985168457031 336
1.911604404449463 336
1.9201476573944092 336
1.9295601844787598 337
1.9379453659057617 338
1.9471650123596191 338
1.955594539642334 338
1.9655108451843262 338
1.9739794731140137 338
1.982248067855835 338
1.9898152351379395 338
1.9990530014038086 338
2.0091278553009033 339
2.0195276737213135 340
2.033135414123535 340
2.041329860687256 340
2.0497727394104004 340
2.059034585952759 340
2.068042516708374 341
2.0767648220062256 341
2.0851094722747803 341
2.0940487384796143 341
2.102288007736206 341
2.1098148822784424 341
2.1201140880584717 342
2.1292996406555176 342
2.137915849685669 342
2.146880626678467 342
2.1552107334136963 342
2.165348529815674 342
2.1736271381378174 342
2.1818292140960693 342
2.1896793842315674 342
2.201356887817383 342
2.2093465328216553 342
2.220055341720581 342
2.2292559146881104 342
2.237539529800415 342
2.2457685470581055 342
2.254997730255127 342
2.263784885406494 342
2.273097515106201 342
2.2812914848327637 342
2.289113759994507 342
2.2979588508605957 342
2.306067705154419 342
2.314876079559326 342
2.3257622718811035 342
2.3346126079559326 342
2.342942476272583 342
2.3516530990600586 342
2.3598480224609375 342
2.3693628311157227 342
2.377741813659668 342
2.3859612941741943 342
2.3953933715820312 342
2.4036641120910645 342
2.4118611812591553 342
2.4216129779815674 342
2.4349758625030518 342
2.443333387374878 342
2.452554702758789 342
2.4613544940948486 342
2.4701149463653564 342
2.4787721633911133 342
2.4870121479034424 342
2.4960367679595947 342
2.504692316055298 342
2.5129759311676025 342
2.5235424041748047 342
2.5317373275756836 342
2.5395615100860596 342
2.547801971435547 342
2.557661294937134 342
2.5659399032592773 342
2.575427293777466 342
2.5836610794067383 342
2.5928120613098145 342
2.6001176834106445 342
2.608747720718384 342
2.6190502643585205 342
2.6290392875671387 342
2.6373260021209717 342
2.6455657482147217 342
2.654050350189209 342
2.663086414337158 342
2.6719465255737305 342
2.6799209117889404 342
2.689115047454834 342
2.6973485946655273 342
2.707041025161743 342
2.7153306007385254 342
2.726001739501953 342
2.734888792037964 342
2.7431182861328125 342
2.751284599304199 342
2.759674072265625 342
2.76802134513855 342
2.777435302734375 342
2.785693883895874 342
2.7950761318206787 342
2.8032989501953125 342
2.811444044113159 342
2.820114850997925 342
2.83416748046875 342
2.842827796936035 342
2.8501126766204834 342
2.859548330307007 342
2.868713617324829 342
2.8777084350585938 342
2.8859827518463135 342
2.895108461380005 342
2.90336537361145 342
2.9115514755249023 342
2.9216959476470947 342
2.930814504623413 342
2.939023971557617 342
2.9472663402557373 342
2.956162214279175 342
2.9652955532073975 342
2.9738681316375732 342
2.9833269119262695 342
2.991955041885376 342
2.9997520446777344 342
3.008098840713501 342
3.0226690769195557 342
3.031606674194336 342
3.0395517349243164 342
3.0478098392486572 342
3.056849241256714 342
3.06524395942688 342
3.074141502380371 342
3.083493947982788 342
3.092890739440918 342
3.1002089977264404 342
3.1087982654571533 342
3.1179697513580322 342
3.1271238327026367 342
3.1361782550811768 342
3.1447360515594482 342
3.1535537242889404 342
3.1617424488067627 342
3.1695163249969482 342
3.1778199672698975 342
3.1880686283111572 342
3.196168899536133 342
3.2047741413116455 342
3.2136518955230713 342
3.224809408187866 342
3.237767457962036 342
3.246190309524536 342
3.25545597076416 342
3.2636544704437256 342
3.2718234062194824 342
3.2797348499298096 342
3.289537191390991 342
3.297790765762329 342
3.305989980697632 342
3.3225960731506348 342
3.3299460411071777 342
3.339561700820923 342
3.3479251861572266 342
3.356743335723877 342
3.365145206451416 342
3.3741960525512695 342
3.382667064666748 342
3.3926608562469482 342
3.400055408477783 342
3.4086625576019287 342
3.4176626205444336 342
3.4259026050567627 342
3.4353363513946533 342
3.443662643432617 342
3.4528419971466064 342
3.4601449966430664 342
3.4688045978546143 342
3.477590560913086 342
3.487706422805786 342
3.495962381362915 342
3.5047454833984375 342
3.5131218433380127 342
3.521920680999756 342
3.529714584350586 342
3.539243221282959 342
3.5476081371307373 342
3.556795120239258 342
3.5651679039001465 342
3.5736355781555176 342
3.5833699703216553 342
3.5928680896759033 342
3.6001689434051514 342
3.6088008880615234 342
3.618832588195801 342
3.6313211917877197 342
3.640239715576172 342
3.6496353149414062 342
3.658524990081787 342
3.666619062423706 342
3.6750662326812744 342
3.6842610836029053 342
3.6947295665740967 342
3.70599627494812 342
3.718909502029419 342
3.731616497039795 342
3.744144916534424 342
3.7562897205352783 342
3.7680647373199463 342
3.7787015438079834 342
3.7875943183898926 342
3.7970173358917236 342
3.8053195476531982 342
3.813915967941284 342
3.8237979412078857 342
3.831880569458008 342
3.8409225940704346 342
3.849560499191284 342
3.85780930519104 342
3.8660390377044678 342
3.874837636947632 342
3.883774757385254 342
3.8938868045806885 342
3.9019463062286377 342
3.9097352027893066 342
3.9196925163269043 342
3.9280574321746826 342
3.9365432262420654 342
3.945808172225952 342
3.9551963806152344 342
3.9634945392608643 342
3.971709966659546 342
3.9795045852661133 342
3.996598720550537 342
4.006126165390015 342
4.015291690826416 342
4.027967929840088 342
4.039901256561279 342
4.053272247314453 342
4.061420917510986 342
4.069189786911011 342
4.077511548995972 342
4.087005853652954 342
4.101639747619629 342
4.111252784729004 342
4.121465682983398 342
4.129286766052246 342
4.1376330852508545 342
4.147523641586304 342
4.155898094177246 342
4.164618253707886 342
4.172996282577515 342
4.1818695068359375 342
4.189695835113525 342
4.199689626693726 342
4.208025217056274 342
4.217800617218018 342
4.226003408432007 342
4.234767913818359 342
4.243005275726318 342
4.252947568893433 342
4.260228633880615 342
4.268836259841919 342
4.277035713195801 342
4.285983324050903 342
4.295214653015137 342
4.304744243621826 342
4.313377857208252 342
4.322753667831421 342
4.3300745487213135 342
4.338719606399536 342
4.347690105438232 342
4.357246398925781 342
4.365564584732056 342
4.373978137969971 342
4.382900714874268 342
4.390233755111694 342
4.399630069732666 342
4.408033132553101 342
4.4180378913879395 342
4.426167964935303 342
4.438115119934082 342
4.447435617446899 342
4.457038640975952 342
4.46542501449585 342
4.473978519439697 342
4.4829628467559814 342
4.490755796432495 342
4.4990222454071045 342
4.508961200714111 342
4.518628120422363 342
4.526882171630859 342
4.535357475280762 342
4.543922662734985 342
4.553635358810425 342
4.561889886856079 342
4.569662570953369 342
4.5789501667022705 342
4.58720064163208 342
4.595582485198975 342
4.605069160461426 342
4.6146323680877686 342
4.625568389892578 342
4.634027004241943 342
4.6422271728515625 342
4.650294542312622 342
4.65995192527771 342
4.668642044067383 342
4.677475929260254 342
4.685732126235962 342
4.694195985794067 342
4.7026636600494385 342
4.712956428527832 342
4.721888780593872 342
4.729673624038696 342
4.738018035888672 342
4.747158765792847 342
4.756273031234741 342
4.764941453933716 342
4.773353099822998 342
4.7822487354278564 342
4.789821624755859 342
4.798238277435303 342
4.808475732803345 342
4.818626165390015 342
4.826828479766846 342
4.839132785797119 342
4.848062038421631 342
4.857429027557373 342
4.865851640701294 342
4.874513864517212 342
4.883444547653198 342
4.891646862030029 342
4.899678468704224 342
4.910212516784668 342
4.919561147689819 342
4.927810192108154 342
4.936122179031372 342
4.945208787918091 342
4.953607797622681 342
4.963056564331055 342
4.970828056335449 342
4.979705572128296 342
4.988044738769531 342
4.996149301528931 342
