0 0
0.014087438583374023 0
0.03400444984436035 0
0.056787967681884766 1
0.09117388725280762 9
0.10714077949523926 15
0.11667537689208984 20
0.12522292137145996 24
0.1351456642150879 30
0.15678691864013672 43
0.16797327995300293 51
0.1768655776977539 56
0.1855309009552002 64
0.1939077377319336 69
0.20438694953918457 76
0.21379399299621582 84
0.22238469123840332 90
0.2311241626739502 97
0.2441117763519287 106
0.25387096405029297 114
0.2628471851348877 120
0.2716388702392578 131
0.2856173515319824 139
0.29400062561035156 154
0.32276487350463867 168
0.3461925983428955 187
0.35692429542541504 195
0.36637187004089355 204
0.37509870529174805 210
0.3835153579711914 216
0.393049955368042 225
0.404935359954834 236
0.4147515296936035 243
0.42347073554992676 249
0.4324324131011963 258
0.44101953506469727 264
0.4490323066711426 271
0.4581165313720703 279
0.46762752532958984 286
0.4760758876800537 294
0.48474955558776855 300
0.4934680461883545 307
0.5028798580169678 315
0.519402265548706 328
0.5396590232849121 346
0.5709326267242432 356
0.5808196067810059 358
0.5882539749145508 359
0.5975019931793213 360
0.6070678234100342 359
0.6169834136962891 358
0.6268885135650635 358
0.6356375217437744 358
0.6477718353271484 359
0.6563611030578613 360
0.6668829917907715 360
0.6752347946166992 359
0.6835300922393799 358
0.6917991638183594 358
0.701056718826294 359
0.7107651233673096 359
0.7197341918945312 359
0.7277514934539795 359
0.7366912364959717 358
0.7629616260528564 362
0.7839658260345459 362
0.802323579788208 360
0.8134119510650635 358
0.8232464790344238 356
0.8322436809539795 355
0.840947151184082 355
0.8482537269592285 356
0.8579847812652588 357
0.8722655773162842 358
0.8835179805755615 358
0.8954291343688965 357
0.9075915813446045 356
0.9222533702850342 357
0.9341821670532227 358
0.946082592010498 360
0.9568378925323486 360
0.982917070388794 356
1.0043792724609375 352
1.0152833461761475 351
1.033738136291504 352
1.0468926429748535 355
1.0555615425109863 357
1.0642645359039307 358
1.075878620147705 359
1.0849976539611816 359
1.0951671600341797 359
1.1035115718841553 358
1.1129400730133057 358
1.121309518814087 358
1.1316123008728027 358
1.1398329734802246 358
1.1477820873260498 358
1.156116008758545 358
1.1654598712921143 358
1.188974380493164 358
1.2068393230438232 357
1.2236049175262451 358
1.2423722743988037 358
1.2509562969207764 358
1.2582392692565918 358
1.2673113346099854 358
1.275726318359375 357
1.2866318225860596 357
1.2953696250915527 356
1.3036015033721924 357
1.3136229515075684 357
1.3221168518066406 357
1.332834005355835 357
1.3410990238189697 357
1.3484046459197998 357
1.3570489883422852 357
1.365563154220581 356
1.3738272190093994 356
1.3834807872772217 357
1.3927030563354492 358
1.4011943340301514 358
1.4100942611694336 358
1.4239161014556885 357
1.448359489440918 355
1.4810938835144043 356
1.4920783042907715 359
1.5009241104125977 360
1.5100693702697754 361
1.5180320739746094 361
1.5272047519683838 360
1.5382237434387207 358
1.5469777584075928 357
1.5553345680236816 356
1.5643064975738525 356
1.57293701171875 357
1.5812926292419434 357
1.5912339687347412 357
1.5994131565093994 356
1.608161211013794 356
1.616830587387085 356
1.625884771347046 356
1.634725570678711 356
1.6438965797424316 356
1.6523869037628174 356
1.6641511917114258 355
1.687528371810913 356
1.713780164718628 358
1.7242774963378906 360
1.7369213104248047 359
1.7527275085449219 357
1.7683351039886475 355
1.7771368026733398 355
1.7869172096252441 355
1.7969510555267334 356
1.8058817386627197 356
1.8141217231750488 356
1.8233437538146973 356
1.8316550254821777 356
1.845334529876709 356
1.85369873046875 356
1.8631794452667236 356
1.8716089725494385 356
1.879817008972168 356
1.8876581192016602 356
1.8975467681884766 356
1.9069364070892334 356
1.9227385520935059 355
1.9320135116577148 355
1.952225923538208 356
1.9681570529937744 356
1.9912497997283936 356
2.0014705657958984 355
2.0135045051574707 354
2.0239498615264893 354
2.0327341556549072 355
2.0416207313537598 356
2.0517497062683105 356
2.0599563121795654 355
2.0679171085357666 354
2.0763626098632812 354
2.0854523181915283 354
2.0947353839874268 355
2.1033880710601807 356
2.1128878593444824 356
2.121638774871826 355
2.1299328804016113 354
2.137758493423462 354
2.1476669311523438 354
2.156061887741089 355
2.170363426208496 356
2.1781842708587646 355
2.2043137550354004 352
2.2299206256866455 352
2.238907814025879 354
2.25382137298584 356
2.262723922729492 356
2.2711844444274902 356
2.2800397872924805 356
2.28983998298645 355
2.298961877822876 354
2.3089654445648193 355
2.317789077758789 356
2.3263494968414307 356
2.3344171047210693 356
2.3437788486480713 355
2.3537440299987793 354
2.362215518951416 353
2.3707809448242188 354
2.3790123462677 354
2.38718843460083 355
2.3956642150878906 355
2.4203641414642334 352
2.4369375705718994 351
2.4617013931274414 351
2.4731099605560303 353
2.4823949337005615 355
2.4909744262695312 356
2.4983506202697754 356
2.5097615718841553 355
2.5176711082458496 354
2.5274877548217773 354
2.5357987880706787 354
2.5448999404907227 354
2.5547242164611816 354
2.5631229877471924 354
2.571558952331543 354
2.5809271335601807 354
2.588222026824951 354
2.596881866455078 354
2.6071510314941406 354
2.615901231765747 353
2.624147415161133 353
2.6328046321868896 353
2.6511714458465576 353
2.66115665435791 353
2.6689095497131348 353
2.6899964809417725 353
2.706821918487549 353
2.727356433868408 353
2.737166404724121 353
2.7463436126708984 353
2.755730152130127 353
2.7661101818084717 353
2.775268793106079 353
2.7835779190063477 353
2.7919087409973145 353
2.8007874488830566 353
2.8116371631622314 353
2.8199105262756348 353
2.8278377056121826 353
2.8366265296936035 353
2.8451576232910156 353
2.8534586429595947 353
2.863346815109253 353
2.8716187477111816 353
2.8810739517211914 353
2.8883824348449707 353
2.8970134258270264 353
2.9063501358032227 353
2.91615891456604 353
2.9242873191833496 354
2.9382340908050537 351
2.977288007736206 345
3.0076355934143066 343
3.0222227573394775 345
3.0336129665374756 348
3.0511562824249268 351
3.06164288520813 352
3.069962978363037 352
3.078252077102661 351
3.0869293212890625 351
3.095323324203491 351
3.103571891784668 351
3.113858222961426 352
3.122725248336792 352
3.1309640407562256 352
3.138291835784912 351
3.1471481323242188 351
3.155869245529175 352
3.1653597354888916 352
3.1741416454315186 352
3.182948589324951 352
3.1913156509399414 351
3.199944257736206 350
3.2089850902557373 350
3.2179973125457764 351
3.226849317550659 352
3.2352380752563477 352
3.244218111038208 352
3.2528433799743652 351
3.2611730098724365 350
3.2717814445495605 350
3.280008554458618 350
3.287806987762451 351
3.2961437702178955 351
3.306723117828369 351
3.3158178329467773 351
3.3241472244262695 351
3.332817792892456 350
3.342050313949585 350
3.3506922721862793 350
3.3580517768859863 351
3.3677406311035156 351
3.376850128173828 351
3.3850903511047363 350
3.3934121131896973 350
3.401703119277954 350
3.4114928245544434 350
3.4211065769195557 350
3.4289000034332275 351
3.4378488063812256 351
3.451242446899414 350
3.459446668624878 350
3.4681830406188965 350
3.4777042865753174 350
3.4862418174743652 350
3.4943974018096924 350
3.503068685531616 350
3.5129897594451904 350
3.522287607192993 350
3.53590989112854 350
3.5560741424560547 350
3.577733039855957 350
3.595219612121582 350
3.605821132659912 350
3.6142988204956055 350
3.623741626739502 350
3.6321749687194824 350
3.641481399536133 350
3.650796890258789 350
3.6581337451934814 350
3.6669270992279053 350
3.676848888397217 350
3.6856629848480225 350
3.6938817501068115 350
3.703080892562866 350
3.712238311767578 350
3.7207984924316406 350
3.7298407554626465 350
3.7381739616394043 350
3.7469325065612793 350
3.7551286220550537 350
3.7634012699127197 350
3.772152900695801 350
3.781555652618408 350
3.7907726764678955 350
3.7980306148529053 350
3.814143657684326 350
3.823255777359009 350
3.85437273979187 350
3.871955633163452 350
3.895695924758911 350
3.907073497772217 350
3.915432929992676 350
3.9250097274780273 350
3.9350948333740234 350
3.943368911743164 349
3.9516727924346924 349
3.9599177837371826 349
3.9689414501190186 349
3.977147340774536 350
3.9863882064819336 350
4.002939939498901 348
4.012361288070679 347
4.021067142486572 347
4.028408050537109 347
4.038374185562134 347
4.047077894210815 348
4.055368185043335 348
4.063697576522827 349
4.073028802871704 348
4.0824198722839355 348
4.097182989120483 348
4.123006105422974 352
4.1462318897247314 354
4.156968832015991 354
4.167150497436523 352
4.17558479309082 350
4.18500542640686 349
4.193901300430298 349
4.203248500823975 349
4.21364426612854 350
4.2223639488220215 350
4.23084831237793 350
4.240642786026001 349
4.253281831741333 348
4.2620344161987305 348
4.271272897720337 348
4.279541969299316 348
4.288301229476929 349
4.297561168670654 349
4.308140993118286 349
4.316846132278442 348
4.325305223464966 348
4.334045648574829 348
4.343569040298462 348
4.352007627487183 348
4.360074281692505 348
4.368952035903931 348
4.377178907394409 348
4.3868162631988525 348
4.395223379135132 348
4.418024301528931 348
4.4356324672698975 348
4.4527976512908936 348
4.47080135345459 348
4.478144407272339 348
4.487703323364258 348
4.496088981628418 348
4.506763458251953 348
4.51619291305542 348
4.524673223495483 348
4.533721446990967 348
4.543346166610718 348
4.5516204833984375 348
4.55986213684082 348
4.568341016769409 348
4.576953411102295 348
4.585160732269287 348
4.594243049621582 348
4.603582859039307 348
4.612956523895264 348
4.62334680557251 347
4.633274078369141 347
4.64315390586853 347
4.655787467956543 348
4.665208578109741 348
4.67369818687439 348
4.687756776809692 347
4.719742059707642 345
4.727704286575317 345
4.739609956741333 346
4.762231111526489 348
4.772272348403931 349
4.781097173690796 348
4.789405107498169 347
4.800954103469849 346
4.810837268829346 346
4.818190097808838 347
4.827797889709473 348
4.836250305175781 348
4.845690965652466 348
4.853956699371338 347
4.862857818603516 346
4.871114253997803 346
4.894376039505005 348
4.9131760597229 351
4.921696424484253 352
4.949811935424805 349
4.959872484207153 347
4.967978000640869 345
4.976906776428223 344
4.9858198165893555 344
4.996083974838257 344
