0 0
0.018997669219970703 0
0.03735995292663574 0
0.05400204658508301 2
0.0730125904083252 6
0.08989071846008301 14
0.10765600204467773 18
0.11594414710998535 19
0.1252155303955078 20
0.1346592903137207 21
0.14296650886535645 22
0.15088248252868652 24
0.1619105339050293 27
0.16979050636291504 30
0.17865252494812012 31
0.18692612648010254 33
0.19586181640625 33
0.20468735694885254 35
0.2150421142578125 38
0.22547578811645508 41
0.23408055305480957 43
0.24261689186096191 43
0.2500760555267334 44
0.26175403594970703 45
0.2696826457977295 46
0.27814531326293945 47
0.28681373596191406 50
0.2956399917602539 53
0.30405092239379883 54
0.3135242462158203 55
0.32189464569091797 55
0.33084535598754883 57
0.3390624523162842 59
0.34748196601867676 62
0.356065034866333 65
0.3670637607574463 66
0.3756561279296875 67
0.38421106338500977 67
0.3934633731842041 69
0.4017331600189209 70
0.41572999954223633 73
0.4252445697784424 73
0.4340851306915283 73
0.4426240921020508 74
0.44995737075805664 75
0.46193623542785645 77
0.4698750972747803 80
0.47866153717041016 81
0.4874691963195801 83
0.4969966411590576 83
0.5057947635650635 84
0.5153598785400391 85
0.524146318435669 87
0.5334851741790771 89
0.542682409286499 91
0.5501279830932617 92
0.5619528293609619 93
0.5703129768371582 92
0.5791072845458984 91
0.5875015258789062 92
0.5963237285614014 92
0.605003833770752 93
0.6146242618560791 95
0.6242237091064453 97
0.6327788829803467 99
0.641796350479126 100
0.6500136852264404 101
0.6617438793182373 103
0.6708588600158691 105
0.6798033714294434 106
0.6889424324035645 107
0.6973156929016113 107
0.7056849002838135 107
0.7153558731079102 108
0.7250804901123047 109
0.7340810298919678 112
0.7426915168762207 113
0.7501206398010254 115
0.7602336406707764 115
0.7697632312774658 115
0.7789344787597656 115
0.7872774600982666 117
0.7966241836547852 118
0.808955192565918 121
0.8186361789703369 121
0.8278286457061768 121
0.8362150192260742 121
0.8449039459228516 122
0.8533387184143066 124
0.8633008003234863 125
0.8728523254394531 127
0.8801693916320801 127
0.8896749019622803 127
0.8980591297149658 128
0.9062812328338623 129
0.9152412414550781 131
0.9251053333282471 133
0.9334871768951416 133
0.9418437480926514 134
0.9496860504150391 135
0.9598023891448975 136
0.96938157081604 137
0.9786646366119385 137
0.9872763156890869 139
0.9955885410308838 139
1.004037618637085 141
1.0126948356628418 141
1.022900104522705 142
1.0301733016967773 143
1.0390408039093018 144
1.0474588871002197 146
1.0613327026367188 147
1.069200038909912 147
1.0787928104400635 147
1.0886874198913574 149
1.0973193645477295 150
1.1057031154632568 152
1.1141908168792725 153
1.1245861053466797 153
1.132967472076416 154
1.1403234004974365 154
1.1492350101470947 155
1.159229040145874 156
1.167569637298584 157
1.177039384841919 157
1.1861090660095215 159
1.1949083805084229 159
1.2032113075256348 160
1.2168688774108887 161
1.227116584777832 161
1.2377545833587646 161
1.2468788623809814 163
1.256065845489502 165
1.2653565406799316 166
1.2751452922821045 167
1.2835326194763184 167
1.2928564548492432 167
1.3002119064331055 168
1.3089087009429932 169
1.317307472229004 171
1.327171802520752 172
1.3390045166015625 172
1.3474302291870117 172
1.3563034534454346 172
1.3656325340270996 173
1.3741154670715332 175
1.3835480213165283 177
1.39324951171875 178
1.4014718532562256 178
1.4095783233642578 178
1.4189252853393555 178
1.4282779693603516 179
1.436798334121704 180
1.4452900886535645 182
1.4541022777557373 183
1.4631972312927246 183
1.4715099334716797 183
1.480198621749878 183
1.4895503520965576 184
1.497990608215332 185
1.5061898231506348 187
1.5150890350341797 187
1.5241689682006836 187
1.5336811542510986 187
1.5419414043426514 188
1.550269365310669 189
1.5597984790802002 191
1.568655014038086 191
1.5772712230682373 191
1.5874385833740234 191
1.5962426662445068 192
1.6050477027893066 193
1.6187849044799805 196
1.6272304058074951 196
1.6369109153747559 196
1.6453666687011719 196
1.6547911167144775 197
1.6651222705841064 199
1.6734859943389893 201
1.683511734008789 202
1.6917612552642822 202
1.700232744216919 202
1.7089409828186035 201
1.71805739402771 202
1.7262074947357178 203
1.7357568740844727 204
1.745180368423462 205
1.7549662590026855 204
1.7642264366149902 203
1.7728087902069092 203
1.7801737785339355 203
1.7899680137634277 203
1.7988104820251465 205
1.807192087173462 206
1.8162214756011963 207
1.8248870372772217 206
1.8342804908752441 205
1.8428504467010498 205
1.8514728546142578 205
1.860180377960205 206
1.8689663410186768 207
1.8775217533111572 209
1.8876709938049316 210
1.8958897590637207 210
1.9052412509918213 209
1.9136240482330322 209
1.922985553741455 209
1.930842399597168 210
1.9400992393493652 212
1.949404239654541 213
1.958843469619751 214
1.9675424098968506 214
1.9778470993041992 213
1.991959571838379 213
2.0042505264282227 215
2.0248231887817383 217
2.0379648208618164 218
2.050255060195923 217
2.0642619132995605 217
2.0736653804779053 219
2.0827198028564453 220
2.0917916297912598 220
2.099702835083008 219
2.108952522277832 219
2.1180858612060547 219
2.1263129711151123 220
2.1355295181274414 222
2.1450257301330566 223
2.1539711952209473 224
2.1631081104278564 224
2.1709985733032227 224
2.179372549057007 225
2.188800573348999 226
2.198122024536133 227
2.207287311553955 227
2.216156005859375 228
2.2249627113342285 229
2.2334539890289307 230
2.243112802505493 230
2.2519371509552 229
2.2636830806732178 229
2.2719228267669678 229
2.2803025245666504 230
2.2890985012054443 232
2.2987968921661377 233
2.3070805072784424 234
2.316798686981201 235
2.325244426727295 235
2.333550214767456 235
2.3429934978485107 235
2.3519208431243896 235
2.360821008682251 237
2.3691446781158447 238
2.3862998485565186 240
2.395759105682373 240
2.4042580127716064 240
2.417731523513794 241
2.4261224269866943 241
2.434997797012329 243
2.4450981616973877 243
2.4538397789001465 242
2.4632503986358643 241
2.471585512161255 241
2.479975700378418 242
2.4888038635253906 243
2.4982407093048096 245
2.5066514015197754 245
2.5160326957702637 244
2.524847984313965 243
2.5333499908447266 243
2.5417497158050537 245
2.5517802238464355 245
2.560091972351074 245
2.5687685012817383 244
2.5773191452026367 245
2.5862643718719482 245
2.5950238704681396 246
2.604684829711914 247
2.613426446914673 247
2.6226298809051514 247
2.6299350261688232 247
2.6386466026306152 247
2.6485936641693115 247
2.65859317779541 249
2.667041540145874 250
2.6754496097564697 251
2.684792995452881 251
2.6931891441345215 251
2.70281982421875 250
2.711510419845581 250
2.719890832901001 251
2.7287349700927734 252
2.737107038497925 253
2.746140241622925 253
2.755615234375 252
2.766176223754883 251
2.7750260829925537 251
2.7836711406707764 252
2.792233943939209 253
2.8016552925109863 253
2.8151707649230957 253
2.8236072063446045 253
2.8318679332733154 253
2.8399784564971924 254
2.8508172035217285 255
2.859877824783325 255
2.8687100410461426 255
2.8776278495788574 254
2.8859825134277344 254
2.8948309421539307 255
2.904208183288574 256
2.9134747982025146 256
2.921773672103882 256
2.929934024810791 255
2.9386918544769287 255
2.947284698486328 256
2.957836866378784 257
2.9662389755249023 257
2.97489333152771 257
2.9839258193969727 256
2.992544412612915 256
2.9999077320098877 257
3.0100209712982178 258
3.0188519954681396 259
3.027740478515625 258
3.0361249446868896 257
3.0454635620117188 256
3.05509352684021 256
3.0676686763763428 258
3.0770962238311768 259
3.0854995250701904 259
3.094045639038086 258
3.1026182174682617 257
3.112948179244995 257
3.1232454776763916 258
3.131587505340576 259
3.139712333679199 260
3.148796558380127 260
3.1590704917907715 259
3.1674885749816895 258
3.177996873855591 258
3.18613338470459 258
3.1950509548187256 259
3.203362226486206 259
3.217346429824829 260
3.2258052825927734 261
3.235257863998413 261
3.2440547943115234 260
3.2527835369110107 260
3.262608051300049 261
3.270071029663086 261
3.2793209552764893 262
3.2877888679504395 262
3.2960054874420166 262
3.3048315048217773 261
3.314986228942871 262
3.3233516216278076 262
3.332872152328491 263
3.341609239578247 263
3.3494210243225098 263
3.3597309589385986 263
3.3680968284606934 263
3.3773622512817383 263
3.385608434677124 263
3.399867057800293 265
3.409116744995117 265
3.4187238216400146 264
3.42706561088562 263
3.4360649585723877 263
3.4454729557037354 263
3.45385479927063 264
3.4640586376190186 265
3.4731249809265137 265
3.4814157485961914 264
3.489515542984009 263
3.4980976581573486 263
3.5073704719543457 263
3.516904830932617 265
3.5253992080688477 265
3.533822536468506 265
3.5430521965026855 264
3.551384925842285 263
3.560183048248291 263
3.569716691970825 265
3.5788934230804443 265
3.587191104888916 265
3.595458745956421 265
3.603851079940796 265
3.6186439990997314 265
3.6270315647125244 265
3.635484218597412 265
3.644690990447998 265
3.653087854385376 265
3.6631875038146973 265
3.6732635498046875 265
3.681485891342163 265
3.692243814468384 265
3.699803590774536 265
3.7089624404907227 265
3.7188496589660645 265
3.727168560028076 265
3.7355923652648926 265
3.744959592819214 265
3.7531497478485107 265
3.7622227668762207 265
3.771806478500366 265
3.7795822620391846 265
3.787841796875 265
3.796165704727173 265
3.805337429046631 265
3.8135929107666016 265
3.822991371154785 265
3.830289840698242 265
3.839571475982666 265
3.8478481769561768 265
3.8566250801086426 265
3.865658760070801 265
3.8755218982696533 265
3.883852958679199 265
3.891928195953369 265
3.899685859680176 265
3.9088423252105713 265
3.917325735092163 265
3.926614284515381 265
3.934998035430908 265
3.94384503364563 265
3.952820301055908 265
3.9617295265197754 265
3.971768379211426 265
3.979701519012451 265
3.988046884536743 265
3.9961743354797363 265
4.005627155303955 265
4.017656564712524 265
4.027296781539917 265
4.035812139511108 265
4.0449700355529785 265
4.053541898727417 265
4.066119909286499 265
4.079479455947876 265
4.091538190841675 265
4.1042187213897705 265
4.115382432937622 265
4.128232955932617 265
4.138772010803223 265
4.14703893661499 265
4.156110048294067 265
4.165261268615723 265
4.1754889488220215 265
4.183952331542969 265
4.192646741867065 265
4.2025556564331055 265
4.209967851638794 265
4.218800067901611 265
4.22796630859375 265
4.237194299697876 265
4.245476722717285 265
4.254306316375732 265
4.263849973678589 265
4.273045301437378 265
4.282278776168823 265
4.2898619174957275 265
4.2982847690582275 265
4.307220220565796 265
4.315622806549072 264
4.324087619781494 264
4.333561182022095 264
4.342686414718628 264
4.350046634674072 264
4.359907865524292 264
4.3691277503967285 264
4.378732919692993 263
4.387201547622681 263
4.395660400390625 263
4.404635906219482 263
4.412984371185303 263
4.425027132034302 263
4.435049057006836 263
4.443458795547485 262
4.451904535293579 262
4.462276458740234 262
4.47088360786438 263
4.47996711730957 263
4.488677263259888 262
4.497089147567749 262
4.505858421325684 261
4.514702320098877 262
4.523318529129028 262
4.532838582992554 262
4.541811466217041 261
4.549728870391846 261
4.559235095977783 261
4.568706512451172 261
4.57715106010437 262
4.586596488952637 262
4.595006227493286 261
4.604225158691406 261
4.612759113311768 260
4.620180368423462 260
4.6288557052612305 260
4.639084577560425 260
4.647362232208252 261
4.656025648117065 260
4.667289733886719 260
4.675630331039429 259
4.685074806213379 260
4.693618535995483 261
4.703261852264404 261
4.713836908340454 259
4.722299098968506 259
4.729893684387207 259
4.739724397659302 259
4.748103618621826 259
4.757058620452881 259
4.766864061355591 259
4.775414705276489 258
4.785099983215332 257
4.793497562408447 257
4.802757978439331 258
4.810166120529175 258
4.824194431304932 258
4.833366870880127 257
4.842990875244141 256
4.851308584213257 255
4.8599934577941895 255
4.869879484176636 257
4.878794193267822 257
4.887987375259399 257
4.8961265087127686 257
4.905154228210449 256
4.913928985595703 255
4.922322034835815 255
4.92990255355835 255
4.939858675003052 255
4.948651552200317 256
4.957262277603149 255
4.967040777206421 255
4.975393056869507 254
4.983984470367432 254
4.993540048599243 254
