0 0
0.015481710433959961 0
0.03212618827819824 0
0.04986286163330078 2
0.06948280334472656 6
0.08876752853393555 14
0.10002350807189941 19
0.11432671546936035 27
0.12305140495300293 32
0.13097047805786133 36
0.14033174514770508 44
0.15035557746887207 49
0.15918827056884766 54
0.1675879955291748 61
0.17634868621826172 67
0.18512630462646484 73
0.19365167617797852 80
0.20328545570373535 86
0.21239733695983887 93
0.22013401985168457 100
0.228928804397583 106
0.23951005935668945 113
0.24962997436523438 121
0.2582254409790039 129
0.26645946502685547 135
0.2762916088104248 143
0.2850532531738281 150
0.29345250129699707 156
0.3029959201812744 164
0.3118710517883301 172
0.31994199752807617 178
0.32875823974609375 185
0.33806800842285156 193
0.3472411632537842 200
0.3588695526123047 209
0.3701362609863281 219
0.3843717575073242 231
0.395890474319458 240
0.4091801643371582 250
0.4209914207458496 262
0.43323802947998047 270
0.4434032440185547 278
0.45288634300231934 287
0.4603385925292969 294
0.4690876007080078 300
0.4789009094238281 308
0.48733997344970703 315
0.49585843086242676 323
0.505634069442749 332
0.5194933414459229 341
0.5279488563537598 349
0.5367312431335449 354
0.5469241142272949 361
0.5563454627990723 366
0.5651161670684814 369
0.573814868927002 372
0.5823392868041992 374
0.590116024017334 374
0.5989360809326172 375
0.6091890335083008 374
0.6177055835723877 373
0.6260170936584473 371
0.6349189281463623 369
0.645289421081543 366
0.6536178588867188 363
0.6630284786224365 361
0.6703636646270752 359
0.6801743507385254 358
0.688875675201416 358
0.6971421241760254 357
0.7071223258972168 357
0.715479850769043 358
0.7237951755523682 358
0.7320530414581299 358
0.742074728012085 359
0.7531509399414062 359
0.7628512382507324 359
0.7701992988586426 359
0.7792432308197021 359
0.7880899906158447 358
0.7964498996734619 358
0.8055579662322998 359
0.8149828910827637 359
0.8232717514038086 359
0.8314685821533203 359
0.8400459289550781 358
0.8487558364868164 358
0.8572373390197754 358
0.8662519454956055 358
0.8751182556152344 358
0.8833906650543213 358
0.8920507431030273 359
0.8999960422515869 359
0.914801836013794 359
0.9231760501861572 358
0.9310188293457031 358
0.9401040077209473 358
0.9488742351531982 358
0.9571759700775146 358
0.9663131237030029 359
0.9757335186004639 359
0.9841723442077637 359
0.9924125671386719 358
1.0000169277191162 358
1.0093505382537842 358
1.0188016891479492 358
1.0271995067596436 358
1.0357298851013184 358
1.0490076541900635 358
1.0572686195373535 358
1.0661659240722656 357
1.0757231712341309 357
1.0841851234436035 357
1.0938136577606201 357
1.1034166812896729 357
1.1116297245025635 358
1.1202473640441895 358
1.128925085067749 358
1.1387293338775635 358
1.1469457149505615 357
1.157015085220337 357
1.1673622131347656 357
1.176199197769165 357
1.1848976612091064 358
1.1936185359954834 358
1.201864242553711 358
1.2099721431732178 357
1.21970534324646 357
1.2281098365783691 357
1.238168478012085 357
1.246279239654541 357
1.2549011707305908 357
1.263139009475708 357
1.273151159286499 357
1.2804474830627441 357
1.2892701625823975 357
1.2975387573242188 357
1.3064203262329102 357
1.3196415901184082 357
1.3281419277191162 356
1.338702917098999 356
1.3469605445861816 356
1.3552954196929932 356
1.3635964393615723 356
1.3735923767089844 356
1.381777048110962 356
1.3895604610443115 356
1.3987987041473389 356
1.407365322113037 356
1.4157683849334717 356
1.4250996112823486 356
1.4334242343902588 356
1.4432871341705322 356
1.4510786533355713 356
1.4593539237976074 356
1.4691848754882812 356
1.4774858951568604 356
1.485734224319458 356
1.4941563606262207 356
1.5033364295959473 356
1.5114827156066895 356
1.520162582397461 356
1.5288996696472168 356
1.5387022495269775 356
1.5470633506774902 356
1.5555875301361084 356
1.5639522075653076 356
1.5741369724273682 356
1.5823814868927002 356
1.5899920463562012 356
1.5983972549438477 356
1.6079187393188477 356
1.6161620616912842 356
1.6256732940673828 356
1.6351118087768555 356
1.6449952125549316 356
1.653254508972168 356
1.6610143184661865 356
1.6728265285491943 356
1.6801762580871582 356
1.688817024230957 356
1.6972510814666748 356
1.7069590091705322 356
1.719109058380127 356
1.729109525680542 355
1.7391769886016846 355
1.7476003170013428 354
1.7560365200042725 354
1.7647488117218018 354
1.7747218608856201 355
1.7829766273498535 355
1.7902679443359375 355
1.7989351749420166 355
1.8088176250457764 355
1.8171863555908203 355
1.8262786865234375 355
1.8355920314788818 355
1.844928503036499 355
1.8532958030700684 355
1.8614654541015625 355
1.8698084354400635 355
1.8794736862182617 355
1.8879375457763672 355
1.8961234092712402 355
1.9054749011993408 355
1.9137299060821533 354
1.922048568725586 354
1.9314830303192139 354
1.9410607814788818 354
1.9493038654327393 354
1.9576001167297363 354
1.9667377471923828 354
1.9751694202423096 354
1.9844119548797607 354
1.9929940700531006 354
2.001810073852539 354
2.012387752532959 354
2.019972085952759 354
2.0294206142425537 354
2.039184093475342 354
2.047436475753784 354
2.055821418762207 354
2.064399003982544 354
2.073503017425537 354
2.082843780517578 354
2.090181589126587 353
2.0992367267608643 353
2.1075592041015625 353
2.1202166080474854 354
2.1289658546447754 354
2.1398797035217285 354
2.1484053134918213 354
2.156752347946167 354
2.165619134902954 354
2.1750152111053467 354
2.185743808746338 353
2.194338321685791 353
2.203416347503662 353
2.211597204208374 353
2.2199199199676514 353
2.2284064292907715 353
2.23899245262146 352
2.247241497039795 352
2.2555949687957764 352
2.263842821121216 353
2.272956609725952 353
2.280308246612549 353
2.2898147106170654 352
2.2992358207702637 352
2.3075978755950928 352
2.3158938884735107 352
2.325115919113159 353
2.3349735736846924 353
2.3442022800445557 353
2.3528854846954346 352
2.360258102416992 352
2.369607448577881 352
2.3778128623962402 352
2.3872053623199463 352
2.395519971847534 352
2.404315710067749 352
2.4129467010498047 352
2.4202425479888916 352
2.428917169570923 352
2.443206787109375 352
2.454920530319214 352
2.4669976234436035 352
2.47876238822937 353
2.4918839931488037 353
2.5041773319244385 352
2.518937110900879 352
2.5278267860412598 352
2.5392699241638184 352
2.547703981399536 352
2.5559380054473877 352
2.5649499893188477 352
2.5733096599578857 352
2.581450939178467 352
2.590139389038086 352
2.5996460914611816 352
2.6079044342041016 352
2.6161630153656006 351
2.6248719692230225 351
2.6336400508880615 351
2.644446611404419 351
2.65313720703125 351
2.6604416370391846 352
2.6696979999542236 352
2.678117513656616 351
2.6877989768981934 351
2.697960138320923 351
2.7061407566070557 351
2.715008497238159 351
2.7232396602630615 352
2.7328529357910156 352
2.7431437969207764 351
2.7509377002716064 351
2.759186267852783 350
2.7678256034851074 350
2.7762534618377686 350
2.7848877906799316 350
2.7940986156463623 350
2.8030972480773926 350
2.81040358543396 350
2.8189897537231445 350
2.8272149562835693 350
2.8363606929779053 350
2.8462986946105957 350
2.8549716472625732 350
2.863416910171509 350
2.8715946674346924 350
2.8793587684631348 350
2.887666940689087 350
2.8977129459381104 350
2.905972719192505 350
2.9144670963287354 350
2.9274938106536865 350
2.9368059635162354 350
2.9469854831695557 350
2.9555225372314453 350
2.964810609817505 350
2.973235607147217 350
2.9809794425964355 350
2.9892008304595947 350
2.999302387237549 350
3.0075879096984863 350
3.015970230102539 350
3.024430990219116 350
3.0432493686676025 350
3.0562167167663574 350
3.065798044204712 350
3.0747475624084473 350
3.0829691886901855 350
3.0902817249298096 350
3.1034176349639893 350
3.111630439758301 350
3.119356155395508 350
3.1284165382385254 350
3.1381921768188477 350
3.146320343017578 350
3.157382011413574 350
3.166271209716797 350
3.1749260425567627 350
3.1831774711608887 350
3.19099760055542 350
3.2004241943359375 350
3.209144115447998 350
3.217385768890381 350
3.2262184619903564 350
3.235027313232422 350
3.244957208633423 350
3.2543396949768066 350
3.2632572650909424 350
3.271059513092041 349
3.279265880584717 349
3.2876200675964355 349
3.297354221343994 348
3.3064064979553223 348
3.315209150314331 348
3.3281033039093018 349
3.337364435195923 349
3.3461928367614746 349
3.363100051879883 348
3.370990753173828 348
3.3793435096740723 348
3.387603282928467 348
3.396193027496338 348
3.4055936336517334 349
3.4139513969421387 349
3.4220592975616455 349
3.4302914142608643 349
3.4399659633636475 348
3.4486846923828125 348
3.4589314460754395 348
3.4672040939331055 348
3.4755311012268066 349
3.4838314056396484 349
3.4929795265197754 349
3.500272035598755 349
3.509855031967163 348
3.51827073097229 348
3.5274219512939453 348
3.535712718963623 348
3.544938325881958 348
3.553785800933838 348
3.5637547969818115 348
3.5719964504241943 348
3.5798087120056152 348
3.5882182121276855 348
3.597358465194702 347
3.606458902359009 347
3.61529278755188 347
3.624448299407959 348
3.6330783367156982 348
3.6429717540740967 348
3.651681661605835 348
3.661069631576538 347
3.672045946121216 347
3.6800317764282227 347
3.688687801361084 347
3.6976521015167236 346
3.7059707641601562 346
3.7155301570892334 346
3.7278549671173096 346
3.7374167442321777 347
3.74580454826355 347
3.7543551921844482 346
3.7647738456726074 346
3.7730705738067627 346
3.7803783416748047 346
3.7896077632904053 346
3.798102855682373 346
3.806166410446167 347
3.815746784210205 347
3.824915885925293 346
3.8333027362823486 346
3.842700242996216 346
3.8501439094543457 346
3.861786365509033 346
3.869577646255493 346
3.877861738204956 346
3.886218547821045 346
3.895228147506714 346
3.903550148010254 346
3.913240671157837 346
3.9209940433502197 346
3.9296822547912598 346
3.9391324520111084 346
3.9473495483398438 346
3.956054925918579 346
3.9659745693206787 346
3.974914789199829 346
3.9831573963165283 346
3.991973400115967 346
3.999798059463501 346
4.0082080364227295 346
4.017720460891724 346
4.026243686676025 346
4.035046577453613 346
4.044141054153442 346
4.05240273475647 346
4.061748027801514 346
4.070362329483032 346
4.079041957855225 346
4.087849378585815 346
4.096242904663086 346
4.104907512664795 346
4.113179922103882 346
4.127040147781372 346
4.1355555057525635 346
4.145258188247681 346
4.15491795539856 346
4.163302183151245 346
4.172992706298828 346
4.182027816772461 346
4.190196514129639 346
4.205991983413696 346
4.214927673339844 346
4.225022077560425 346
4.233268976211548 346
4.242358684539795 346
4.262076377868652 346
4.282967567443848 346
4.291833162307739 346
4.299647569656372 346
4.3079304695129395 346
4.316147804260254 346
4.326289176940918 346
4.335075855255127 346
4.344324588775635 346
4.3531858921051025 346
4.360994100570679 346
4.371025085449219 345
4.37924861907959 345
4.388380527496338 344
4.397143840789795 344
4.405654668807983 344
4.414048671722412 344
4.423842668533325 344
4.432039022445679 345
4.440351247787476 345
4.448988437652588 345
4.457955598831177 344
4.466222286224365 344
4.476128339767456 344
4.484822988510132 344
4.493767499923706 344
4.50203013420105 344
4.509806156158447 344
4.528861045837402 344
4.542003870010376 344
4.554175138473511 344
4.565176963806152 344
4.578282833099365 344
4.590164661407471 344
4.602108716964722 344
4.613397598266602 344
4.625355958938599 344
4.6340460777282715 344
4.643831253051758 344
4.6520466804504395 344
4.660307168960571 344
4.669104099273682 344
4.678383111953735 344
4.6892266273498535 344
4.69811224937439 344
4.706222772598267 344
4.714904546737671 344
4.723477602005005 344
4.732962369918823 344
4.741976499557495 344
4.749804973602295 344
4.759258031845093 344
4.7675440311431885 344
4.7758262157440186 344
4.785194396972656 344
4.794436693191528 344
4.80289101600647 344
4.810200452804565 344
4.819153547286987 344
4.829265117645264 344
4.8382368087768555 343
4.846721172332764 343
4.855160713195801 343
4.864191293716431 343
4.8729400634765625 342
4.882955074310303 342
4.890242576599121 342
4.8994460105896 343
4.907844066619873 343
4.9161317348480225 343
4.9300501346588135 342
4.9398322105407715 342
4.948363780975342 342
4.956928253173828 342
4.965826988220215 342
4.974267244338989 342
4.9841296672821045 342
4.992101192474365 342
