0 0
0.012013673782348633 0
0.036074161529541016 1
0.05829143524169922 3
0.0725870132446289 9
0.09071588516235352 17
0.10685586929321289 24
0.11602139472961426 29
0.12432026863098145 34
0.1322484016418457 38
0.140641450881958 45
0.15551161766052246 54
0.16296935081481934 59
0.17174530029296875 65
0.18152117729187012 72
0.19002366065979004 77
0.19842076301574707 84
0.2091829776763916 93
0.2185230255126953 99
0.22709059715270996 106
0.2357165813446045 112
0.24440526962280273 120
0.25478029251098633 128
0.262723445892334 134
0.274402379989624 144
0.2879960536956787 153
0.2965219020843506 161
0.30628490447998047 168
0.3156006336212158 176
0.3230409622192383 183
0.33196306228637695 189
0.34038329124450684 197
0.35040831565856934 205
0.3600497245788574 212
0.3685457706451416 220
0.3779935836791992 227
0.38749217987060547 235
0.3959183692932129 241
0.40459561347961426 249
0.4148411750793457 258
0.42273521423339844 264
0.4355933666229248 274
0.44831347465515137 286
0.4623246192932129 297
0.47486329078674316 307
0.48700976371765137 317
0.499042272567749 327
0.5129008293151855 339
0.5232448577880859 347
0.5320138931274414 353
0.5404903888702393 361
0.5502617359161377 366
0.5586588382720947 371
0.5685043334960938 375
0.5779109001159668 379
0.586266040802002 381
0.5955348014831543 383
0.6029567718505859 383
0.6131513118743896 383
0.6219844818115234 383
0.630518913269043 381
0.6388659477233887 379
0.6482193470001221 376
0.6577887535095215 373
0.6671249866485596 368
0.6759994029998779 365
0.6884839534759521 359
0.6975352764129639 356
0.706061601638794 354
0.7163357734680176 353
0.7246882915496826 352
0.732551097869873 352
0.7418208122253418 353
0.7521378993988037 355
0.7605104446411133 357
0.7700386047363281 359
0.7798597812652588 361
0.7883093357086182 361
0.7975435256958008 362
0.8060007095336914 361
0.816054105758667 361
0.8238306045532227 360
0.8321614265441895 359
0.8410449028015137 358
0.8503386974334717 358
0.8585987091064453 358
0.8682231903076172 359
0.877600908279419 359
0.8858528137207031 359
0.8931827545166016 359
0.9017956256866455 359
0.9107067584991455 359
0.9201443195343018 359
0.9285550117492676 359
0.9369847774505615 359
0.945913553237915 359
0.9549105167388916 359
0.9628121852874756 359
0.9723467826843262 359
0.980919599533081 359
0.989551305770874 359
0.998443603515625 359
1.0075881481170654 359
1.0158956050872803 359
1.024848461151123 359
1.0326018333435059 359
1.0416903495788574 359
1.0508959293365479 359
1.059023380279541 359
1.067685842514038 359
1.077749252319336 359
1.0897290706634521 359
1.0982329845428467 359
1.1082789897918701 359
1.1167666912078857 359
1.126236915588379 359
1.1343770027160645 359
1.1426210403442383 359
1.1563076972961426 359
1.164496660232544 359
1.1747016906738281 359
1.1825025081634521 359
1.1907682418823242 359
1.1989548206329346 359
1.2081196308135986 359
1.216520071029663 359
1.2262415885925293 358
1.234433650970459 358
1.243011713027954 358
1.252251386642456 358
1.2605259418487549 358
1.2688424587249756 358
1.2786509990692139 358
1.287996530532837 358
1.2978980541229248 358
1.3065807819366455 358
1.3148088455200195 358
1.3242676258087158 358
1.3320646286010742 358
1.3410768508911133 358
1.3505680561065674 358
1.358774185180664 358
1.3672113418579102 358
1.3770692348480225 358
1.385474681854248 358
1.3927996158599854 358
1.4012060165405273 358
1.410353660583496 358
1.4185950756072998 358
1.4280600547790527 358
1.4386234283447266 358
1.447608470916748 358
1.4564363956451416 358
1.4646880626678467 358
1.4731390476226807 358
1.4830608367919922 357
1.4962100982666016 357
1.5047452449798584 358
1.5130646228790283 358
1.5217702388763428 357
1.5311505794525146 357
1.540116310119629 357
1.548421859741211 358
1.5577847957611084 358
1.566096305847168 358
1.574833869934082 357
1.5842225551605225 357
1.5921745300292969 357
1.6004788875579834 357
1.6091701984405518 357
1.6183769702911377 357
1.6269145011901855 358
1.6370313167572021 358
1.6460294723510742 358
1.654831886291504 357
1.662621259689331 357
1.6716535091400146 357
1.6809043884277344 357
1.688981294631958 357
1.6975712776184082 357
1.7065670490264893 357
1.7147507667541504 358
1.7225940227508545 358
1.7320353984832764 358
1.7414579391479492 357
1.7509472370147705 357
1.7590539455413818 357
1.7679262161254883 357
1.776869773864746 357
1.786076307296753 357
1.7942490577697754 358
1.8045554161071777 358
1.812347173690796 358
1.8216392993927002 357
1.8300459384918213 357
1.8398001194000244 357
1.8481674194335938 357
1.8576054573059082 357
1.8660073280334473 357
1.8748877048492432 357
1.8843059539794922 357
1.8969347476959229 357
1.9061574935913086 357
1.9143471717834473 357
1.9227893352508545 357
1.9314868450164795 357
1.9411952495574951 357
1.9504671096801758 357
1.9587137699127197 357
1.9671530723571777 356
1.976292610168457 356
1.985762596130371 356
1.9930696487426758 356
2.0021822452545166 357
2.0123398303985596 357
2.020629405975342 357
2.029522657394409 356
2.038851261138916 356
2.0475564002990723 356
2.0566024780273438 356
2.0647778511047363 356
2.07308292388916 357
2.0817301273345947 357
2.0907535552978516 357
2.09893536567688 356
2.1084158420562744 356
2.1167759895324707 355
2.12485408782959 355
2.1328091621398926 356
2.1426823139190674 357
2.159989595413208 357
2.168858766555786 356
2.177729845046997 356
2.1862552165985107 355
2.195746660232544 355
2.2044622898101807 355
2.2152488231658936 355
2.222778558731079 356
2.231506586074829 356
2.241201400756836 356
2.2505545616149902 356
2.258916139602661 356
2.268979072570801 356
2.2776894569396973 356
2.285939931869507 356
2.2987966537475586 355
2.308415174484253 355
2.316932439804077 355
2.3251335620880127 356
2.333235263824463 356
2.3437747955322266 356
2.3525731563568115 356
2.3608806133270264 356
2.37013840675354 356
2.378390312194824 356
2.3869235515594482 356
2.3963048458099365 356
2.4054689407348633 356
2.412787437438965 356
2.4212095737457275 356
2.429805040359497 356
2.438443183898926 356
2.447892427444458 356
2.457030773162842 356
2.4655280113220215 356
2.4743824005126953 356
2.482191801071167 356
2.490615129470825 356
2.5000011920928955 356
2.510061264038086 356
2.521777391433716 356
2.532543420791626 356
2.547529935836792 356
2.5592479705810547 356
2.5715835094451904 356
2.582336187362671 356
2.5958969593048096 355
2.6080408096313477 355
2.618480682373047 355
2.6268904209136963 355
2.6361260414123535 355
2.644321918487549 355
2.6546974182128906 355
2.66245698928833 355
2.671720027923584 355
2.680001974105835 355
2.692131996154785 355
2.7024383544921875 355
2.7109127044677734 355
2.7191357612609863 355
2.727857828140259 355
2.7364273071289062 355
2.7446117401123047 355
2.755948305130005 355
2.7631824016571045 355
2.7724251747131348 355
2.782996654510498 355
2.7918262481689453 355
2.8016130924224854 355
2.8098201751708984 355
2.8182008266448975 355
2.8264122009277344 355
2.8357105255126953 355
2.8446741104125977 355
2.8549206256866455 355
2.8627052307128906 355
2.8720502853393555 355
2.8802897930145264 355
2.888509511947632 355
2.8969502449035645 355
2.9068992137908936 355
2.914890766143799 355
2.922713041305542 355
2.931060791015625 355
2.940216541290283 355
2.9491119384765625 355
2.9588260650634766 355
2.9690892696380615 355
2.9788289070129395 355
2.9872488975524902 355
2.995756149291992 355
3.0058724880218506 355
3.0143723487854004 355
3.0226104259490967 355
3.032320499420166 355
3.042290210723877 355
3.0527923107147217 355
3.0614442825317383 354
3.070232629776001 354
3.0784666538238525 354
3.087031126022339 354
3.099980592727661 354
3.1091997623443604 354
3.1178817749023438 354
3.126053810119629 354
3.134537696838379 354
3.1423442363739014 354
3.1524744033813477 354
3.1619372367858887 354
3.1707489490509033 354
3.178957223892212 354
3.187624931335449 354
3.1958770751953125 354
3.2058231830596924 354
3.2132151126861572 354
3.2218711376190186 354
3.230276346206665 354
3.2398521900177 354
3.248178720474243 354
3.2582662105560303 354
3.2671265602111816 354
3.275662660598755 354
3.2838079929351807 354
3.2928712368011475 354
3.3021140098571777 354
3.3116261959075928 354
3.319756507873535 354
3.3281984329223633 354
3.337193250656128 354
3.3456408977508545 354
3.3555595874786377 354
3.3655574321746826 354
3.3797128200531006 354
3.388291120529175 354
3.3975765705108643 354
3.4058640003204346 354
3.4151453971862793 354
3.422767400741577 354
3.431879997253418 354
3.4401278495788574 354
3.448533773422241 354
3.4581985473632812 354
3.468348503112793 354
3.4766156673431396 354
3.484818935394287 354
3.4981324672698975 354
3.5067801475524902 354
3.516294002532959 354
3.5244462490081787 354
3.532855749130249 354
3.541529655456543 354
3.550410032272339 354
3.5597856044769287 354
3.5700113773345947 354
3.5783605575561523 354
3.586843729019165 354
3.594877004623413 354
3.602905750274658 354
3.6115970611572266 354
3.6207191944122314 354
3.6302053928375244 353
3.6385128498077393 353
3.647003412246704 353
3.6562840938568115 354
3.667753219604492 354
3.6760683059692383 354
3.6846680641174316 354
3.6929194927215576 353
3.702249526977539 353
3.710704803466797 353
3.720209836959839 353
3.7290923595428467 353
3.7377207279205322 353
3.746112823486328 353
3.756197452545166 353
3.7660973072052 353
3.774292230606079 353
3.7821569442749023 353
3.79046630859375 353
3.8011441230773926 353
3.8102333545684814 353
3.8197476863861084 353
3.828597068786621 353
3.8370654582977295 353
3.8455448150634766 353
3.854485511779785 353
3.8628950119018555 353
3.872586727142334 353
3.8808999061584473 353
3.8890528678894043 353
3.901587963104248 353
3.9099888801574707 353
3.919229507446289 353
3.928633689880371 353
3.9370691776275635 353
3.945704698562622 353
3.9546635150909424 352
3.9630162715911865 352
3.9725778102874756 353
3.980933666229248 353
3.9892418384552 353
3.99827241897583 353
4.00656270980835 353
4.014816045761108 352
4.024248838424683 352
4.032639503479004 352
4.0409324169158936 352
4.049769878387451 352
4.058667421340942 352
4.067854404449463 352
4.077784061431885 352
4.085978269577026 352
4.0943922996521 352
4.102203845977783 352
4.110600709915161 352
4.1188154220581055 352
4.128921270370483 352
4.137619495391846 352
4.145911931991577 352
4.154892683029175 352
4.163099527359009 352
4.1727519035339355 352
4.181177377700806 352
4.189256906509399 352
4.198198318481445 352
4.206761598587036 352
4.21483302116394 352
4.224309921264648 351
4.232984304428101 351
4.241640567779541 351
4.250088453292847 351
4.258894920349121 351
4.268293380737305 351
4.278131723403931 352
4.28715705871582 352
4.300053358078003 351
4.309798955917358 351
4.3183159828186035 351
4.32841157913208 351
4.3370091915130615 351
4.3460304737091064 351
4.354921102523804 351
4.363027572631836 351
4.371706485748291 351
4.380891561508179 351
4.3890135288238525 351
4.398298501968384 351
4.407563209533691 351
4.415787696838379 351
4.423084020614624 351
4.432948112487793 351
4.441622734069824 351
4.450690984725952 351
4.458913564682007 351
4.468346834182739 351
4.4766175746917725 351
4.4865334033966064 351
4.495567798614502 351
4.502990245819092 351
4.51163387298584 351
4.519761323928833 351
4.529833793640137 350
4.5382397174835205 350
4.546568870544434 351
4.555853605270386 351
4.564648151397705 351
4.572457790374756 351
4.582332372665405 351
4.593039512634277 351
4.606117486953735 351
4.616998910903931 351
4.628698110580444 351
4.641048908233643 351
4.654426097869873 351
4.666426420211792 350
4.677631616592407 350
4.688314437866211 350
4.700608730316162 351
4.709167003631592 351
4.7179248332977295 351
4.726419925689697 351
4.736575603485107 351
4.744843244552612 350
4.755223989486694 350
4.763200521469116 350
4.772049188613892 350
4.780282020568848 350
4.790389776229858 351
4.799204111099243 351
4.8078086376190186 350
4.816779375076294 350
4.826915740966797 350
4.8369879722595215 350
4.845247268676758 351
4.854367733001709 351
4.862945556640625 351
4.871644735336304 350
4.879852056503296 350
4.8900065422058105 350
4.898909568786621 350
4.907556772232056 350
4.91578221321106 350
4.923027038574219 351
4.9322357177734375 351
4.9417405128479 350
4.951052665710449 350
4.959249019622803 349
4.968571424484253 350
4.977185010910034 350
4.986559629440308 351
4.9961442947387695 351
