0 0
0.019373655319213867 0
0.0384519100189209 0
0.05829453468322754 2
0.07990860939025879 8
0.09174895286560059 12
0.10009241104125977 15
0.10892319679260254 19
0.11776614189147949 25
0.12762212753295898 30
0.13798880577087402 36
0.1464402675628662 41
0.15578866004943848 48
0.1641099452972412 53
0.17288470268249512 59
0.1813061237335205 64
0.19173741340637207 73
0.20012474060058594 79
0.20897126197814941 85
0.2244095802307129 98
0.2618122100830078 126
0.27144861221313477 132
0.2813718318939209 142
0.2927398681640625 149
0.30115413665771484 156
0.3098008632659912 164
0.3187239170074463 171
0.327664852142334 179
0.33605337142944336 187
0.3471384048461914 193
0.361065149307251 205
0.3729865550994873 214
0.3843221664428711 226
0.41383838653564453 250
0.4494750499725342 277
0.4712040424346924 295
0.4798009395599365 303
0.48943018913269043 311
0.4990959167480469 318
0.5074574947357178 325
0.5157992839813232 333
0.5268416404724121 341
0.5342020988464355 348
0.5437560081481934 354
0.5535364151000977 363
0.5629847049713135 368
0.571364164352417 372
0.5797762870788574 377
0.5892477035522461 379
0.5989296436309814 382
0.6074917316436768 383
0.6299128532409668 383
0.659144401550293 377
0.6770217418670654 370
0.6859040260314941 365
0.6958189010620117 361
0.7036378383636475 359
0.712104082107544 355
0.7218267917633057 352
0.7316925525665283 351
0.7400844097137451 350
0.7497527599334717 350
0.7597017288208008 351
0.7681829929351807 353
0.7768392562866211 355
0.7842156887054443 358
0.793480396270752 359
0.8029143810272217 361
0.8112246990203857 361
0.8201854228973389 361
0.8340368270874023 360
0.8528585433959961 359
0.8684132099151611 357
0.877528190612793 357
0.9024050235748291 357
0.9112229347229004 358
0.9200608730316162 359
0.9288451671600342 359
0.9383063316345215 359
0.9471571445465088 359
0.9573991298675537 359
0.9656107425689697 358
0.9736027717590332 358
0.9818673133850098 358
0.9904251098632812 357
0.9998459815979004 357
1.008357048034668 358
1.016859769821167 358
1.0313835144042969 359
1.0621609687805176 357
1.0874896049499512 355
1.0968232154846191 355
1.10599684715271 355
1.113877296447754 356
1.123225212097168 357
1.1315624713897705 358
1.1412205696105957 359
1.149704933166504 359
1.1599812507629395 359
1.1688346862792969 358
1.1776981353759766 357
1.1888644695281982 357
1.1971242427825928 357
1.2119581699371338 357
1.2219464778900146 357
1.243823528289795 357
1.2559707164764404 357
1.2676732540130615 357
1.2759413719177246 357
1.2843444347381592 357
1.292994737625122 357
1.301313877105713 357
1.3103303909301758 357
1.3203818798065186 357
1.3291404247283936 357
1.3373980522155762 357
1.3460686206817627 357
1.3587374687194824 357
1.3669757843017578 357
1.3742470741271973 357
1.3833637237548828 357
1.3923745155334473 357
1.4004673957824707 357
1.4099485874176025 357
1.419238805770874 357
1.4276301860809326 357
1.4373371601104736 357
1.4528048038482666 357
1.4629652500152588 357
1.4713470935821533 357
1.4797558784484863 357
1.4888782501220703 357
1.4971580505371094 357
1.5044476985931396 357
1.5140228271484375 357
1.525716781616211 357
1.533534049987793 357
1.5418295860290527 357
1.552757740020752 357
1.572779893875122 357
1.5904390811920166 356
1.599252700805664 356
1.6076397895812988 355
1.6174027919769287 355
1.6256036758422852 355
1.6335933208465576 356
1.6441419124603271 356
1.6544215679168701 357
1.663964033126831 356
1.6726794242858887 355
1.6814420223236084 355
1.6899442672729492 355
1.6995155811309814 355
1.708005428314209 356
1.7178244590759277 356
1.7260310649871826 356
1.7337911128997803 356
1.7421231269836426 356
1.7640461921691895 355
1.7835767269134521 355
1.807457685470581 357
1.82444167137146 357
1.833953619003296 357
1.847353458404541 356
1.8568179607391357 355
1.8659522533416748 355
1.8757586479187012 355
1.8841824531555176 355
1.8928313255310059 355
1.9010531902313232 355
1.9094078540802002 355
1.9196321964263916 355
1.92816162109375 355
1.936403751373291 355
1.9440064430236816 355
1.9539518356323242 355
1.9623794555664062 355
1.9716987609863281 355
1.9807732105255127 355
1.995492696762085 355
2.017456293106079 355
2.036412000656128 355
2.0543453693389893 355
2.0642731189727783 355
2.0739200115203857 355
2.0832786560058594 355
2.091588258743286 355
2.0998446941375732 355
2.109502077102661 355
2.1195449829101562 355
2.1278252601623535 355
2.1360397338867188 355
2.1438283920288086 355
2.15358304977417 355
2.1618340015411377 355
2.171506404876709 355
2.180290937423706 355
2.1889262199401855 355
2.197164535522461 355
2.2044782638549805 355
2.220777750015259 355
2.2293312549591064 355
2.2492482662200928 355
2.267643690109253 354
2.2857697010040283 354
2.3014976978302 354
2.3098723888397217 354
2.3189940452575684 354
2.329362392425537 354
2.3379921913146973 355
2.347263813018799 355
2.358384370803833 355
2.3672711849212646 354
2.3768723011016846 353
2.3857085704803467 353
2.393918991088867 353
2.4038243293762207 353
2.4131319522857666 354
2.4222943782806396 354
2.435532808303833 353
2.456881284713745 353
2.4911630153656006 353
2.521289825439453 355
2.5333974361419678 355
2.542421340942383 355
2.552375555038452 354
2.5607457160949707 354
2.5692126750946045 353
2.58040452003479 353
2.589264154434204 353
2.5976250171661377 353
2.6057844161987305 353
2.6141743659973145 353
2.622831344604492 353
2.63197922706604 353
2.6401920318603516 353
2.6539502143859863 353
2.6627368927001953 353
2.6711575984954834 353
2.6879899501800537 353
2.719038724899292 353
2.7360572814941406 353
2.7491466999053955 352
2.7588512897491455 352
2.767277956008911 352
2.7761197090148926 352
2.785517454147339 353
2.7941811084747314 353
2.8038952350616455 353
2.8138773441314697 352
2.8222239017486572 352
2.8316447734832764 352
2.840986490249634 352
2.8503503799438477 352
2.859755516052246 352
2.868216037750244 352
2.8776044845581055 352
2.8923680782318115 352
2.901676654815674 352
2.920424461364746 352
2.95009446144104 352
2.9604456424713135 352
2.9692161083221436 352
2.9782650470733643 352
2.9884369373321533 352
2.996934175491333 352
3.0042338371276855 352
3.01432728767395 352
3.022989511489868 352
3.0312418937683105 352
3.041292667388916 352
3.054180383682251 352
3.062903881072998 352
3.0714542865753174 352
3.080449342727661 352
3.1031506061553955 352
3.124436855316162 352
3.1454858779907227 352
3.15421462059021 352
3.162993907928467 352
3.1712210178375244 352
3.1799910068511963 352
3.1900746822357178 352
3.199707269668579 352
3.209027051925659 352
3.217317819595337 352
3.225869655609131 351
3.2337453365325928 351
3.244076728820801 351
3.2537288665771484 351
3.2619917392730713 351
3.2713634967803955 351
3.2804133892059326 351
3.2912826538085938 351
3.3004274368286133 351
3.31569242477417 351
3.3235676288604736 351
3.339539051055908 351
3.3642654418945312 351
3.383901357650757 351
3.3940601348876953 351
3.4029064178466797 351
3.4113481044769287 351
3.4199702739715576 351
3.430161476135254 351
3.4403369426727295 351
3.4544525146484375 351
3.463230848312378 351
3.4722304344177246 351
3.4804229736328125 351
3.4892818927764893 351
3.4991533756256104 351
3.5136687755584717 351
3.530189037322998 351
3.554133892059326 351
3.5734152793884277 351
3.5819039344787598 351
3.5902092456817627 351
3.5989556312561035 351
3.6092021465301514 351
3.6174421310424805 351
3.6256659030914307 351
3.635087490081787 350
3.643946409225464 350
3.655606269836426 350
3.663374662399292 350
3.6728858947753906 350
3.681165933609009 350
3.689460277557373 349
3.698415994644165 349
3.708827495574951 350
3.7171168327331543 350
3.7244386672973633 350
3.7397491931915283 350
3.7703816890716553 349
3.7837026119232178 349
3.8099708557128906 349
3.8188328742980957 349
3.827242374420166 350
3.835085153579712 350
3.843851327896118 350
3.859504222869873 349
3.8684120178222656 349
3.8781731128692627 349
3.886477470397949 349
3.894000291824341 349
3.9032957553863525 348
3.912989854812622 348
3.921236991882324 348
3.9295482635498047 349
3.9383301734924316 349
3.9468419551849365 349
3.9629788398742676 349
3.9868404865264893 349
4.001206874847412 349
4.0212812423706055 349
4.029883861541748 349
4.038926124572754 349
4.047164440155029 348
4.055981159210205 348
4.06507134437561 348
4.075532913208008 349
4.08345365524292 349
4.098455905914307 349
4.1081383228302 348
4.11741304397583 348
4.125627756118774 347
4.133440256118774 348
4.142790794372559 348
4.151949882507324 349
4.160320997238159 349
4.1704864501953125 348
4.179238319396973 348
4.18752646446228 348
4.201906681060791 348
4.22732400894165 348
4.257486343383789 348
4.26738429069519 348
4.275609016418457 348
4.283560037612915 348
4.292116641998291 348
4.302150011062622 348
4.313422918319702 348
4.322894096374512 348
4.331352710723877 348
4.340280294418335 348
4.348948240280151 348
4.358786582946777 347
4.368809461593628 347
4.377199411392212 348
4.385086297988892 348
4.393490791320801 349
4.402887344360352 349
4.4111857414245605 348
4.421389102935791 348
4.429690837860107 347
4.443950414657593 347
4.477147340774536 347
4.492445707321167 347
4.503360986709595 347
4.51428484916687 347
4.528218030929565 347
4.540186405181885 347
4.5530877113342285 347
4.564365863800049 347
4.578980207443237 347
4.590220928192139 347
4.60281229019165 347
4.611616849899292 347
4.620319843292236 347
4.637151002883911 347
4.6660261154174805 347
4.691044569015503 347
4.701370000839233 347
4.70970344543457 347
4.7181556224823 347
4.728203058242798 347
4.737029314041138 347
4.744335412979126 347
4.755540370941162 347
4.76339864730835 347
4.772709369659424 347
4.78187108039856 347
4.7901389598846436 347
4.799476146697998 347
4.808146238327026 347
4.8163909912109375 347
4.832810640335083 347
4.857816934585571 347
4.883568286895752 347
4.892414331436157 347
4.901358366012573 347
4.909632682800293 347
4.9180614948272705 347
4.9266979694366455 347
4.937523365020752 347
4.946483612060547 346
4.955607175827026 346
4.963904857635498 345
4.972299337387085 345
4.981686115264893 346
4.990453004837036 346
4.999753713607788 346
