0 0
0.012626886367797852 0
0.03376913070678711 0
0.056616783142089844 3
0.07726168632507324 9
0.08860015869140625 13
0.09631109237670898 17
0.10508131980895996 21
0.11377453804016113 26
0.12239909172058105 31
0.13913249969482422 41
0.15642762184143066 54
0.17613530158996582 66
0.2018890380859375 84
0.21146464347839355 92
0.2209489345550537 99
0.22931575775146484 105
0.2396094799041748 113
0.2680325508117676 138
0.28587841987609863 155
0.3094522953033447 170
0.32100725173950195 178
0.32951784133911133 184
0.33966779708862305 192
0.3498108386993408 202
0.3582191467285156 208
0.36632513999938965 215
0.3761579990386963 223
0.38546037673950195 232
0.3950998783111572 238
0.40354108810424805 244
0.41260671615600586 253
0.421553373336792 260
0.4299638271331787 268
0.45180559158325195 292
0.47435617446899414 308
0.5041894912719727 322
0.5144519805908203 326
0.5231666564941406 329
0.5318155288696289 330
0.5422458648681641 332
0.5526213645935059 334
0.561316728591919 335
0.569666862487793 337
0.5781815052032471 340
0.5861406326293945 342
0.5957245826721191 342
0.6065187454223633 343
0.6195237636566162 345
0.6554393768310547 354
0.6819953918457031 360
0.7134687900543213 358
0.7243211269378662 356
0.7326602935791016 354
0.7414453029632568 353
0.7531518936157227 353
0.7615952491760254 354
0.7700281143188477 355
0.779158353805542 356
0.78662109375 356
0.7961094379425049 356
0.8044521808624268 356
0.8135831356048584 356
0.8218414783477783 356
0.8302829265594482 356
0.8612315654754639 360
0.8791849613189697 363
0.9038805961608887 363
0.914038896560669 361
0.9225165843963623 360
0.931312084197998 359
0.9406616687774658 359
0.953404426574707 360
0.9620208740234375 361
0.9709770679473877 361
0.9798316955566406 361
0.9880757331848145 360
0.996037483215332 359
1.0056591033935547 359
1.0148756504058838 359
1.023254156112671 359
1.0317347049713135 360
1.047799825668335 359
1.0755929946899414 357
1.0980808734893799 358
1.1116743087768555 360
1.1203651428222656 362
1.129009485244751 362
1.136326551437378 362
1.1463425159454346 362
1.1563892364501953 360
1.1661689281463623 359
1.1749322414398193 359
1.1835944652557373 360
1.1919829845428467 360
1.200566053390503 361
1.2110257148742676 360
1.219419240951538 359
1.2276816368103027 358
1.2357640266418457 359
1.2512664794921875 360
1.2672669887542725 362
1.2952988147735596 358
1.3210830688476562 352
1.3295996189117432 350
1.337888479232788 350
1.348625898361206 350
1.358027458190918 350
1.3660976886749268 352
1.3765382766723633 354
1.385483741760254 356
1.3939337730407715 356
1.4022002220153809 357
1.4122593402862549 356
1.4210641384124756 356
1.4293224811553955 355
1.437227725982666 355
1.4465372562408447 356
1.4561707973480225 357
1.4654693603515625 357
1.473827600479126 356
1.483177661895752 356
1.49168062210083 355
1.5003609657287598 355
1.5154170989990234 357
1.5337638854980469 360
1.5617921352386475 358
1.5799431800842285 355
1.588294267654419 353
1.59629225730896 352
1.6050238609313965 352
1.6148791313171387 352
1.6243667602539062 353
1.6329643726348877 354
1.6519153118133545 355
1.66489577293396 354
1.673487663269043 352
1.6826608180999756 351
1.6914129257202148 351
1.7004714012145996 352
1.711937427520752 352
1.7203881740570068 354
1.728985071182251 354
1.7363224029541016 353
1.7472286224365234 352
1.755685806274414 353
1.7662954330444336 354
1.7822494506835938 355
1.8022511005401611 352
1.821065902709961 347
1.8462965488433838 344
1.8551833629608154 344
1.8650035858154297 345
1.8743815422058105 347
1.8829660415649414 348
1.8924527168273926 349
1.9011588096618652 349
1.910181999206543 348
1.919764518737793 348
1.9281184673309326 348
1.935976266860962 350
1.946441888809204 352
1.9552052021026611 353
1.9635930061340332 354
1.9737966060638428 354
1.9822156429290771 353
1.9910268783569336 352
1.999427080154419 352
2.010164737701416 352
2.0195188522338867 353
2.0278332233428955 354
2.035629987716675 355
2.055920362472534 356
2.064893960952759 356
2.0755231380462646 353
2.1024084091186523 354
2.1279282569885254 360
2.1359782218933105 362
2.1479029655456543 363
2.156032085418701 363
2.164937734603882 362
2.175774574279785 361
2.185051441192627 360
2.1933929920196533 359
2.201725721359253 359
2.211047887802124 360
2.219449996948242 360
2.228966236114502 358
2.2364261150360107 357
2.247809886932373 356
2.255697727203369 356
2.2640340328216553 356
2.2740466594696045 357
2.283449411392212 357
2.2917606830596924 357
2.3001599311828613 356
2.3150265216827393 354
2.339832067489624 356
2.369046688079834 361
2.3799636363983154 362
2.389417886734009 362
2.3976547718048096 362
2.4063472747802734 361
2.4151153564453125 359
2.4257097244262695 358
2.4341328144073486 357
2.446244955062866 357
2.4565176963806152 357
2.4654715061187744 357
2.4757230281829834 356
2.4841511249542236 355
2.492436408996582 354
2.501241683959961 354
2.509974479675293 355
2.5183072090148926 356
2.5279617309570312 356
2.5365140438079834 356
2.546126365661621 355
2.5550479888916016 354
2.5632522106170654 353
2.580538034439087 352
2.607821226119995 355
2.6298789978027344 360
2.642993450164795 361
2.65215802192688 361
2.661090135574341 360
2.66973876953125 360
2.6795542240142822 358
2.6911144256591797 359
2.70375657081604 360
2.7153491973876953 360
2.7265539169311523 359
2.7405359745025635 357
2.752680540084839 354
2.7650084495544434 354
2.7776436805725098 354
2.786237955093384 354
2.795625925064087 354
2.8050124645233154 354
2.8134124279022217 354
2.821934700012207 354
2.8313040733337402 354
2.861543655395508 352
2.880417585372925 350
2.896084785461426 351
2.9195659160614014 354
2.92792010307312 356
2.9393134117126465 356
2.9490277767181396 356
2.9580512046813965 355
2.9660003185272217 354
2.9749629497528076 353
2.9841766357421875 353
2.992459297180176 354
3.0024192333221436 354
3.011129856109619 354
3.019357681274414 354
3.0271546840667725 354
3.0365500450134277 353
3.0460052490234375 352
3.0548698902130127 352
3.0632641315460205 352
3.0721793174743652 352
3.0809860229492188 353
3.0903735160827637 353
3.105128288269043 352
3.123229503631592 350
3.1426217555999756 350
3.160947561264038 354
3.1772069931030273 355
3.1877388954162598 355
3.195681095123291 355
3.2050914764404297 353
3.214632511138916 352
3.223175287246704 352
3.23160457611084 353
3.2419729232788086 353
3.2563114166259766 353
3.2657229900360107 352
3.27432918548584 352
3.2826201915740967 352
3.2919743061065674 352
3.3011341094970703 352
3.3096230030059814 352
3.3177924156188965 352
3.3255867958068848 352
3.334930658340454 352
3.345968723297119 351
3.354349136352539 351
3.362586259841919 351
3.377776861190796 351
3.394995927810669 351
3.4100286960601807 350
3.428170680999756 351
3.445282220840454 352
3.453646183013916 353
3.4696059226989746 352
3.479665994644165 351
3.489083766937256 350
3.4990222454071045 350
3.506331205368042 350
3.5154452323913574 351
3.523881435394287 352
3.532646656036377 352
3.541511297225952 352
3.551466464996338 350
3.5598342418670654 350
3.569218873977661 350
3.5764877796173096 350
3.5850956439971924 350
3.593384027481079 350
3.6033713817596436 350
3.619333028793335 350
3.6552984714508057 350
3.6797244548797607 350
3.6882660388946533 350
3.6990420818328857 350
3.708138942718506 350
3.716438055038452 350
3.726223945617676 350
3.7355446815490723 350
3.745309352874756 350
3.7545740604400635 350
3.7637457847595215 350
3.772043228149414 350
3.7806715965270996 350
3.789151191711426 350
3.797973394393921 350
3.80660343170166 350
3.815626621246338 350
3.8239500522613525 350
3.8325371742248535 350
3.8413031101226807 350
3.850579261779785 350
3.878329277038574 349
3.8929343223571777 350
3.9194791316986084 352
3.9295687675476074 353
3.937884569168091 352
3.946599006652832 352
3.956052303314209 351
3.9657387733459473 350
3.9755804538726807 350
3.983901262283325 351
3.9922428131103516 352
4.001506090164185 352
4.011040210723877 352
4.019942760467529 351
4.029144287109375 350
4.036543369293213 349
4.046366214752197 349
4.0618791580200195 351
4.070571660995483 352
4.079301118850708 353
4.08797550201416 352
4.096640586853027 352
4.10541844367981 351
4.121093034744263 351
4.142385721206665 355
4.1675636768341064 356
4.179338693618774 355
4.194035530090332 351
4.203809499740601 349
4.213484287261963 348
4.239494562149048 350
4.249837875366211 352
4.258209466934204 353
4.268622875213623 353
4.27622652053833 352
4.285506963729858 351
4.294439315795898 350
4.302682638168335 350
4.3120810985565186 351
4.321559190750122 352
4.331625938415527 352
4.339984655380249 351
4.349515438079834 350
4.357804536819458 348
4.368103981018066 348
4.375948429107666 349
4.384871006011963 350
4.393967390060425 350
4.40222954750061 349
4.411079168319702 349
4.426661729812622 348
4.435910701751709 349
4.464380979537964 351
4.488265514373779 349
4.504448175430298 346
4.513118267059326 344
4.522584676742554 342
4.533698558807373 342
4.5437912940979 342
4.5520851612091064 344
4.562039136886597 346
4.571760416030884 347
4.580280542373657 348
4.588888168334961 347
4.597856044769287 346
4.60581111907959 346
4.614361524581909 346
4.62507438659668 347
4.633479356765747 347
4.642381191253662 347
4.66602635383606 347
4.686063528060913 347
4.703005075454712 347
4.7182228565216064 347
4.729624032974243 347
4.738271951675415 347
4.748090744018555 347
4.75593638420105 347
4.768222093582153 347
4.782065153121948 347
4.794870615005493 347
4.806093692779541 347
4.817981719970703 347
4.831060171127319 347
4.842400789260864 347
4.865641117095947 346
4.883427619934082 346
4.899969816207886 349
4.9219818115234375 349
4.939030170440674 346
4.949862718582153 344
4.959489583969116 344
4.967703580856323 344
4.976486444473267 344
4.9861931800842285 345
4.995484828948975 346
