0 0
0.013106107711791992 0
0.031205177307128906 0
0.047773122787475586 2
0.06925582885742188 7
0.08655762672424316 13
0.09398889541625977 15
0.10578131675720215 18
0.11375737190246582 19
0.12303566932678223 20
0.13135361671447754 22
0.1408076286315918 24
0.1491842269897461 25
0.16001081466674805 28
0.16941070556640625 29
0.17797017097473145 29
0.18793869018554688 31
0.1965329647064209 33
0.20552778244018555 35
0.21349048614501953 35
0.22553539276123047 37
0.23345661163330078 37
0.24304747581481934 39
0.2517421245574951 41
0.26097583770751953 43
0.269334077835083 44
0.2780032157897949 45
0.28722476959228516 45
0.2967519760131836 47
0.30567169189453125 49
0.31351685523986816 51
0.32793641090393066 55
0.3367347717285156 57
0.3458585739135742 58
0.355663537979126 59
0.36359238624572754 59
0.37204599380493164 61
0.38019895553588867 63
0.3908243179321289 66
0.40002012252807617 69
0.40932273864746094 70
0.41805505752563477 71
0.4266033172607422 71
0.43402791023254395 72
0.443676233291626 75
0.4530327320098877 76
0.46204304695129395 77
0.4707493782043457 78
0.47903943061828613 79
0.4879896640777588 81
0.4972355365753174 83
0.5062575340270996 85
0.5139069557189941 86
0.523310661315918 87
0.5316095352172852 87
0.539940595626831 88
0.5500690937042236 90
0.5587942600250244 92
0.5670974254608154 92
0.5753991603851318 93
0.5838596820831299 94
0.5932459831237793 95
0.6029901504516602 97
0.6113715171813965 99
0.6271154880523682 101
0.6364967823028564 101
0.6455731391906738 103
0.6692943572998047 107
0.6876325607299805 110
0.7120695114135742 109
0.7389283180236816 107
0.7636406421661377 107
0.7732834815979004 108
0.7827482223510742 111
0.7912421226501465 112
0.8027770519256592 113
0.8111274242401123 113
0.8201775550842285 113
0.8288567066192627 114
0.8371281623840332 115
0.8454179763793945 117
0.8554162979125977 119
0.8666181564331055 119
0.8753297328948975 119
0.8838450908660889 120
0.8925483226776123 121
0.9030334949493408 124
0.9113147258758545 125
0.9201970100402832 126
0.9289019107818604 126
0.93743896484375 127
0.9457094669342041 127
0.9558315277099609 129
0.9637677669525146 130
0.9729640483856201 132
0.9820594787597656 132
0.9907763004302979 133
0.9993021488189697 133
1.0094425678253174 135
1.0187747478485107 136
1.0271718502044678 137
1.0353875160217285 139
1.043236255645752 139
1.0531232357025146 139
1.0616881847381592 141
1.0699632167816162 142
1.0796949863433838 143
1.0882391929626465 145
1.096895456314087 145
1.1074714660644531 146
1.1168017387390137 146
1.1293864250183105 147
1.1379671096801758 149
1.1472804546356201 151
1.157010793685913 152
1.1652865409851074 153
1.1732075214385986 153
1.183164358139038 153
1.1915643215179443 154
1.2000072002410889 155
1.2101380825042725 157
1.2200243473052979 158
1.2290925979614258 159
1.2376396656036377 159
1.2469308376312256 159
1.2562360763549805 160
1.2639539241790771 162
1.272674322128296 163
1.2814924716949463 164
1.290090560913086 164
1.2990281581878662 164
1.309356451034546 165
1.3187055587768555 166
1.3274481296539307 168
1.3357157707214355 169
1.3435418605804443 170
1.3526055812835693 170
1.3620381355285645 171
1.3717069625854492 171
1.381227731704712 172
1.3895411491394043 173
1.397993803024292 175
1.4082200527191162 175
1.417297124862671 176
1.4256455898284912 175
1.4335558414459229 176
1.4419212341308594 177
1.4510905742645264 177
1.4601824283599854 178
1.4689958095550537 178
1.4785487651824951 179
1.486912727355957 180
1.4942526817321777 181
1.503758430480957 182
1.51395845413208 182
1.522754192352295 182
1.53544282913208 183
1.5469481945037842 184
1.5552690029144287 187
1.5640745162963867 188
1.5727620124816895 188
1.5816218852996826 189
1.5898633003234863 189
1.5999555587768555 189
1.6117258071899414 191
1.6201958656311035 192
1.6289982795715332 194
1.637404441833496 195
1.646775722503662 195
1.654203176498413 194
1.6657023429870605 194
1.673614740371704 195
1.682786464691162 197
1.69118070602417 198
1.6994774341583252 199
1.709589958190918 199
1.719362497329712 199
1.7278966903686523 199
1.736255168914795 199
1.7448079586029053 201
1.753157138824463 202
1.761596441268921 204
1.7712140083312988 205
1.780125617980957 205
1.7888562679290771 205
1.7972171306610107 206
1.8067569732666016 208
1.8168058395385742 209
1.824134349822998 210
1.8327915668487549 210
1.8413188457489014 209
1.8502514362335205 209
1.85892653465271 210
1.8714663982391357 211
1.8812930583953857 211
1.8896262645721436 211
1.8985624313354492 211
1.908491611480713 213
1.9175808429718018 215
1.9259192943572998 217
1.9428584575653076 218
1.955552577972412 217
1.9688334465026855 216
1.9808294773101807 217
1.9930555820465088 219
2.0097920894622803 221
2.0229642391204834 222
2.0359270572662354 221
2.0440659523010254 220
2.0527687072753906 220
2.0611560344696045 221
2.071000814437866 222
2.080951452255249 223
2.0894041061401367 223
2.0979647636413574 223
2.1087520122528076 224
2.1172139644622803 226
2.1267974376678467 227
2.1340959072113037 228
2.1437206268310547 228
2.15244722366333 228
2.1609363555908203 229
2.1696858406066895 231
2.1799349784851074 232
2.1886541843414307 232
2.197258472442627 231
2.207172393798828 231
2.215465545654297 231
2.2240593433380127 232
2.232781410217285 233
2.241917610168457 235
2.25007963180542 235
2.259321451187134 235
2.267836332321167 234
2.2776222229003906 234
2.2859158515930176 234
2.2939090728759766 235
2.3034260272979736 236
2.312732219696045 237
2.3212673664093018 238
2.3341317176818848 237
2.3437108993530273 237
2.352599620819092 237
2.360929250717163 238
2.369345188140869 239
2.3795859813690186 241
2.3880395889282227 242
2.3966686725616455 241
2.4066009521484375 241
2.4140207767486572 240
2.4227895736694336 240
2.4319941997528076 241
2.441298007965088 242
2.4495491981506348 243
2.4581193923950195 243
2.466614246368408 243
2.4764866828918457 242
2.4839320182800293 243
2.492743730545044 243
2.5038461685180664 244
2.5133883953094482 245
2.521791458129883 246
2.531395196914673 245
2.540259838104248 245
2.549196481704712 244
2.557600259780884 244
2.565847396850586 245
2.57421875 246
2.5837743282318115 247
2.5922176837921143 247
2.601219892501831 247
2.6108086109161377 249
2.619466543197632 249
2.6289727687835693 249
2.6380386352539062 250
2.6466257572174072 251
2.654041290283203 251
2.662735939025879 251
2.6714348793029785 251
2.6810860633850098 252
2.689509391784668 253
2.6980440616607666 254
2.708245277404785 255
2.7168362140655518 254
2.724729299545288 253
2.739084243774414 254
2.74747633934021 255
2.7558224201202393 256
2.7638187408447266 257
2.7731757164001465 256
2.7827749252319336 256
2.790980577468872 256
2.799424171447754 257
2.809669017791748 259
2.8182027339935303 260
2.8267626762390137 261
2.836676836013794 260
2.8440918922424316 259
2.8528730869293213 258
2.861358642578125 258
2.8701930046081543 259
2.878933906555176 260
2.88824200630188 261
2.896759271621704 261
2.906625270843506 261
2.913881301879883 261
2.922645092010498 261
2.9307751655578613 262
2.941161632537842 263
2.949470281600952 265
2.9580326080322266 265
2.9665534496307373 265
2.975236177444458 265
2.983177900314331 265
2.9926135540008545 266
3.002662181854248 267
3.0121843814849854 268
3.0211915969848633 268
3.0295045375823975 267
3.039547920227051 266
3.048102378845215 266
3.056536912918091 267
3.0639562606811523 268
3.073401927947998 269
3.0817618370056152 268
3.091224431991577 267
3.0996601581573486 267
3.1096906661987305 267
3.1181182861328125 267
3.1266019344329834 269
3.1411170959472656 271
3.149592876434326 273
3.1586225032806396 273
3.166912794113159 273
3.175671339035034 272
3.183558940887451 272
3.1931564807891846 273
3.202589511871338 273
3.2107951641082764 274
3.2194175720214844 274
3.2285754680633545 275
3.2374351024627686 275
3.2467844486236572 275
3.2540676593780518 275
3.262681722640991 275
3.271728515625 277
3.280172109603882 277
3.289555788040161 277
3.2979936599731445 277
3.3077383041381836 277
3.3158352375030518 277
3.323754072189331 278
3.3337671756744385 279
3.343498706817627 279
3.35176682472229 278
3.3601150512695312 278
3.369220018386841 279
3.3776187896728516 280
3.3861207962036133 281
3.3955016136169434 281
3.4052743911743164 279
3.4131712913513184 278
3.4215710163116455 278
3.429816722869873 279
3.455371379852295 282
3.463726282119751 283
3.472975492477417 283
3.481276035308838 282
3.489624500274658 282
3.4996495246887207 282
3.5125725269317627 283
3.52101469039917 284
3.529515266418457 284
3.5453059673309326 283
3.5534260272979736 283
3.563955545425415 283
3.573072910308838 284
3.581611156463623 285
3.5900750160217285 285
3.6001601219177246 285
3.609288454055786 285
3.6188857555389404 284
3.627779006958008 285
3.6370112895965576 285
3.645850658416748 286
3.653834104537964 286
3.662532091140747 287
3.6713154315948486 286
3.6796493530273438 286
3.688091993331909 286
3.6975321769714355 286
3.707420825958252 287
3.715825080871582 287
3.7239460945129395 288
3.733206033706665 287
3.741609811782837 287
3.7511444091796875 287
3.7595396041870117 287
3.768636465072632 288
3.7771177291870117 289
3.7853851318359375 290
3.793332576751709 290
3.804196834564209 290
3.812818765640259 290
3.8211731910705566 290
3.8295092582702637 290
3.8385791778564453 290
3.847835063934326 291
3.8572285175323486 291
3.8665268421173096 291
3.8739190101623535 291
3.8827474117279053 291
3.8909969329833984 291
3.9017624855041504 291
3.909965753555298 292
3.91880202293396 292
3.927177906036377 293
3.9397995471954346 292
3.9493067264556885 291
3.958920955657959 291
3.9679739475250244 291
3.9765915870666504 291
3.983896493911743 292
3.9927525520324707 292
4.003265380859375 293
4.011575937271118 292
4.021737575531006 293
4.03375768661499 293
4.0457682609558105 292
4.058938026428223 291
4.0710179805755615 291
4.082194089889526 293
4.093774795532227 295
4.109997987747192 295
4.119194746017456 295
4.128910541534424 294
4.139070749282837 294
4.147395133972168 294
4.156844139099121 295
4.165522813796997 295
4.1733527183532715 295
4.181770086288452 295
4.189991474151611 295
4.199027061462402 295
4.209179639816284 295
4.21745491027832 295
4.225664377212524 295
4.2338690757751465 295
4.242739200592041 295
4.251528263092041 295
4.260982275009155 295
4.2697858810424805 295
4.278218030929565 295
4.286734104156494 295
4.294026613235474 295
4.3036792278289795 295
4.313186883926392 295
4.3214805126190186 295
4.330147981643677 295
4.343410491943359 295
4.351792097091675 295
4.362199068069458 295
4.370824575424194 295
4.379214763641357 295
4.387535333633423 295
4.396738290786743 295
4.405664920806885 295
4.4140944480896 295
4.4228761196136475 295
4.431731224060059 295
4.439943552017212 295
4.448642253875732 295
4.457319974899292 295
4.4672064781188965 295
4.4753923416137695 295
4.483397722244263 295
4.4916017055511475 295
4.50586199760437 295
4.514840841293335 295
4.522979736328125 295
4.53190279006958 295
4.540114402770996 295
4.548697471618652 295
4.556933403015137 295
4.567039728164673 295
4.57659912109375 295
4.583944082260132 295
4.592583894729614 295
4.602717399597168 295
4.611002206802368 295
4.620082139968872 295
4.6291728019714355 295
4.638178825378418 295
4.647047758102417 295
4.654837608337402 295
4.665529251098633 295
4.673346042633057 295
4.681604623794556 295
4.689762830734253 295
4.69883131980896 295
4.70799994468689 295
4.7174389362335205 295
4.726662874221802 295
4.733937501907349 295
4.7470011711120605 295
4.754793882369995 295
4.765848636627197 295
4.773728132247925 295
4.7825188636779785 295
4.7907373905181885 295
4.799632787704468 295
4.80892014503479 295
4.818073034286499 295
4.826889753341675 295
4.834212064743042 295
4.843025207519531 295
4.851311683654785 295
4.859995126724243 295
4.869465351104736 295
4.877851486206055 295
4.8858654499053955 295
4.895251512527466 295
4.903984546661377 295
4.9126365184783936 295
4.921769142150879 295
4.930170059204102 295
4.938760042190552 295
4.947096347808838 295
4.95524001121521 295
4.9636523723602295 295
4.973167896270752 295
4.981461763381958 295
4.989682674407959 295
4.999300956726074 295
