0 0
0.019864559173583984 0
0.03954315185546875 0
0.058020591735839844 2
0.07714343070983887 7
0.09238910675048828 14
0.11373186111450195 24
0.12978219985961914 33
0.13817691802978516 38
0.14765572547912598 42
0.15634894371032715 49
0.16501355171203613 54
0.1724557876586914 60
0.1836397647857666 68
0.19157743453979492 72
0.20116019248962402 80
0.20956134796142578 87
0.21831226348876953 93
0.2270798683166504 100
0.23723626136779785 107
0.2461228370666504 115
0.25476765632629395 121
0.26223301887512207 127
0.2710094451904297 134
0.2799243927001953 142
0.2939729690551758 153
0.30515527725219727 160
0.314176082611084 169
0.32221460342407227 175
0.33215928077697754 183
0.34101104736328125 190
0.3497285842895508 198
0.3581998348236084 204
0.36701536178588867 211
0.37541675567626953 219
0.38555479049682617 226
0.39403867721557617 234
0.4035043716430664 240
0.4119446277618408 249
0.4209766387939453 255
0.42940855026245117 262
0.43898630142211914 270
0.44800496101379395 278
0.45781922340393066 287
0.46647214889526367 293
0.47584056854248047 302
0.4853799343109131 308
0.49365687370300293 316
0.5023212432861328 323
0.511488676071167 329
0.519963264465332 336
0.5282082557678223 341
0.5379447937011719 346
0.5474157333374023 349
0.5558261871337891 352
0.5641109943389893 354
0.5720272064208984 356
0.581265926361084 356
0.5908346176147461 356
0.6000237464904785 357
0.6092867851257324 357
0.6176431179046631 357
0.626469612121582 358
0.6350057125091553 358
0.6456923484802246 359
0.6539630889892578 359
0.6619060039520264 359
0.670243501663208 358
0.679288387298584 358
0.6883983612060547 359
0.7064721584320068 360
0.7160220146179199 360
0.7241160869598389 360
0.7319207191467285 360
0.743633508682251 360
0.7514989376068115 359
0.7598559856414795 359
0.7680981159210205 360
0.7775764465332031 360
0.7858281135559082 360
0.795262336730957 360
0.8048017024993896 360
0.8136100769042969 360
0.8215305805206299 360
0.8298134803771973 359
0.8382267951965332 359
0.8489735126495361 360
0.8573269844055176 360
0.8656518459320068 361
0.8744697570800781 360
0.8820726871490479 360
0.8908717632293701 360
0.9015021324157715 359
0.9104311466217041 359
0.9185028076171875 360
0.9271945953369141 360
0.9355831146240234 360
0.9457018375396729 360
0.9539260864257812 360
0.9618663787841797 360
0.9736659526824951 360
0.9815118312835693 360
0.9897804260253906 360
0.9998047351837158 360
1.0088095664978027 360
1.0173516273498535 360
1.0255954265594482 360
1.0338826179504395 360
1.0421202182769775 360
1.0520474910736084 360
1.0607903003692627 360
1.0690767765045166 360
1.0781424045562744 360
1.0868792533874512 360
1.1009511947631836 360
1.110001564025879 360
1.1183452606201172 360
1.1270837783813477 360
1.1354544162750244 360
1.1441059112548828 360
1.1540522575378418 360
1.1618459224700928 360
1.1701819896697998 360
1.1793501377105713 360
1.1876323223114014 360
1.1962559223175049 360
1.207016944885254 360
1.2152817249298096 360
1.2230541706085205 360
1.2311949729919434 360
1.2401418685913086 360
1.2495067119598389 360
1.2584128379821777 360
1.2670443058013916 360
1.276010513305664 360
1.284120798110962 360
1.291882038116455 360
1.3030414581298828 360
1.3117382526397705 360
1.3202521800994873 360
1.3284528255462646 360
1.337367296218872 360
1.3460071086883545 360
1.3558030128479004 360
1.364025592803955 360
1.3722054958343506 360
1.3809809684753418 360
1.389223337173462 360
1.3975157737731934 360
1.4080359935760498 360
1.4168031215667725 359
1.4251461029052734 360
1.4324512481689453 360
1.441817283630371 360
1.4501562118530273 360
1.4602069854736328 360
1.4683506488800049 359
1.4790599346160889 359
1.48744535446167 359
1.5008349418640137 360
1.5107674598693848 360
1.5190999507904053 360
1.5275719165802002 360
1.5358312129974365 360
1.544886827468872 360
1.5538818836212158 359
1.5623986721038818 359
1.5716478824615479 359
1.5799002647399902 359
1.5882837772369385 359
1.5969688892364502 359
1.6076686382293701 359
1.6162810325622559 359
1.6247279644012451 359
1.6320929527282715 359
1.6414268016815186 358
1.6497375965118408 359
1.6592216491699219 359
1.6680271625518799 359
1.6771304607391357 358
1.685417890548706 358
1.6935844421386719 358
1.7117571830749512 359
1.7235119342803955 359
1.7340033054351807 359
1.745812177658081 359
1.7570438385009766 358
1.7699732780456543 358
1.781369924545288 358
1.7908966541290283 359
1.800236463546753 359
1.8104259967803955 359
1.8189964294433594 359
1.8283236026763916 358
1.8374309539794922 358
1.8458831310272217 358
1.8540656566619873 359
1.8636555671691895 359
1.8722093105316162 359
1.8808679580688477 358
1.889207124710083 358
1.9037954807281494 358
1.9130504131317139 359
1.921607255935669 360
1.9301273822784424 360
1.9392240047454834 360
1.9474995136260986 359
1.9558215141296387 358
1.9653730392456055 358
1.9753124713897705 358
1.9835357666015625 359
1.9913876056671143 359
2.001225709915161 359
2.0110538005828857 359
2.020246982574463 358
2.0283713340759277 358
2.037555456161499 358
2.0460214614868164 359
2.054131031036377 359
2.0619256496429443 358
2.0723342895507812 358
2.081003427505493 358
2.0892112255096436 358
2.0976545810699463 359
2.1072072982788086 359
2.116421699523926 359
2.1248939037323 358
2.1322779655456543 358
2.1412084102630615 358
2.1494734287261963 358
2.157855987548828 359
2.167766809463501 359
2.176886796951294 359
2.18522310256958 358
2.1930742263793945 358
2.2019917964935303 358
2.2103333473205566 358
2.2198894023895264 358
2.228119373321533 359
2.2375102043151855 359
2.245832920074463 358
2.254091501235962 358
2.261857271194458 358
2.2719030380249023 358
2.281162738800049 358
2.2893941402435303 358
2.3047385215759277 359
2.3122124671936035 358
2.3219056129455566 357
2.3308496475219727 357
2.342050075531006 357
2.350790023803711 358
2.3590269088745117 358
2.369297742843628 358
2.3776605129241943 358
2.3868017196655273 358
2.395191192626953 358
2.4049453735351562 358
2.4122536182403564 358
2.421642541885376 358
2.4299397468566895 359
2.439262628555298 358
2.447619676589966 358
2.4561893939971924 358
2.4649224281311035 358
2.4740946292877197 358
2.4823012351989746 358
2.490968942642212 358
2.5011813640594482 359
2.5094759464263916 359
2.5178933143615723 358
2.5274972915649414 358
2.536363124847412 358
2.544832468032837 358
2.552170515060425 358
2.560847043991089 358
2.5697124004364014 359
2.5793323516845703 359
2.588040590286255 358
2.5972299575805664 358
2.606801986694336 358
2.6150176525115967 358
2.623988151550293 358
2.6323494911193848 358
2.641251802444458 358
2.649465560913086 359
2.657759189605713 359
2.666797637939453 358
2.676029682159424 358
2.684169054031372 358
2.6919453144073486 358
2.7064623832702637 357
2.715104103088379 357
2.722421169281006 357
2.7330942153930664 358
2.7412972450256348 358
2.7496399879455566 358
2.758169174194336 357
2.7670750617980957 357
2.7762575149536133 357
2.7847743034362793 357
2.7925069332122803 357
2.802349090576172 358
2.8110194206237793 358
2.8195130825042725 358
2.8294074535369873 357
2.8377890586853027 357
2.847187042236328 356
2.855834484100342 357
2.865163803100586 358
2.8730270862579346 358
2.8821592330932617 358
2.891414165496826 358
2.9016146659851074 357
2.909883975982666 357
2.9181110858917236 357
2.926821231842041 357
2.936920642852783 357
2.9451751708984375 357
2.9530272483825684 358
2.9612748622894287 358
2.9702742099761963 357
2.979621171951294 356
2.987916946411133 356
2.997218370437622 357
3.0064451694488525 358
3.015108585357666 358
3.0224380493164062 358
3.032501697540283 358
3.0411529541015625 358
3.0494508743286133 357
3.057868719100952 357
3.0672004222869873 357
3.075422525405884 358
3.084913730621338 358
3.0922672748565674 358
3.1069297790527344 357
3.1154959201812744 356
3.123706102371216 357
3.138256311416626 358
3.1472461223602295 358
3.1556215286254883 357
3.164926528930664 356
3.1722912788391113 356
3.181884765625 356
3.1903316974639893 357
3.2010796070098877 357
3.2093312740325928 357
3.2176530361175537 357
3.225884437561035 357
3.2361347675323486 357
3.2443959712982178 357
3.252006769180298 357
3.2612438201904297 357
3.2695343494415283 357
3.2779386043548584 357
3.287458658218384 357
3.296358585357666 357
3.306020736694336 357
3.314154624938965 357
3.321951150894165 357
3.338181734085083 357
3.3469138145446777 357
3.355461359024048 357
3.3662571907043457 357
3.3747923374176025 357
3.38216233253479 357
3.391634702682495 357
3.4014968872070312 357
3.4098968505859375 357
3.418285608291626 357
3.4275364875793457 357
3.4370157718658447 357
3.4453041553497314 357
3.4535205364227295 357
3.461737632751465 357
3.4700210094451904 357
3.478339433670044 357
3.487781047821045 357
3.497074604034424 357
3.5107293128967285 357
3.5190906524658203 357
3.5281612873077393 357
3.537795305252075 357
3.546232223510742 357
3.5544917583465576 357
3.563040256500244 357
3.571296453475952 357
3.5795693397521973 357
3.5889902114868164 357
3.598371982574463 357
3.608154296875 357
3.6168670654296875 357
3.6256136894226074 357
3.6338226795196533 357
3.6423869132995605 357
3.651012420654297 357
3.660248041152954 357
3.668487787246704 357
3.677110195159912 357
3.6854164600372314 357
3.6954896450042725 357
3.7103044986724854 357
3.7200167179107666 357
3.730006456375122 357
3.7407970428466797 357
3.74953031539917 357
3.760244607925415 357
3.768418073654175 357
3.778347969055176 357
3.7900240421295166 357
3.806094169616699 357
3.818193197250366 357
3.830796003341675 357
3.8440446853637695 357
3.8563570976257324 357
3.8690550327301025 357
3.8803114891052246 357
3.894057035446167 357
3.907824993133545 357
3.9172074794769287 357
3.926245927810669 357
3.934857130050659 357
3.9421868324279785 357
3.95162034034729 357
3.9609198570251465 357
3.9691901206970215 357
3.9774999618530273 357
3.9858365058898926 357
3.9958088397979736 357
4.005179166793823 357
4.012488842010498 357
4.0218610763549805 357
4.030970811843872 357
4.039227724075317 357
4.048364877700806 357
4.057801961898804 357
4.066211462020874 357
4.0748610496521 357
4.082196235656738 357
4.091185808181763 357
4.101229429244995 357
4.109479188919067 357
4.117717742919922 357
4.127587556838989 357
4.1361777782440186 357
4.144479751586914 357
4.153643369674683 357
4.162046194076538 357
4.170799732208252 357
4.179025650024414 357
4.187852382659912 357
4.197178840637207 357
4.207358121871948 357
4.215681314468384 357
4.225513458251953 357
4.233708381652832 357
4.2415220737457275 357
4.2509942054748535 357
4.259703874588013 357
4.267940282821655 356
4.276452302932739 356
4.284971714019775 356
4.293857097625732 356
4.30817723274231 356
4.3171515464782715 356
4.326878547668457 356
4.335510015487671 356
4.344958543777466 356
4.355079650878906 356
4.362426996231079 356
4.371092796325684 356
4.379549980163574 356
4.389186382293701 356
4.39840292930603 356
4.409554719924927 356
4.41780948638916 356
4.426997184753418 356
4.435418605804443 356
4.443612575531006 356
4.452382326126099 356
4.4614033699035645 356
4.470844030380249 356
4.479068040847778 356
4.487879276275635 356
4.496500253677368 356
4.506983757019043 356
4.515285015106201 356
4.524158954620361 356
4.531947612762451 356
4.54027247428894 356
4.548388957977295 356
4.558084011077881 356
4.5667784214019775 356
4.575206995010376 356
4.582504510879517 356
4.591737270355225 356
4.601054906845093 356
4.61017632484436 356
4.6195080280303955 356
4.627791881561279 356
4.636258840560913 356
4.644756317138672 356
4.6535325050354 356
4.662158727645874 356
4.670818567276001 356
4.6792590618133545 356
4.688194036483765 356
4.696861028671265 356
4.710977077484131 356
4.7198967933654785 356
4.728290557861328 356
4.737704038619995 356
4.746147394180298 356
4.755311012268066 356
4.764790773391724 356
4.772132873535156 356
4.780845403671265 356
4.7896411418914795 356
4.798210382461548 356
4.807285308837891 356
4.81685471534729 356
4.826407432556152 356
4.835042953491211 356
4.84363865852356 356
4.855413436889648 356
4.864886283874512 356
4.87221622467041 356
4.880907773971558 356
4.889620065689087 356
4.8979127407073975 356
4.9073569774627686 356
4.916959285736084 356
4.9258739948272705 356
4.9341139793396 356
4.942369222640991 356
4.9518537521362305 356
4.962161064147949 356
4.970965623855591 356
4.97947096824646 356
4.988288640975952 356
4.996963977813721 356
