0 0
0.013514518737792969 0
0.030211925506591797 0
0.05487322807312012 3
0.07400369644165039 10
0.08809304237365723 15
0.09601116180419922 19
0.10543584823608398 24
0.11385035514831543 29
0.12230944633483887 34
0.13104796409606934 38
0.14103412628173828 44
0.1494133472442627 47
0.1576216220855713 51
0.16770410537719727 56
0.1761469841003418 60
0.1856985092163086 64
0.194138765335083 70
0.20304584503173828 73
0.21146655082702637 77
0.22006678581237793 81
0.22838807106018066 85
0.23878884315490723 90
0.24618840217590332 93
0.2550175189971924 96
0.2649037837982178 100
0.2737579345703125 104
0.282149076461792 108
0.2917323112487793 112
0.3002142906188965 116
0.30942845344543457 119
0.31763148307800293 123
0.3254506587982178 125
0.33382272720336914 128
0.3441641330718994 132
0.3523221015930176 135
0.3610663414001465 138
0.3715391159057617 142
0.38013267517089844 145
0.38954734802246094 148
0.39777684211730957 151
0.40633177757263184 154
0.4151113033294678 157
0.42337870597839355 159
0.4316902160644531 162
0.44565606117248535 166
0.45418429374694824 169
0.4649076461791992 172
0.4748399257659912 176
0.48314714431762695 178
0.4922764301300049 181
0.5014567375183105 184
0.5109610557556152 186
0.5210525989532471 189
0.5293800830841064 192
0.5383753776550293 194
0.5476357936859131 197
0.5554697513580322 198
0.5649065971374512 201
0.5739459991455078 204
0.583223819732666 206
0.592353105545044 208
0.6015605926513672 210
0.6099934577941895 212
0.6189923286437988 214
0.6263377666473389 216
0.6357121467590332 218
0.6454982757568359 220
0.6538589000701904 222
0.6623728275299072 224
0.6719870567321777 226
0.6811387538909912 228
0.6894550323486328 230
0.6992473602294922 232
0.7080543041229248 233
0.7158727645874023 235
0.7242898941040039 236
0.7333219051361084 238
0.7417745590209961 240
0.7512807846069336 242
0.7597675323486328 244
0.7700986862182617 246
0.7784557342529297 247
0.7860231399536133 248
0.7956256866455078 249
0.8049957752227783 250
0.8137407302856445 252
0.8221616744995117 254
0.8309752941131592 256
0.8442840576171875 258
0.8537096977233887 259
0.862396240234375 260
0.8723993301391602 262
0.8811943531036377 263
0.889561653137207 264
0.8995940685272217 266
0.9078731536865234 267
0.9157397747039795 268
0.9241421222686768 270
0.9334361553192139 270
0.9418351650238037 271
0.9514343738555908 272
0.9597651958465576 274
0.969822883605957 276
0.9783906936645508 277
0.9869933128356934 278
0.9952888488769531 278
1.005141258239746 279
1.0134339332580566 280
1.023141860961914 282
1.0322515964508057 283
1.0409362316131592 284
1.0503065586090088 284
1.0589940547943115 285
1.068845272064209 286
1.07619047164917 287
1.0854122638702393 288
1.0937433242797852 289
1.1037003993988037 290
1.112004280090332 291
1.1208539009094238 292
1.1291518211364746 292
1.1378824710845947 293
1.1457552909851074 294
1.155257225036621 295
1.1651756763458252 296
1.1734554767608643 296
1.1818768978118896 297
1.1910185813903809 298
1.199662446975708 298
1.2089905738830566 299
1.2163150310516357 300
1.224999189376831 300
1.2337417602539062 302
1.2459986209869385 302
1.2557175159454346 302
1.2652883529663086 303
1.2737326622009277 304
1.2820525169372559 305
1.2912867069244385 306
1.300234079360962 306
1.3096024990081787 306
1.3178250789642334 307
1.3256502151489258 308
1.3349270820617676 308
1.3432281017303467 309
1.3515655994415283 309
1.3610851764678955 310
1.3701181411743164 310
1.3783771991729736 310
1.3860199451446533 311
1.394670009613037 312
1.4048874378204346 312
1.413184404373169 312
1.4217920303344727 313
1.4310908317565918 314
1.439439296722412 314
1.447662591934204 315
1.4562301635742188 316
1.4663877487182617 316
1.4750537872314453 316
1.4835023880004883 317
1.492337703704834 318
1.5016825199127197 318
1.5112707614898682 318
1.5195162296295166 319
1.5277824401855469 319
1.5391771793365479 320
1.547025442123413 320
1.555436134338379 320
1.5663104057312012 320
1.5749926567077637 321
1.5832679271697998 322
1.5916197299957275 322
1.6013271808624268 322
1.6107923984527588 322
1.6192891597747803 323
1.632080316543579 324
1.6490905284881592 324
1.6640961170196533 324
1.675691843032837 325
1.6879174709320068 326
1.7004485130310059 326
1.7130587100982666 326
1.7218401432037354 326
1.7312161922454834 326
1.7394816875457764 326
1.7476332187652588 327
1.7554755210876465 327
1.7661845684051514 328
1.7749104499816895 328
1.7833740711212158 328
1.791640281677246 328
1.8008861541748047 328
1.8098030090332031 328
1.8193213939666748 328
1.8277316093444824 329
1.8356013298034668 329
1.844146490097046 330
1.852365493774414 330
1.8660945892333984 330
1.8748128414154053 330
1.8830504417419434 330
1.8913989067077637 330
1.900773048400879 330
1.9096136093139648 331
1.9191529750823975 332
1.927964448928833 332
1.9358348846435547 332
1.944411277770996 331
1.9524695873260498 331
1.9620590209960938 332
1.972029685974121 332
1.9808440208435059 332
1.9891412258148193 332
1.9977867603302002 333
2.0084683895111084 333
2.017709970474243 334
2.026393413543701 334
2.0350537300109863 334
2.049241065979004 333
2.0570359230041504 334
2.0688564777374268 334
2.076225757598877 335
2.085071325302124 335
2.094123125076294 335
2.1022441387176514 334
2.1113195419311523 334
2.1208529472351074 335
2.1297926902770996 336
2.1380317211151123 336
2.145965576171875 336
2.154697895050049 336
2.1641392707824707 336
2.1734232902526855 336
2.181701898574829 336
2.1901121139526367 336
2.199432611465454 336
2.2076358795166016 336
2.2159335613250732 336
2.2258312702178955 336
2.234170436859131 336
2.2422776222229004 336
2.2508935928344727 336
2.259819746017456 336
2.2697107791900635 336
2.277987003326416 336
2.2857677936553955 336
2.2949955463409424 336
2.3031911849975586 336
2.3119566440582275 336
2.3216888904571533 336
2.331015110015869 336
2.3392441272735596 336
2.3469982147216797 336
2.3552024364471436 336
2.364851713180542 336
2.373976469039917 336
2.382314443588257 336
2.3913891315460205 336
2.3996505737304688 336
2.4078874588012695 336
2.4161062240600586 336
2.426210880279541 336
2.434892177581787 336
2.4474945068359375 336
2.4553849697113037 336
2.4660089015960693 336
2.4755849838256836 336
2.483842611312866 336
2.4929752349853516 336
2.5014729499816895 336
2.5097618103027344 336
2.518948793411255 336
2.52809476852417 336
2.535825729370117 336
2.544146776199341 336
2.554302453994751 336
2.5651040077209473 336
2.5733206272125244 336
2.582294225692749 336
2.5916807651519775 336
2.600088357925415 336
2.6080944538116455 336
2.6158390045166016 336
2.6262736320495605 336
2.6349117755889893 336
2.643146514892578 336
2.6514039039611816 336
2.660799741744995 336
2.669830083847046 336
2.679469347000122 336
2.687596321105957 336
2.6958470344543457 336
2.7041454315185547 336
2.7122726440429688 336
2.7214877605438232 336
2.731614351272583 336
2.740163564682007 336
2.748359203338623 336
2.7570436000823975 336
2.7658774852752686 336
2.7742154598236084 336
2.7834832668304443 336
2.792151927947998 336
2.8009798526763916 336
2.809302568435669 336
2.817441463470459 336
2.8264050483703613 336
2.8358631134033203 336
2.8442280292510986 336
2.8575682640075684 336
2.8664417266845703 336
2.8752779960632324 336
2.8847250938415527 336
2.893437623977661 336
2.901792049407959 336
2.9102065563201904 336
2.918762683868408 336
2.9279298782348633 336
2.93647837638855 336
2.9451143741607666 336
2.9533517360687256 336
2.9623565673828125 336
2.971449375152588 336
2.9801149368286133 336
2.9897775650024414 336
2.9979615211486816 336
3.005728006362915 336
3.013981819152832 336
3.023036241531372 336
3.033022165298462 336
3.0415327548980713 336
3.0497794151306152 336
3.0591695308685303 336
3.069373607635498 336
3.0774924755096436 336
3.0861330032348633 336
3.0951967239379883 336
3.103637456893921 336
3.1119983196258545 336
3.1213090419769287 336
3.129584789276123 336
3.1389381885528564 336
3.146233320236206 336
3.155237913131714 336
3.164299249649048 336
3.172476291656494 336
3.181081771850586 336
3.1911776065826416 336
3.1994197368621826 336
3.207575559616089 336
3.215374231338501 336
3.224815607070923 336
3.2335002422332764 336
3.2430408000946045 336
3.2558610439300537 336
3.265425443649292 336
3.2738423347473145 336
3.28233003616333 336
3.2921853065490723 336
3.3009581565856934 336
3.3149313926696777 336
3.323621988296509 336
3.3318634033203125 336
3.341545820236206 336
3.34983229637146 336
3.359160900115967 336
3.367971658706665 336
3.375873327255249 336
3.3842391967773438 336
3.394406795501709 336
3.4029717445373535 336
3.4113054275512695 336
3.4203526973724365 336
3.4288430213928223 336
3.4361822605133057 336
3.446031093597412 336
3.4552626609802246 336
3.465221643447876 336
3.4735405445098877 336
3.4818012714385986 336
3.4918110370635986 336
3.500404119491577 336
3.508845090866089 336
3.516176462173462 336
3.525620460510254 336
3.5339162349700928 336
3.54441499710083 336
3.553328275680542 336
3.56162428855896 336
3.572082757949829 336
3.5817761421203613 336
3.591036081314087 336
3.600339651107788 336
3.608886480331421 336
3.6162312030792236 336
3.6254258155822754 336
3.633934497833252 336
3.643996477127075 336
3.656996488571167 336
3.66603684425354 336
3.6748452186584473 336
3.683217763900757 336
3.692115068435669 336
3.703061819076538 336
3.714719772338867 336
3.726132392883301 336
3.7380692958831787 336
3.751861810684204 336
3.764263868331909 336
3.775413990020752 336
3.7852447032928467 336
3.7935965061187744 336
3.8030295372009277 336
3.8113996982574463 336
3.820740222930908 336
3.8290131092071533 336
3.8363101482391357 336
3.8449630737304688 336
3.8554532527923584 336
3.86848521232605 336
3.876080274581909 336
3.8854713439941406 336
3.893921136856079 336
3.9032843112945557 336
3.9116158485412598 336
3.9212851524353027 336
3.9303789138793945 336
3.939054250717163 336
3.9463768005371094 336
3.9576597213745117 336
3.966228723526001 336
3.974874973297119 336
3.985848903656006 336
3.9942851066589355 336
4.003851413726807 336
4.012091875076294 336
4.021118879318237 336
4.029383420944214 336
4.037578344345093 336
4.045388698577881 336
4.0611772537231445 336
4.070377588272095 336
4.0789635181427 336
4.087635517120361 336
4.095432281494141 336
4.104955434799194 336
4.113224506378174 336
4.122232675552368 336
4.1309263706207275 336
4.139220952987671 336
4.147082805633545 336
4.158461570739746 336
4.1676390171051025 336
4.17540717124939 336
4.18444299697876 336
4.192780017852783 336
4.201237201690674 336
4.210775375366211 336
4.21970534324646 336
4.227954864501953 336
4.235785961151123 336
4.244288921356201 336
4.254006624221802 336
4.263717174530029 336
4.271954774856567 336
4.280791997909546 336
4.289758682250977 336
4.298046350479126 336
4.307618856430054 336
4.316080570220947 336
4.324795722961426 336
4.333005905151367 336
4.341364622116089 336
4.350196838378906 336
4.360998630523682 336
4.370199680328369 336
4.378465414047241 336
4.387519359588623 336
4.395370006561279 336
4.40366792678833 336
4.413259267807007 336
4.421995162963867 336
4.430483341217041 336
4.438934803009033 336
4.446266412734985 336
4.461172342300415 336
4.4718451499938965 336
4.481311321258545 336
4.490378141403198 336
4.4992594718933105 336
4.5070884227752686 336
4.517033815383911 336
4.525249719619751 336
4.533620357513428 336
4.54212212562561 336
4.5511314868927 336
4.5603554248809814 336
4.570164680480957 336
4.57841420173645 336
4.5864362716674805 336
4.595085382461548 336
4.603516101837158 335
4.612950325012207 335
4.621919393539429 335
4.630369663238525 335
4.638849258422852 334
4.647114515304565 334
4.655374526977539 334
4.667077302932739 335
4.675501585006714 335
4.684909105300903 334
4.693278074264526 334
4.701611518859863 334
4.710118532180786 334
4.720183610916138 333
4.728700876235962 333
4.736117362976074 333
4.744788885116577 333
4.7537267208099365 333
4.7637574672698975 332
4.772792816162109 332
4.782006502151489 332
4.790798902511597 332
4.799227237701416 332
4.807027339935303 332
4.817026615142822 332
4.825295448303223 331
4.833606481552124 331
4.84197998046875 331
4.855139493942261 330
4.865896224975586 330
4.874880313873291 330
4.883655071258545 330
4.891936302185059 330
4.90087628364563 330
4.909137725830078 330
4.919274091720581 330
4.927459239959717 329
4.935492992401123 329
4.9438371658325195 329
4.952954530715942 329
4.961566209793091 328
4.971753358840942 328
4.981537580490112 328
4.989859342575073 328
4.998080730438232 328
