0 0
0.014634370803833008 0
0.03593277931213379 0
0.056256771087646484 2
0.07270050048828125 8
0.09230279922485352 14
0.10057520866394043 19
0.10864448547363281 22
0.11882591247558594 29
0.12838029861450195 33
0.13683390617370605 40
0.1522669792175293 48
0.174346923828125 64
0.1925983428955078 76
0.2188889980316162 99
0.23740339279174805 114
0.2593510150909424 130
0.2784888744354248 143
0.2982609272003174 159
0.3160226345062256 173
0.33525633811950684 191
0.3551177978515625 208
0.37400364875793457 221
0.39739990234375 242
0.4342927932739258 270
0.461029052734375 295
0.4831366539001465 312
0.4933309555053711 320
0.5031766891479492 328
0.5122883319854736 336
0.5221140384674072 343
0.5310964584350586 352
0.5389974117279053 358
0.5507924556732178 366
0.5586779117584229 369
0.56740403175354 374
0.5760111808776855 377
0.585162878036499 380
0.5939691066741943 381
0.6034054756164551 382
0.6171982288360596 382
0.6264526844024658 381
0.636038064956665 380
0.644658088684082 377
0.6546990871429443 374
0.6632635593414307 370
0.6717519760131836 367
0.6806960105895996 362
0.6885361671447754 360
0.6970953941345215 357
0.7068345546722412 355
0.7160584926605225 354
0.7245452404022217 353
0.7339346408843994 354
0.7426376342773438 355
0.7527461051940918 357
0.7610728740692139 358
0.7690169811248779 360
0.7774291038513184 360
0.7865951061248779 361
0.7948880195617676 361
0.8043272495269775 361
0.8131434917449951 360
0.8218727111816406 360
0.8307995796203613 359
0.8386332988739014 359
0.8479764461517334 359
0.8571012020111084 359
0.8651821613311768 359
0.8738715648651123 359
0.8826773166656494 359
0.890911340713501 359
0.8986597061157227 359
0.9082539081573486 359
0.9170870780944824 359
0.9253849983215332 359
0.9345145225524902 359
0.9434716701507568 359
0.9537715911865234 359
0.9621455669403076 359
0.9694411754608154 359
0.9786663055419922 359
0.9869427680969238 359
0.9951674938201904 359
1.0046274662017822 359
1.0179634094238281 359
1.027874231338501 359
1.0362236499786377 359
1.045443058013916 359
1.0563642978668213 359
1.0654408931732178 359
1.0740714073181152 359
1.083172082901001 359
1.0914130210876465 359
1.0990171432495117 359
1.108530044555664 359
1.1169888973236084 359
1.1257457733154297 359
1.1347267627716064 359
1.1438007354736328 359
1.1525988578796387 359
1.1621041297912598 359
1.1693799495697021 359
1.178462028503418 359
1.1868433952331543 359
1.1950452327728271 359
1.2034351825714111 359
1.21392822265625 359
1.2221605777740479 359
1.2310431003570557 359
1.238832712173462 359
1.2487504482269287 359
1.257002353668213 359
1.2663774490356445 359
1.2746238708496094 359
1.2837717533111572 359
1.2919731140136719 359
1.2992808818817139 359
1.3080437183380127 359
1.317824363708496 359
1.3267769813537598 359
1.3351669311523438 359
1.3443858623504639 359
1.3533024787902832 359
1.3626952171325684 359
1.370915174484253 359
1.3792972564697266 359
1.3879501819610596 359
1.396179437637329 359
1.4044504165649414 359
1.418360948562622 359
1.4323360919952393 359
1.4447622299194336 359
1.4569430351257324 359
1.4663171768188477 359
1.47532057762146 359
1.4841046333312988 359
1.4924218654632568 359
1.5005741119384766 359
1.5087456703186035 359
1.5181972980499268 359
1.5273692607879639 359
1.5354597568511963 359
1.54475736618042 359
1.5531549453735352 359
1.5623958110809326 359
1.5725107192993164 359
1.5816948413848877 359
1.5890371799468994 359
1.59773850440979 359
1.6061766147613525 359
1.6162126064300537 359
1.624572992324829 359
1.6338202953338623 359
1.6424243450164795 359
1.6506152153015137 359
1.6588916778564453 359
1.668510913848877 359
1.6774024963378906 359
1.685455083847046 359
1.694075584411621 359
1.7022874355316162 359
1.7110674381256104 359
1.7204382419586182 359
1.7291321754455566 359
1.7378990650177002 359
1.746598482131958 359
1.7548654079437256 359
1.7639985084533691 359
1.7733607292175293 359
1.781991958618164 359
1.7892796993255615 359
1.7979650497436523 359
1.8061678409576416 359
1.8188645839691162 359
1.828383445739746 359
1.8377368450164795 359
1.8462104797363281 359
1.8545215129852295 359
1.8637666702270508 359
1.8738183975219727 359
1.882110357284546 359
1.8893840312957764 359
1.897991418838501 359
1.9067325592041016 359
1.914987325668335 359
1.9245128631591797 359
1.9343957901000977 359
1.942716121673584 359
1.9509260654449463 359
1.9587016105651855 359
1.9686193466186523 359
1.9779503345489502 359
1.9861834049224854 359
1.9946238994598389 359
2.0030620098114014 359
2.0129544734954834 359
2.022378921508789 359
2.0324997901916504 359
2.0406618118286133 359
2.0484261512756348 359
2.056734085083008 359
2.065913200378418 358
2.0778579711914062 358
2.0867693424224854 359
2.095993757247925 359
2.1043193340301514 359
2.11261248588562 359
2.1207737922668457 358
2.132110595703125 358
2.1394457817077637 358
2.1482431888580322 358
2.15653657913208 358
2.1648061275482178 358
2.173203945159912 358
2.1824886798858643 358
2.1906352043151855 358
2.1984286308288574 358
2.206839084625244 358
2.2189440727233887 358
2.230855703353882 358
2.2387518882751465 358
2.2472164630889893 358
2.255458354949951 358
2.2646539211273193 358
2.273073673248291 358
2.2824087142944336 358
2.2916817665100098 358
2.298996925354004 358
2.307399034500122 358
2.3154356479644775 358
2.324855089187622 358
2.334972858428955 358
2.343369245529175 358
2.351851224899292 358
2.3605916500091553 358
2.3683879375457764 358
2.37825345993042 358
2.3867430686950684 358
2.39601993560791 358
2.4043374061584473 358
2.4125936031341553 358
2.4207992553710938 358
2.4372944831848145 358
2.44765567779541 358
2.4567172527313232 358
2.466557741165161 358
2.4819061756134033 358
2.4942808151245117 358
2.505812168121338 358
2.517925262451172 358
2.5323023796081543 358
2.5441181659698486 358
2.5566904544830322 358
2.5684237480163574 358
2.580662250518799 358
2.592379331588745 358
2.600524663925171 358
2.608391284942627 358
2.622098922729492 357
2.6317696571350098 357
2.6408538818359375 358
2.648916006088257 358
2.6579794883728027 358
2.666173219680786 358
2.674424886703491 358
2.6843292713165283 357
2.6933958530426025 357
2.7018845081329346 357
2.709195375442505 357
2.7178356647491455 357
2.7268996238708496 357
2.7363569736480713 357
2.7447431087493896 358
2.7538983821868896 358
2.762176275253296 358
2.76946759223938 358
2.7782773971557617 357
2.7887682914733887 358
2.797125816345215 358
2.8053841590881348 358
2.813992977142334 358
2.82265567779541 358
2.83199405670166 357
2.8410680294036865 357
2.8488407135009766 357
2.8580989837646484 357
2.8665034770965576 357
2.8746869564056396 357
2.883166551589966 356
2.8931660652160645 356
2.901763439178467 357
2.9091439247131348 357
2.917799234390259 357
2.9279160499572754 357
2.936241865158081 356
2.9453330039978027 356
2.954550266265869 356
2.9628443717956543 357
2.971065044403076 357
2.978853702545166 357
2.989013433456421 357
2.997699022293091 356
3.0057942867279053 356
3.017944097518921 356
3.0332398414611816 357
3.0480563640594482 357
3.056687116622925 357
3.0663061141967773 357
3.0746243000030518 357
3.082855463027954 357
3.093749761581421 357
3.102189779281616 357
3.1100010871887207 356
3.118614673614502 356
3.1278107166290283 356
3.135969638824463 356
3.1450247764587402 357
3.154431104660034 357
3.163141965866089 357
3.1714015007019043 356
3.1789987087249756 356
3.1882619857788086 356
3.1980695724487305 356
3.206280469894409 356
3.214634418487549 357
3.223982572555542 357
3.2329628467559814 356
3.241065263748169 356
3.2508184909820557 356
3.258589744567871 356
3.2668464183807373 357
3.275085926055908 357
3.2844443321228027 357
3.2928497791290283 356
3.3028371334075928 356
3.3110432624816895 356
3.3193509578704834 356
3.328817129135132 356
3.337104082107544 356
3.3465895652770996 357
3.355149507522583 357
3.3638241291046143 357
3.3720710277557373 356
3.379391670227051 356
3.3886208534240723 356
3.398059129714966 356
3.4064266681671143 356
3.41465425491333 356
3.432964563369751 357
3.4410576820373535 356
3.4511373043060303 356
3.4589591026306152 356
3.4677374362945557 356
3.4757981300354004 356
3.4851019382476807 356
3.493783712387085 356
3.504532814025879 356
3.51401948928833 356
3.523092269897461 356
3.5323574542999268 356
3.5406157970428467 356
3.5506629943847656 356
3.564990282058716 356
3.574455976486206 356
3.584916830062866 356
3.5933680534362793 356
3.602756977081299 356
3.611889123916626 356
3.6207566261291504 356
3.629204511642456 356
3.6378273963928223 356
3.646243095397949 356
3.656297445297241 356
3.6646807193756104 356
3.672980308532715 356
3.681922435760498 356
3.6892082691192627 356
3.6978628635406494 356
3.7070889472961426 356
3.71630859375 356
3.724597692489624 356
3.734401226043701 356
3.742643117904663 356
3.7525181770324707 356
3.7607457637786865 356
3.768704891204834 356
3.776965856552124 356
3.786067008972168 356
3.7944958209991455 356
3.8039615154266357 356
3.8133716583251953 356
3.827728748321533 356
3.8360424041748047 356
3.8453011512756348 356
3.856574296951294 356
3.8648602962493896 356
3.8733410835266113 356
3.8822739124298096 356
3.890537977218628 356
3.898413896560669 356
3.90871524810791 356
3.9187092781066895 356
3.928499937057495 356
3.9367477893829346 356
3.9457576274871826 356
3.955946683883667 356
3.9646811485290527 356
3.9730679988861084 356
3.9826714992523193 356
3.990910768508911 356
3.999990940093994 356
4.009161472320557 356
4.018766403198242 356
4.02850866317749 356
4.036806344985962 356
4.044974088668823 356
4.054826974868774 356
4.065133094787598 356
4.074332237243652 356
4.084292411804199 356
4.093059539794922 356
4.1011433601379395 356
4.110593318939209 356
4.1190032958984375 356
4.128557443618774 356
4.13685941696167 356
4.145022392272949 356
4.154223680496216 356
4.163447618484497 356
4.17195987701416 356
4.180817127227783 356
4.188791513442993 356
4.197126626968384 356
4.205325126647949 356
4.215258836746216 356
4.228991746902466 356
4.23773455619812 356
4.246945858001709 356
4.255296468734741 356
4.264770746231079 356
4.273186922073364 356
4.282276630401611 356
4.290489435195923 356
4.298736095428467 356
4.307226181030273 356
4.317127227783203 356
4.326833009719849 356
4.335203170776367 356
4.343848466873169 356
4.352729320526123 356
4.362297773361206 356
4.370558977127075 356
4.378780364990234 356
4.387004613876343 356
4.396466255187988 356
4.406670331954956 356
4.416600227355957 356
4.426074981689453 356
4.435004949569702 356
4.444126605987549 356
4.452410697937012 355
4.460617780685425 355
4.469396591186523 355
4.478694200515747 355
4.487185001373291 355
4.4952967166900635 355
4.503953695297241 355
4.512664556503296 355
4.522162675857544 355
4.532031297683716 355
4.539289236068726 355
4.55241847038269 355
4.563780784606934 355
4.577406167984009 355
4.5884621143341064 355
4.601809024810791 355
4.613909959793091 355
4.633913278579712 355
4.646039009094238 355
4.654526233673096 355
4.663060903549194 355
4.672417879104614 355
4.6805949211120605 355
4.688404083251953 355
4.696728944778442 355
4.704969882965088 355
4.713716268539429 355
4.723140716552734 355
4.732845783233643 355
4.742151260375977 355
4.749422311782837 355
4.7581164836883545 355
4.766385555267334 355
4.776278734207153 355
4.784693717956543 355
4.793083906173706 355
4.801114320755005 355
4.80888819694519 355
4.817225933074951 355
4.82786226272583 355
4.836155414581299 355
4.844614028930664 355
4.853180885314941 355
4.86141037940979 355
4.868999242782593 355
4.878506183624268 355
4.886805295944214 355
4.894996643066406 355
4.903915166854858 355
4.912287950515747 355
4.922593593597412 355
4.932561635971069 355
4.941681385040283 355
4.949023723602295 355
4.957412481307983 355
4.966640472412109 355
4.975972890853882 355
4.9845030307769775 355
4.992809772491455 355
