0 0
0.01577138900756836 0
0.032442569732666016 0
0.05016040802001953 2
0.06453323364257812 6
0.08679509162902832 14
0.09885287284851074 20
0.11375546455383301 27
0.12202167510986328 33
0.13013386726379395 36
0.13868069648742676 43
0.14870142936706543 49
0.1569511890411377 55
0.1704394817352295 64
0.17954540252685547 70
0.187896728515625 76
0.19631671905517578 83
0.20618081092834473 89
0.2153775691986084 97
0.22388815879821777 103
0.2321944236755371 111
0.24017930030822754 116
0.250302791595459 123
0.25878429412841797 131
0.26782822608947754 139
0.27667808532714844 146
0.28626251220703125 152
0.2948920726776123 160
0.30432653427124023 168
0.3143301010131836 176
0.32270002365112305 182
0.3307223320007324 189
0.3394911289215088 196
0.350513219833374 205
0.35950422286987305 212
0.36881136894226074 220
0.3781888484954834 228
0.38671040534973145 235
0.3955092430114746 242
0.40497279167175293 250
0.41405367851257324 256
0.4232747554779053 264
0.430739164352417 271
0.43952488899230957 278
0.44875025749206543 286
0.4582352638244629 294
0.46682047843933105 300
0.47621679306030273 306
0.48555493354797363 314
0.4938652515411377 318
0.5059890747070312 324
0.5163135528564453 329
0.5256047248840332 332
0.5340514183044434 334
0.5422749519348145 337
0.5507054328918457 339
0.5602982044219971 341
0.5698742866516113 343
0.5789921283721924 345
0.5874886512756348 346
0.5958225727081299 348
0.6040892601013184 349
0.6143350601196289 350
0.6235558986663818 350
0.6308917999267578 351
0.639955997467041 352
0.6486656665802002 353
0.6580731868743896 354
0.6664204597473145 354
0.6840841770172119 355
0.7040488719940186 356
0.7240216732025146 358
0.7438642978668213 357
0.7636213302612305 354
0.7846193313598633 354
0.8059084415435791 357
0.8268852233886719 362
0.8466863632202148 364
0.8666791915893555 361
0.8909804821014404 355
0.9265096187591553 353
0.9538624286651611 358
0.9858622550964355 367
1.002549171447754 371
1.0224483013153076 371
1.0447673797607422 367
1.0640053749084473 362
1.0854766368865967 357
1.1021435260772705 357
1.119720458984375 359
1.1376137733459473 362
1.159644365310669 360
1.180661678314209 354
1.200099229812622 352
1.2180769443511963 351
1.2433490753173828 355
1.260359287261963 359
1.2799303531646729 359
1.2997353076934814 356
1.320976734161377 352
1.3424947261810303 351
1.3587136268615723 353
1.382620096206665 358
1.3987603187561035 359
1.419874668121338 358
1.4368057250976562 354
1.4547045230865479 353
1.483858585357666 356
1.493562936782837 359
1.51068115234375 361
1.530153512954712 360
1.5493369102478027 356
1.5649762153625488 352
1.585900068283081 352
1.6075363159179688 355
1.6208205223083496 358
1.6404309272766113 359
1.6587262153625488 357
1.6795504093170166 353
1.6947004795074463 350
1.7202234268188477 352
1.7395391464233398 358
1.7561078071594238 361
1.7763378620147705 361
1.7954447269439697 358
1.8156955242156982 354
1.832341194152832 352
1.8521833419799805 355
1.8689961433410645 358
1.8922665119171143 359
1.9096448421478271 357
1.9266209602355957 352
1.9464380741119385 350
1.9646177291870117 352
1.9849376678466797 358
2.00606369972229 361
2.026900053024292 361
2.0368189811706543 360
2.045867443084717 358
2.054142475128174 356
2.0634684562683105 356
2.077319622039795 357
2.0884063243865967 358
2.09676194190979 358
2.105785846710205 357
2.1185073852539062 356
2.126990795135498 355
2.136951446533203 355
2.1456189155578613 355
2.1538567543029785 355
2.162632942199707 355
2.1715731620788574 355
2.1798782348632812 355
2.1894643306732178 355
2.1976351737976074 354
2.2064690589904785 354
2.2149479389190674 355
2.2236125469207764 355
2.2315754890441895 356
2.2408862113952637 354
2.2497787475585938 354
2.258042335510254 354
2.266960859298706 354
2.2760190963745117 354
2.285637140274048 355
2.2939629554748535 355
2.3033788204193115 354
2.310699224472046 354
2.3194243907928467 354
2.3276243209838867 354
2.337768316268921 354
2.3461291790008545 355
2.354667901992798 355
2.36368727684021 355
2.3735315799713135 354
2.3808953762054443 354
2.390488386154175 354
2.398787498474121 354
2.4079952239990234 354
2.4162518978118896 354
2.4248034954071045 354
2.4336256980895996 354
2.442711114883423 354
2.4504919052124023 354
2.458813190460205 354
2.469681978225708 353
2.4779300689697266 353
2.486345052719116 354
2.495854616165161 354
2.5047719478607178 354
2.525859832763672 353
2.5456607341766357 352
2.5622341632843018 352
2.580967426300049 354
2.600189447402954 355
2.6177096366882324 354
2.6398963928222656 350
2.659815788269043 348
2.67872953414917 350
2.6999709606170654 354
2.7175495624542236 357
2.7342188358306885 357
2.7540178298950195 355
2.7743113040924072 351
2.7955753803253174 351
2.8133416175842285 354
2.8342747688293457 356
2.8555314540863037 354
2.8743984699249268 348
2.8985087871551514 344
2.9256415367126465 346
2.940694570541382 351
2.9588561058044434 354
2.9858505725860596 353
3.00848650932312 347
3.0346484184265137 344
3.058842182159424 348
3.078322410583496 354
3.1006882190704346 357
3.130265951156616 356
3.1437876224517822 352
3.1720736026763916 348
3.1896486282348633 349
3.208132028579712 354
3.2281928062438965 356
3.24497652053833 356
3.2648606300354004 352
3.284618854522705 350
3.294063091278076 349
3.3060548305511475 349
3.3197762966156006 350
3.329746961593628 350
3.3381638526916504 351
3.3467905521392822 351
3.3576011657714844 350
3.3675131797790527 349
3.3764724731445312 349
3.385329008102417 349
3.394791841506958 350
3.4032692909240723 350
3.4123263359069824 350
3.4216384887695312 350
3.430969715118408 350
3.439554452896118 350
3.4479408264160156 350
3.456953525543213 350
3.466233491897583 350
3.4756197929382324 350
3.484408378601074 350
3.4960989952087402 350
3.504678964614868 350
3.514389753341675 350
3.522629737854004 350
3.530789852142334 350
3.5394439697265625 350
3.5489590167999268 350
3.558304786682129 350
3.568554162979126 350
3.576747417449951 350
3.586211919784546 350
3.59611177444458 350
3.605782985687256 350
3.614964723587036 350
3.623534917831421 350
3.6324095726013184 350
3.640167474746704 350
3.6484291553497314 350
3.656726360321045 350
3.667941093444824 350
3.676236152648926 350
3.6848196983337402 350
3.6941137313842773 350
3.7023050785064697 350
3.710871934890747 350
3.72393798828125 350
3.733440399169922 350
3.740795612335205 350
3.7497968673706055 350
3.758063554763794 350
3.7696943283081055 350
3.777949571609497 350
3.7861809730529785 350
3.7950387001037598 350
3.8036608695983887 350
3.812901258468628 350
3.8204760551452637 350
3.8295490741729736 350
3.837796211242676 350
3.8460841178894043 350
3.854315757751465 350
3.864698886871338 350
3.873859405517578 350
3.882023334503174 350
3.8898308277130127 350
3.89840030670166 350
3.9066085815429688 349
3.9161922931671143 349
3.9255712032318115 349
3.9338560104370117 349
3.943437099456787 350
3.9507462978363037 350
3.960378885269165 349
3.9707000255584717 349
3.9793853759765625 349
3.9877572059631348 349
3.9965882301330566 349
4.00572395324707 349
4.013963937759399 349
4.02343487739563 348
4.032243013381958 348
4.040054559707642 348
4.048513650894165 349
4.0593953132629395 349
4.069803237915039 348
4.07813572883606 348
4.086413383483887 348
4.095671653747559 348
4.104674816131592 348
4.112704038619995 348
4.1264824867248535 348
4.1353325843811035 348
4.14367413520813 348
4.15094780921936 348
4.160215616226196 348
4.170659065246582 348
4.179605722427368 348
4.187870979309082 348
4.196748733520508 348
4.205405235290527 348
4.21419095993042 348
4.224040746688843 348
4.232161283493042 348
4.239977121353149 348
4.248422622680664 348
4.2581562995910645 348
4.266406059265137 348
4.276488780975342 347
4.286097764968872 347
4.2961647510528564 348
4.305023908615112 348
4.313986778259277 348
4.32435154914856 348
4.333719730377197 348
4.340972900390625 347
4.349823951721191 347
4.358841419219971 347
4.367914199829102 348
4.377575635910034 348
4.38607931137085 348
4.394874572753906 348
4.403494119644165 347
4.410851001739502 346
4.420017957687378 346
4.429849147796631 347
4.438223361968994 348
4.446483612060547 348
4.455615043640137 348
4.464134216308594 347
4.4743170738220215 347
4.482532739639282 347
4.490903377532959 348
4.499552965164185 348
4.5077478885650635 348
4.51662802696228 347
4.53783655166626 348
4.546341896057129 349
4.555781364440918 350
4.564953088760376 349
4.575656414031982 348
4.584341764450073 346
4.593576192855835 346
4.6009063720703125 346
4.609529733657837 346
4.618518590927124 347
4.6286845207214355 347
4.636852264404297 346
4.645701169967651 346
4.654727220535278 346
4.662994861602783 346
4.672204256057739 346
4.680825710296631 347
4.689927339553833 347
4.698235988616943 346
4.706632614135742 346
4.715385913848877 346
4.724889278411865 346
4.7342119216918945 346
4.742465972900391 346
4.750643968582153 346
4.759853839874268 346
4.769930362701416 346
4.779486894607544 346
4.788404941558838 346
4.796782493591309 346
4.8054587841033936 346
4.8137171268463135 346
4.823486566543579 346
4.8324668407440186 346
4.840256214141846 346
4.848485469818115 346
4.857528209686279 346
4.865941047668457 346
4.87534761428833 346
4.884713649749756 346
4.893839120864868 346
4.901645660400391 346
4.909993410110474 346
4.924266815185547 346
4.934023380279541 346
4.942191123962402 346
4.950272798538208 346
4.959670305252075 346
4.968571901321411 346
4.976795434951782 346
4.98949933052063 346
