0 0
0.013378620147705078 0
0.034780025482177734 0
0.054949283599853516 2
0.0767669677734375 9
0.08747124671936035 13
0.09617304801940918 16
0.10491728782653809 18
0.1141805648803711 20
0.12268328666687012 22
0.1318674087524414 24
0.1405963897705078 25
0.1500563621520996 27
0.15868186950683594 28
0.16606497764587402 29
0.17531108856201172 31
0.18564796447753906 34
0.19496440887451172 37
0.20325660705566406 38
0.21167445182800293 40
0.2207791805267334 41
0.22933077812194824 42
0.2388908863067627 44
0.24776911735534668 46
0.2561964988708496 48
0.26491522789001465 49
0.27336978912353516 52
0.2836945056915283 53
0.2932910919189453 53
0.3016688823699951 54
0.3107919692993164 55
0.31981754302978516 58
0.3281834125518799 60
0.33745455741882324 61
0.34606480598449707 62
0.3554990291595459 63
0.36394739151000977 65
0.3725087642669678 67
0.3813321590423584 68
0.3912522792816162 71
0.40148019790649414 72
0.4105401039123535 73
0.4200870990753174 74
0.4290473461151123 76
0.43872570991516113 79
0.44755125045776367 82
0.46147584915161133 84
0.4705319404602051 84
0.4794893264770508 85
0.48918581008911133 86
0.49860310554504395 88
0.5060503482818604 90
0.5154170989990234 93
0.5238761901855469 94
0.5325424671173096 95
0.5419113636016846 96
0.5511391162872314 98
0.5600769519805908 100
0.5685935020446777 102
0.5760335922241211 103
0.5851795673370361 103
0.5993192195892334 104
0.6112804412841797 107
0.6230347156524658 110
0.6346731185913086 111
0.6488180160522461 112
0.6608047485351562 113
0.6730103492736816 115
0.6845297813415527 117
0.6950569152832031 120
0.7033712863922119 122
0.7126669883728027 122
0.7211418151855469 123
0.7294974327087402 123
0.737818717956543 124
0.7486765384674072 126
0.75604248046875 128
0.7652640342712402 130
0.7738847732543945 131
0.7829475402832031 131
0.7936344146728516 131
0.8021047115325928 132
0.8114161491394043 134
0.8199586868286133 136
0.828732967376709 137
0.8361659049987793 138
0.8460888862609863 138
0.8592715263366699 138
0.8687167167663574 140
0.8776602745056152 142
0.8857033252716064 143
0.8961820602416992 144
0.9048700332641602 144
0.9140183925628662 145
0.9221992492675781 146
0.9311497211456299 148
0.9395153522491455 150
0.9500131607055664 151
0.9588086605072021 152
0.9698152542114258 154
0.9790375232696533 155
0.9873292446136475 156
0.997485876083374 157
1.0053632259368896 158
1.0141708850860596 159
1.0227739810943604 160
1.0312087535858154 162
1.0395591259002686 162
1.0500342845916748 163
1.0587103366851807 164
1.066061019897461 165
1.0760180950164795 167
1.084712266921997 168
1.0935924053192139 168
1.103147029876709 169
1.1120550632476807 170
1.1207194328308105 171
1.1291882991790771 172
1.1374294757843018 174
1.1515886783599854 176
1.1609899997711182 176
1.1693918704986572 176
1.1786036491394043 176
1.185986042022705 178
1.195643663406372 179
1.206186056137085 181
1.215193271636963 181
1.2236301898956299 182
1.2319233417510986 182
1.241142749786377 183
1.2507829666137695 184
1.2655165195465088 185
1.2757980823516846 186
1.2847073078155518 188
1.2940068244934082 189
1.3034441471099854 190
1.3120951652526855 190
1.32100248336792 191
1.3293108940124512 192
1.3375561237335205 193
1.3458685874938965 194
1.355482578277588 194
1.364001750946045 194
1.373260498046875 195
1.3821218013763428 197
1.3908820152282715 198
1.40071702003479 199
1.4109296798706055 199
1.4192867279052734 200
1.4276750087738037 201
1.435631275177002 202
1.4449489116668701 203
1.454629898071289 204
1.4629464149475098 204
1.4713613986968994 204
1.4810950756072998 204
1.489595651626587 206
1.4991891384124756 207
1.5094130039215088 209
1.5177009105682373 210
1.5255239009857178 210
1.533992052078247 210
1.5431132316589355 211
1.5515413284301758 212
1.5611679553985596 214
1.5694963932037354 214
1.5790462493896484 214
1.5879015922546387 215
1.597360610961914 217
1.6067519187927246 218
1.615128755569458 218
1.623483657836914 219
1.6319208145141602 219
1.6411867141723633 220
1.6495273113250732 221
1.6617968082427979 222
1.6721525192260742 222
1.6810359954833984 222
1.6901156902313232 223
1.6994142532348633 225
1.7096095085144043 226
1.7178361415863037 227
1.725625991821289 227
1.734588623046875 227
1.743506669998169 227
1.7518272399902344 228
1.7613847255706787 229
1.7712602615356445 230
1.77974271774292 231
1.7919743061065674 232
1.8056633472442627 231
1.8152480125427246 230
1.8236773014068604 231
1.8319134712219238 232
1.8411047458648682 232
1.849527359008789 233
1.8580989837646484 232
1.8675274848937988 233
1.8759849071502686 234
1.8846733570098877 235
1.8947217464447021 235
1.9037189483642578 235
1.9135775566101074 236
1.9219980239868164 236
1.9307677745819092 237
1.9394910335540771 239
1.9477653503417969 240
1.9556457996368408 240
1.9652514457702637 240
1.974761724472046 239
1.983062744140625 240
1.9915170669555664 241
2.0008652210235596 241
2.0113680362701416 242
2.021056890487671 242
2.0295822620391846 242
2.039013385772705 243
2.047229766845703 244
2.0551557540893555 246
2.0705301761627197 246
2.0790796279907227 246
2.087345600128174 245
2.0976333618164062 246
2.1060924530029297 246
2.115614414215088 248
2.1240482330322266 248
2.132578134536743 248
2.141730785369873 248
2.150683641433716 249
2.159099817276001 250
2.169053316116333 252
2.1773734092712402 252
2.1852431297302246 252
2.194591999053955 252
2.2045178413391113 253
2.213045120239258 254
2.2221224308013916 256
2.231003761291504 256
2.240100383758545 256
2.2485897541046143 255
2.2576839923858643 256
2.265557050704956 257
2.275627851486206 257
2.286153793334961 257
2.2956082820892334 257
2.3054723739624023 258
2.313906669616699 260
2.323282241821289 261
2.3316450119018555 261
2.3407928943634033 261
2.3490607738494873 261
2.3572020530700684 262
2.365180015563965 263
2.3751838207244873 264
2.3835158348083496 264
2.39206862449646 265
2.4033517837524414 266
2.4116413593292236 267
2.4211783409118652 267
2.4295454025268555 266
2.4389240741729736 266
2.4467437267303467 266
2.4551639556884766 267
2.4687581062316895 268
2.477815866470337 268
2.4857661724090576 268
2.4954354763031006 268
2.5049848556518555 269
2.513514757156372 271
2.523106336593628 272
2.531423568725586 272
2.54068660736084 272
2.54892635345459 272
2.5562188625335693 272
2.5648858547210693 272
2.575124740600586 274
2.583434581756592 275
2.591982126235962 276
2.601958990097046 275
2.6112935543060303 274
2.6199071407318115 274
2.629404306411743 274
2.6381421089172363 274
2.6459877490997314 276
2.6547484397888184 277
2.6631126403808594 277
2.6753690242767334 276
2.6872775554656982 276
2.7000350952148438 278
2.711961507797241 280
2.7250614166259766 281
2.7375216484069824 281
2.749138832092285 280
2.76007342338562 280
2.7701659202575684 280
2.7793803215026855 282
2.787825345993042 283
2.7991063594818115 284
2.8073112964630127 285
2.8152971267700195 284
2.8237197399139404 284
2.83402681350708 284
2.842141628265381 285
2.8509023189544678 286
2.8593215942382812 287
2.8720970153808594 287
2.8818283081054688 286
2.8907625675201416 285
2.900912284851074 285
2.909821033477783 286
2.918961763381958 287
2.9285101890563965 288
2.93745756149292 288
2.945242404937744 288
2.9535276889801025 288
2.961751937866211 289
2.9710476398468018 290
2.980609178543091 291
2.989161968231201 291
2.9989657402038574 290
3.007239818572998 289
3.0152525901794434 289
3.024031400680542 290
3.034428119659424 291
3.042741298675537 292
3.0512561798095703 292
3.060051679611206 292
3.069152355194092 292
3.07733154296875 293
3.0861213207244873 294
3.0955159664154053 295
3.104558229446411 296
3.1131036281585693 296
3.1219959259033203 295
3.132016897201538 294
3.1409289836883545 295
3.1493160724639893 296
3.157649517059326 296
3.165968656539917 296
3.1747586727142334 296
3.1839406490325928 297
3.192760467529297 298
3.2027039527893066 298
3.2110605239868164 298
3.2194700241088867 297
3.228731870651245 298
3.238927125930786 298
3.2467942237854004 299
3.2551116943359375 299
3.2692010402679443 299
3.277395009994507 300
3.286193370819092 300
3.297400951385498 300
3.3081295490264893 300
3.315720319747925 301
3.3250396251678467 301
3.3350915908813477 302
3.3434500694274902 302
3.351822853088379 301
3.360663652420044 301
3.3698506355285645 302
3.378169298171997 303
3.3875350952148438 303
3.39874005317688 303
3.4130821228027344 303
3.4213812351226807 303
3.4309728145599365 304
3.440727472305298 304
3.4490909576416016 305
3.457502603530884 305
3.4659855365753174 304
3.4749550819396973 304
3.4832687377929688 304
3.4930222034454346 304
3.5027503967285156 305
3.511310577392578 306
3.5197272300720215 306
3.529222249984741 305
3.538853168487549 305
3.5462074279785156 306
3.5550389289855957 306
3.5641567707061768 307
3.5727291107177734 308
3.5812830924987793 308
3.5908498764038086 307
3.600857973098755 306
3.609145164489746 306
3.6173367500305176 306
3.625143527984619 306
3.634507417678833 307
3.643925189971924 308
3.652703285217285 309
3.66182541847229 308
3.6750218868255615 306
3.683523178100586 305
3.694437026977539 304
3.7029473781585693 305
3.7115273475646973 306
3.720097780227661 307
3.729020357131958 307
3.7378292083740234 307
3.747359037399292 306
3.7552037239074707 306
3.7641682624816895 306
3.772740602493286 307
3.7813479900360107 308
3.7989799976348877 308
3.8072192668914795 307
3.815187692642212 306
3.8235812187194824 306
3.833038091659546 306
3.8417322635650635 306
3.852121591567993 307
3.8615527153015137 308
3.8701064586639404 309
3.878753900527954 309
3.886082649230957 309
3.8976662158966064 309
3.905461072921753 309
3.9161252975463867 310
3.9257802963256836 310
3.9345479011535645 311
3.9434139728546143 311
3.953230142593384 310
3.961920976638794 310
3.9705867767333984 310
3.978877305984497 311
3.98683762550354 311
3.9978439807891846 312
4.005666017532349 311
4.014591217041016 311
4.022901773452759 311
4.031790733337402 312
4.041160821914673 312
4.050861358642578 312
4.059553384780884 312
4.072809457778931 313
4.081444263458252 313
4.090014934539795 313
4.101101398468018 313
4.109437465667725 313
4.117681264877319 313
4.125885725021362 313
4.134724378585815 313
4.143701076507568 314
4.153238773345947 314
4.161917686462402 313
4.170686483383179 313
4.179101228713989 314
4.1874003410339355 314
4.1967613697052 314
4.20579719543457 314
4.214438438415527 314
4.222710132598877 314
4.23160457611084 315
4.240224838256836 315
4.250532627105713 315
4.259502172470093 315
4.267714738845825 316
4.275731086730957 316
4.284427881240845 316
4.2941834926605225 315
4.303503751754761 315
4.311929941177368 316
4.320788621902466 316
4.329875946044922 317
4.338166952133179 316
4.347256898880005 316
4.356858968734741 316
4.3650572299957275 317
4.373600721359253 318
4.382004976272583 318
4.3913774490356445 316
4.4025795459747314 316
4.411164999008179 316
4.420545339584351 316
4.429847002029419 316
4.437871217727661 316
4.445803880691528 316
4.461111545562744 316
4.473712682723999 317
4.482183456420898 318
4.4919586181640625 318
4.501293659210205 317
4.5124664306640625 316
4.522570848464966 315
4.531020402908325 316
4.539398431777954 316
4.5476484298706055 316
4.558501958847046 317
4.565994739532471 317
4.575820684432983 316
4.584670543670654 316
4.594559669494629 316
4.602976083755493 317
4.612224102020264 317
4.620869874954224 317
4.629933834075928 317
4.638176202774048 316
4.645867824554443 317
4.6555259227752686 317
4.664963722229004 317
4.673366546630859 317
4.681609869003296 317
4.690834045410156 317
4.700015306472778 317
4.709306001663208 317
4.717544794082642 317
4.725931882858276 317
4.734735488891602 317
4.74298882484436 317
4.753323554992676 318
4.765986442565918 318
4.777859210968018 317
4.7911412715911865 317
4.80317497253418 318
4.815649032592773 320
4.829106569290161 320
4.840055704116821 318
4.851763725280762 317
4.864047050476074 317
4.877437353134155 318
4.885498046875 319
4.895262002944946 320
4.903740406036377 320
4.913394212722778 319
4.922208070755005 319
4.930874824523926 319
4.939108610153198 319
4.947432518005371 320
4.955758571624756 320
4.965852975845337 319
4.9747467041015625 319
4.9830002784729 319
4.99192214012146 320
