0 0
0.012566089630126953 0
0.03388810157775879 0
0.0532526969909668 2
0.07376718521118164 7
0.08984184265136719 14
0.09822940826416016 18
0.10780906677246094 22
0.11701512336730957 28
0.12561559677124023 32
0.134521484375 38
0.14398407936096191 44
0.15331292152404785 50
0.1618661880493164 57
0.1702275276184082 62
0.17814254760742188 68
0.18734979629516602 74
0.19700837135314941 81
0.20611977577209473 88
0.21523475646972656 94
0.22378301620483398 101
0.23231911659240723 108
0.24250245094299316 116
0.251711368560791 122
0.259998083114624 130
0.2679471969604492 135
0.27654218673706055 143
0.2857043743133545 149
0.29541683197021484 157
0.30397677421569824 165
0.3142273426055908 173
0.3230865001678467 180
0.33152008056640625 186
0.33983731269836426 194
0.3492875099182129 201
0.3576011657714844 208
0.36622142791748047 216
0.3745419979095459 222
0.3840162754058838 230
0.3926100730895996 237
0.4020853042602539 245
0.41231298446655273 254
0.42126035690307617 260
0.4286644458770752 267
0.4374256134033203 273
0.4477884769439697 282
0.45610475540161133 290
0.46445727348327637 296
0.4782719612121582 308
0.4872775077819824 313
0.4969613552093506 320
0.508375883102417 328
0.5174322128295898 332
0.5259146690368652 336
0.5342693328857422 338
0.5442676544189453 340
0.5540013313293457 342
0.5624599456787109 344
0.5709958076477051 346
0.5793473720550537 347
0.5876264572143555 348
0.5959577560424805 349
0.6064133644104004 350
0.6155562400817871 351
0.6238558292388916 352
0.6323022842407227 353
0.6406228542327881 353
0.6512665748596191 354
0.658588171005249 354
0.6674444675445557 354
0.6756830215454102 354
0.6844818592071533 354
0.69319748878479 356
0.7025375366210938 356
0.7123143672943115 357
0.7210187911987305 356
0.7285315990447998 356
0.7371954917907715 356
0.7464561462402344 357
0.7558321952819824 357
0.7640988826751709 358
0.7725861072540283 358
0.7818777561187744 357
0.7901346683502197 357
0.797954797744751 357
0.8081979751586914 357
0.8172001838684082 358
0.8254640102386475 358
0.833747386932373 358
0.8430972099304199 358
0.8530755043029785 358
0.861915111541748 358
0.8783078193664551 358
0.8901064395904541 358
0.90354323387146 358
0.9171109199523926 358
0.9280579090118408 358
0.9398529529571533 358
0.9484434127807617 358
0.9578349590301514 358
0.9663324356079102 358
0.9744713306427002 358
0.9836723804473877 358
0.9919288158416748 358
1.0001485347747803 358
1.0120658874511719 358
1.021247148513794 358
1.0285258293151855 358
1.0371336936950684 358
1.045931339263916 358
1.0552663803100586 358
1.063600778579712 358
1.0719754695892334 358
1.0813655853271484 358
1.0886592864990234 358
1.0972309112548828 358
1.1070363521575928 358
1.1159229278564453 358
1.1241135597229004 358
1.1325287818908691 358
1.1415214538574219 358
1.1493175029754639 358
1.158693790435791 358
1.1674237251281738 358
1.176433801651001 358
1.1845381259918213 358
1.1931474208831787 358
1.2015655040740967 358
1.211977243423462 358
1.220202922821045 358
1.2279503345489502 358
1.2363362312316895 358
1.2454016208648682 358
1.2537190914154053 358
1.2637972831726074 358
1.276369571685791 358
1.284592866897583 358
1.2933318614959717 358
1.31201171875 358
1.320249080657959 358
1.3281214237213135 358
1.3366332054138184 358
1.3454575538635254 358
1.3537538051605225 358
1.3640375137329102 358
1.3741257190704346 358
1.3826904296875 358
1.3911921977996826 358
1.3984622955322266 358
1.408008337020874 358
1.417485237121582 358
1.4271540641784668 358
1.435392141342163 358
1.4440863132476807 358
1.4525582790374756 358
1.4616429805755615 358
1.471451759338379 358
1.4801874160766602 358
1.4879930019378662 358
1.4962413311004639 358
1.5055816173553467 358
1.5146474838256836 358
1.523277997970581 358
1.53151535987854 358
1.5402836799621582 358
1.5480635166168213 358
1.5563766956329346 358
1.5663890838623047 358
1.575584888458252 358
1.5838499069213867 358
1.5926356315612793 358
1.6011130809783936 358
1.6107120513916016 358
1.6197834014892578 358
1.6277844905853271 358
1.6360435485839844 358
1.6452672481536865 358
1.6536359786987305 358
1.662243366241455 358
1.6757969856262207 358
1.6843743324279785 357
1.693223476409912 357
1.7016897201538086 357
1.7112910747528076 357
1.720125675201416 358
1.7280664443969727 358
1.7364020347595215 357
1.7457764148712158 357
1.7540357112884521 356
1.7624328136444092 357
1.7724320888519287 358
1.780714750289917 358
1.7882599830627441 357
1.797070026397705 356
1.8073713779449463 356
1.8156373500823975 356
1.8246619701385498 356
1.833287000656128 357
1.8420436382293701 357
1.8502731323242188 357
1.8582112789154053 356
1.8670387268066406 356
1.8774235248565674 356
1.8856849670410156 357
1.8940448760986328 357
1.9024510383605957 357
1.9225962162017822 357
1.9446830749511719 356
1.9619202613830566 356
1.9826557636260986 356
1.9986798763275146 356
2.022064685821533 356
2.0425221920013428 356
2.0620357990264893 356
2.089962959289551 356
2.111222982406616 356
2.1283230781555176 356
2.1498289108276367 356
2.1664509773254395 356
2.1874122619628906 356
2.2040390968322754 356
2.2134969234466553 356
2.222067356109619 356
2.2317113876342773 356
2.241142511367798 356
2.248497247695923 356
2.257235050201416 356
2.265446424484253 356
2.274298906326294 356
2.2844643592834473 356
2.2931313514709473 356
2.3017239570617676 356
2.311121702194214 356
2.3183956146240234 356
2.3270552158355713 356
2.3372058868408203 356
2.3456757068634033 356
2.3539209365844727 356
2.3623178005218506 356
2.3714599609375 356
2.380650281906128 356
2.388688802719116 356
2.3973443508148193 356
2.407243490219116 356
2.4155116081237793 356
2.42384934425354 356
2.433889865875244 356
2.4431939125061035 356
2.4518587589263916 356
2.460040330886841 356
2.4683732986450195 356
2.4823172092437744 356
2.490379810333252 356
2.4982712268829346 356
2.508218288421631 356
2.5166096687316895 356
2.525204658508301 356
2.534721612930298 356
2.5433592796325684 356
2.551624298095703 356
2.559802532196045 356
2.5681891441345215 356
2.5765156745910645 356
2.5859954357147217 356
2.5946714878082275 356
2.603539228439331 356
2.6125569343566895 356
2.621027708053589 356
2.628316879272461 356
2.638401985168457 356
2.6472272872924805 356
2.655449867248535 356
2.663736343383789 355
2.6730339527130127 355
2.6813554763793945 355
2.69069504737854 355
2.7001047134399414 355
2.715726375579834 354
2.724026679992676 354
2.7333195209503174 354
2.7426435947418213 355
2.7511396408081055 355
2.758371114730835 355
2.7676427364349365 354
2.7759852409362793 354
2.784214735031128 355
2.7937731742858887 355
2.803086996078491 355
2.81187105178833 354
2.820138454437256 354
2.828085422515869 354
2.8380391597747803 354
2.846388101577759 354
2.8545475006103516 354
2.8631739616394043 353
2.8722047805786133 353
2.885206937789917 354
2.8945345878601074 355
2.905965566635132 355
2.914276361465454 354
2.9230294227600098 354
2.9317145347595215 354
2.9419076442718506 353
2.953744888305664 354
2.966066598892212 355
2.977210521697998 355
2.990060806274414 354
3.0029919147491455 352
3.015197992324829 352
3.0265378952026367 352
3.0361039638519287 354
3.0454773902893066 354
3.0537760257720947 354
3.062349557876587 353
3.0714519023895264 352
3.0792911052703857 352
3.0874907970428467 352
3.0975444316864014 354
3.107403039932251 354
3.115628242492676 353
3.1239984035491943 352
3.1331114768981934 352
3.142223358154297 352
3.150315046310425 353
3.158245325088501 353
3.1673734188079834 353
3.1756250858306885 353
3.1839866638183594 353
3.1934456825256348 353
3.202446222305298 353
3.2124147415161133 354
3.2209386825561523 354
3.2283010482788086 353
3.2372355461120605 353
3.246978282928467 353
3.255218744277954 353
3.2641282081604004 354
3.2725985050201416 354
3.285775661468506 353
3.2958505153656006 352
3.3124964237213135 352
3.3232617378234863 353
3.33256459236145 354
3.341066837310791 355
3.350226402282715 355
3.3580644130706787 355
3.3681976795196533 354
3.37690806388855 353
3.3850185871124268 353
3.3934638500213623 353
3.4032697677612305 354
3.4133970737457275 354
3.4226057529449463 354
3.433375120162964 353
3.441667079925537 352
3.4511730670928955 352
3.458554267883301 353
3.467642307281494 353
3.475914239883423 353
3.484280824661255 353
3.4927151203155518 352
3.5031142234802246 352
3.512655258178711 352
3.5274746417999268 352
3.5359082221984863 352
3.544295072555542 353
3.553872585296631 353
3.5630242824554443 352
3.5715737342834473 352
3.579785108566284 351
3.5876247882843018 351
3.5969841480255127 352
3.6074235439300537 352
3.6156857013702393 352
3.623983860015869 352
3.6330816745758057 352
3.6413588523864746 352
3.6503257751464844 352
3.6582133769989014 352
3.667475700378418 352
3.675955295562744 352
3.68818736076355 352
3.697425127029419 352
3.7075858116149902 352
3.716062068939209 352
3.7244088649749756 352
3.7337472438812256 352
3.750277280807495 352
3.7601420879364014 352
3.768120050430298 352
3.7766404151916504 352
3.7852156162261963 352
3.7940587997436523 352
3.803750991821289 352
3.813169240951538 352
3.8219857215881348 352
3.8311729431152344 352
3.8385064601898193 352
3.847301483154297 352
3.8566055297851562 352
3.865459680557251 352
3.8737878799438477 352
3.882052183151245 352
3.8902769088745117 352
3.898599624633789 352
3.911029577255249 352
3.9183194637298584 352
3.9273481369018555 352
3.9371070861816406 352
3.9453117847442627 352
3.9537065029144287 352
3.9639759063720703 352
3.972400426864624 352
3.9805986881256104 352
3.988218069076538 352
3.9978888034820557 352
4.007753133773804 352
4.016053199768066 352
4.025506496429443 352
4.033838272094727 352
4.042086839675903 352
4.050314426422119 352
4.061013460159302 352
4.068419456481934 352
4.077086687088013 352
4.088714122772217 352
4.097862958908081 352
4.108362674713135 351
4.117182016372681 351
4.1261231899261475 351
4.134369850158691 351
4.143380403518677 351
4.151634454727173 351
4.161529302597046 351
4.169692039489746 351
4.177484750747681 351
4.185818910598755 351
4.1947197914123535 351
4.2035064697265625 351
4.213689804077148 351
4.22200608253479 351
4.231863737106323 351
4.240090847015381 351
4.247912883758545 351
4.2561540603637695 351
4.266149282455444 351
4.274451017379761 351
4.283138036727905 351
4.291816711425781 351
4.3000123500823975 351
4.3085973262786865 351
4.318134069442749 351
4.327477693557739 351
4.336228847503662 351
4.344468832015991 351
4.35315203666687 351
4.363281726837158 351
4.371525526046753 351
4.379321575164795 351
4.387632846832275 351
4.396183729171753 351
4.404536724090576 351
4.41446590423584 351
4.423705816268921 351
4.432651996612549 351
4.441707134246826 351
4.4518818855285645 351
4.46109938621521 351
4.470081567764282 351
4.477887153625488 351
4.491519451141357 350
4.499782085418701 351
4.508707284927368 352
4.518478870391846 352
4.527854681015015 351
4.53639030456543 350
4.544515132904053 349
4.553207874298096 349
4.562012434005737 349
4.571504354476929 349
4.579742908477783 350
4.587709426879883 350
4.596981048583984 350
4.6058619022369385 349
4.614189624786377 349
4.624322414398193 350
4.6330952644348145 350
4.641393423080444 350
4.648717164993286 350
4.658064603805542 350
4.667622327804565 350
4.675971031188965 350
4.68441367149353 349
4.693871974945068 349
4.702291250228882 349
4.711645603179932 350
4.721499681472778 350
4.729693174362183 350
4.737497568130493 350
4.746403932571411 349
4.755675315856934 349
4.763909339904785 349
4.773380756378174 349
4.781623840332031 350
4.790303945541382 350
4.798104763031006 350
4.807488203048706 349
4.81581711769104 349
4.8259477615356445 349
4.834174394607544 350
4.843645334243774 350
4.85192608833313 350
4.861316919326782 350
4.870660781860352 349
4.878277063369751 349
4.891869306564331 349
4.900139808654785 350
4.910177946090698 350
4.918120861053467 350
4.928124666213989 349
4.9365105628967285 349
4.9455726146698 349
4.955705404281616 349
4.963934421539307 349
4.9735493659973145 349
4.9819464683532715 349
4.991182804107666 349
4.998461484909058 348
