0 0
0.01366281509399414 0
0.03022933006286621 0
0.051939964294433594 1
0.06679940223693848 6
0.08202958106994629 10
0.09064745903015137 14
0.10020828247070312 19
0.10874271392822266 23
0.1180577278137207 29
0.12637019157409668 35
0.1363523006439209 40
0.14511942863464355 45
0.1534280776977539 50
0.1624155044555664 57
0.1712324619293213 62
0.18060684204101562 70
0.18941235542297363 76
0.19836640357971191 83
0.20629572868347168 89
0.2165541648864746 96
0.22547698020935059 102
0.23534297943115234 110
0.24371027946472168 116
0.2536885738372803 126
0.263824462890625 132
0.27225208282470703 140
0.28187990188598633 146
0.29046082496643066 154
0.29962730407714844 160
0.3084442615509033 168
0.3179903030395508 176
0.32599687576293945 183
0.33625030517578125 191
0.34480738639831543 198
0.3567938804626465 207
0.3663661479949951 216
0.37586212158203125 222
0.38570713996887207 230
0.39478206634521484 238
0.4033522605895996 245
0.41252946853637695 253
0.4223341941833496 262
0.43198680877685547 270
0.44151902198791504 276
0.449876070022583 283
0.45808935165405273 290
0.4665827751159668 296
0.47530388832092285 301
0.48468565940856934 306
0.4941537380218506 312
0.5024356842041016 315
0.5116853713989258 318
0.52152419090271 322
0.5307190418243408 324
0.5401945114135742 328
0.5492026805877686 331
0.5566709041595459 333
0.5658290386199951 335
0.574225664138794 337
0.5838127136230469 339
0.5939342975616455 341
0.6022520065307617 344
0.6235966682434082 346
0.6346137523651123 345
0.646630048751831 344
0.6593947410583496 345
0.670459508895874 347
0.6816620826721191 349
0.694108247756958 349
0.7053890228271484 349
0.7155802249908447 350
0.7239429950714111 351
0.7353167533874512 353
0.745814323425293 354
0.7599220275878906 354
0.7681283950805664 354
0.776064395904541 354
0.7846739292144775 356
0.79520583152771 357
0.8035399913787842 357
0.8118231296539307 357
0.8219258785247803 356
0.8312113285064697 357
0.8396196365356445 358
0.8493659496307373 359
0.8579895496368408 358
0.8659474849700928 358
0.8746094703674316 357
0.8827857971191406 357
0.8927915096282959 357
0.9016144275665283 358
0.9100561141967773 358
0.9198129177093506 359
0.9290752410888672 359
0.9365234375 360
0.9460694789886475 359
0.9545488357543945 358
0.9638211727142334 358
0.9723129272460938 360
0.9811632633209229 360
0.9900710582733154 360
0.9996840953826904 359
1.0079948902130127 359
1.016491174697876 359
1.0256845951080322 360
1.0342206954956055 360
1.0425992012023926 360
1.0520310401916504 360
1.0613172054290771 360
1.0695605278015137 360
1.0773475170135498 360
1.085547685623169 359
1.095505952835083 359
1.1038172245025635 360
1.1122164726257324 360
1.121619701385498 360
1.1312508583068848 360
1.1395018100738525 360
1.1484594345092773 360
1.1624150276184082 359
1.1712639331817627 359
1.1798391342163086 360
1.1880333423614502 360
1.197950839996338 360
1.2057576179504395 360
1.216064453125 360
1.2253658771514893 360
1.2335715293884277 360
1.242760181427002 360
1.252220630645752 360
1.2614014148712158 360
1.2700417041778564 359
1.2782607078552246 360
1.2862184047698975 360
1.2953569889068604 360
1.3050992488861084 359
1.3137238025665283 359
1.3233363628387451 359
1.3318378925323486 360
1.3407752513885498 360
1.350048542022705 360
1.3593590259552002 360
1.3666629791259766 360
1.3753125667572021 360
1.3836114406585693 360
1.392333745956421 360
1.4018206596374512 360
1.4101290702819824 360
1.419529914855957 360
1.4281611442565918 360
1.4364144802093506 360
1.4448246955871582 360
1.4551763534545898 360
1.4633753299713135 360
1.4717018604278564 360
1.4799320697784424 360
1.4888098239898682 360
1.4963958263397217 360
1.5057907104492188 360
1.5153570175170898 360
1.5243768692016602 360
1.5335450172424316 359
1.5419938564300537 359
1.5504963397979736 360
1.5642082691192627 360
1.572674036026001 360
1.581421136856079 360
1.5905227661132812 360
1.598747968673706 360
1.6079740524291992 359
1.6167011260986328 359
1.6260552406311035 359
1.6354749202728271 360
1.6437320709228516 360
1.6521170139312744 360
1.6621496677398682 359
1.6707289218902588 359
1.6792283058166504 359
1.6880717277526855 360
1.6962254047393799 360
1.7056798934936523 360
1.7151103019714355 360
1.7237727642059326 360
1.7321693897247314 360
1.7412335872650146 360
1.7497873306274414 360
1.7615673542022705 360
1.7699799537658691 359
1.7781620025634766 359
1.7865605354309082 360
1.795325517654419 360
1.8035714626312256 360
1.8140056133270264 359
1.8233516216278076 359
1.8317549228668213 359
1.8400030136108398 359
1.8491554260253906 360
1.859511137008667 360
1.8667914867401123 360
1.8755784034729004 359
1.8839960098266602 358
1.8928027153015137 358
1.9014220237731934 359
1.9111740589141846 360
1.9208567142486572 361
1.9296238422393799 361
1.937882661819458 360
1.9461486339569092 360
1.9615066051483154 359
1.9699435234069824 360
1.9782891273498535 360
1.9873790740966797 361
1.9957659244537354 360
2.0058364868164062 360
2.016185998916626 360
2.024822473526001 360
2.032829761505127 360
2.0415563583374023 360
2.051377058029175 359
2.059800148010254 359
2.0692341327667236 360
2.0766870975494385 360
2.0858960151672363 360
2.094182252883911 360
2.102365732192993 360
2.1119093894958496 360
2.122023105621338 359
2.1305935382843018 359
2.13912034034729 359
2.147857189178467 360
2.1564033031463623 360
2.166017770767212 360
2.1745400428771973 360
2.1835222244262695 359
2.191957712173462 359
2.2004480361938477 359
2.2085118293762207 360
2.2205193042755127 360
2.2291877269744873 360
2.236499786376953 360
2.2451331615448 360
2.254085063934326 360
2.2637624740600586 360
2.2727925777435303 360
2.281428575515747 360
2.2905943393707275 360
2.299192428588867 360
2.306471824645996 359
2.3181569576263428 359
2.3259530067443848 359
2.334477186203003 360
2.3426315784454346 360
2.352261781692505 360
2.3653526306152344 359
2.374763011932373 359
2.38407301902771 359
2.3924362659454346 360
2.4012458324432373 360
2.409688949584961 360
2.4201865196228027 360
2.4284348487854004 360
2.4363670349121094 360
2.4446847438812256 360
2.4539225101470947 360
2.462157726287842 360
2.4717259407043457 360
2.48002028465271 360
2.4891550540924072 360
2.4966444969177246 359
2.505376100540161 359
2.5152549743652344 360
2.524627923965454 360
2.5331478118896484 360
2.5415334701538086 359
2.5504443645477295 358
2.559722423553467 358
2.5679211616516113 359
2.576599359512329 360
2.5858359336853027 360
2.5942890644073486 360
2.602505922317505 359
2.6194114685058594 358
2.6301937103271484 359
2.6390974521636963 360
2.6465437412261963 361
2.6559700965881348 361
2.6651837825775146 360
2.676647186279297 359
2.6860952377319336 358
2.6982595920562744 360
2.709770441055298 362
2.722231149673462 363
2.7355496883392334 362
2.748504400253296 360
2.7662858963012695 359
2.781238555908203 360
2.7927424907684326 362
2.803595781326294 364
2.8120250701904297 364
2.822129011154175 364
2.8318047523498535 364
2.8402369022369385 362
2.849656820297241 362
2.857919692993164 362
2.866267204284668 362
2.8746256828308105 362
2.8845958709716797 362
2.8931095600128174 362
2.9015018939971924 361
2.9099669456481934 360
2.9196741580963135 360
2.9291868209838867 360
2.936540126800537 360
2.945707321166992 360
2.954218864440918 361
2.9625720977783203 361
2.971787214279175 360
2.9818167686462402 360
2.990133047103882 360
2.998403310775757 359
3.0063352584838867 359
3.023576021194458 360
3.0326387882232666 362
3.041417121887207 361
3.0503547191619873 360
3.058757781982422 360
3.0663650035858154 360
3.075641393661499 360
3.085577964782715 360
3.093815803527832 360
3.102099895477295 360
3.110499382019043 360
3.120208978652954 360
3.128466844558716 360
3.1379940509796143 360
3.1462883949279785 360
3.1546056270599365 360
3.1678426265716553 360
3.1762609481811523 360
3.186260938644409 360
3.195138454437256 360
3.203320264816284 359
3.2125749588012695 359
3.2221617698669434 359
3.2305874824523926 360
3.240659236907959 360
3.2513952255249023 360
3.259661912918091 359
3.267975330352783 358
3.276275873184204 358
3.286228895187378 360
3.2948105335235596 360
3.303154706954956 361
3.3166542053222656 361
3.3261051177978516 360
3.3356339931488037 359
3.3446710109710693 359
3.3528153896331787 359
3.3614211082458496 360
3.3706493377685547 360
3.3802051544189453 360
3.3953940868377686 359
3.4037325382232666 359
3.4128308296203613 359
3.4219868183135986 359
3.4314348697662354 360
3.442251682281494 360
3.451491355895996 359
3.4598913192749023 358
3.4682817459106445 358
3.4773850440979004 358
3.4863874912261963 359
3.4953866004943848 360
3.5042195320129395 360
3.5134541988372803 359
3.522641897201538 358
3.5314207077026367 357
3.541130542755127 358
3.5505285263061523 359
3.5591611862182617 360
3.572092294692993 360
3.581925630569458 358
3.591665744781494 357
3.600154399871826 356
3.6095592975616455 356
3.6184396743774414 358
3.626399040222168 358
3.635215997695923 359
3.645408868789673 360
3.6536781787872314 359
3.6621406078338623 358
3.6711597442626953 358
3.67989444732666 358
3.6880745887756348 359
3.6967811584472656 360
3.7059643268585205 360
3.715682029724121 359
3.72420597076416 358
3.732769012451172 358
3.742638349533081 358
3.751300573348999 359
3.759707450866699 359
3.767988443374634 360
3.7763895988464355 359
3.785662889480591 358
3.795372247695923 358
3.803589105606079 359
3.8122289180755615 360
3.8215372562408447 360
3.8298001289367676 360
3.837980031967163 360
3.848184823989868 358
3.8562679290771484 358
3.8650710582733154 359
3.8739984035491943 360
3.8824002742767334 360
3.89165997505188 359
3.9013171195983887 358
3.910527229309082 358
3.9197983741760254 358
3.9280221462249756 359
3.93595814704895 359
3.9468331336975098 360
3.9556610584259033 359
3.968100070953369 358
3.9766297340393066 358
3.985473871231079 358
3.995187759399414 358
4.003442764282227 359
4.012763023376465 360
4.021942853927612 360
4.030540227890015 359
4.0397114753723145 358
4.049373626708984 358
4.056739091873169 358
4.065406560897827 359
4.0745625495910645 360
4.082818984985352 360
4.091619253158569 359
4.101826190948486 358
4.11126708984375 358
4.120563983917236 358
4.129082441329956 359
4.136557579040527 360
4.145671606063843 360
4.15532922744751 359
4.163784742355347 358
4.172812461853027 358
4.181488275527954 358
4.189738988876343 359
4.199886798858643 359
4.209288597106934 360
4.219496488571167 359
4.227411270141602 358
4.235771179199219 358
4.244807481765747 358
4.254278182983398 359
4.262662649154663 360
4.2720787525177 360
4.280579328536987 359
4.289215803146362 358
4.296684741973877 358
4.3067216873168945 358
4.316628932952881 359
4.32622504234314 360
4.335127353668213 360
4.343730688095093 359
4.353172779083252 358
4.361809253692627 358
4.3754167556762695 358
4.384130477905273 360
4.392726421356201 360
4.4031829833984375 359
4.412538051605225 358
4.421994209289551 358
4.4304704666137695 359
4.439373731613159 359
4.4467833042144775 360
4.460181474685669 359
4.468756675720215 358
4.477404832839966 358
4.4856040477752686 358
4.494260787963867 359
4.505069255828857 360
4.514561653137207 360
4.5235595703125 359
4.533966064453125 358
4.543132305145264 357
4.55169677734375 358
4.561309576034546 359
4.570555210113525 360
4.579178094863892 360
4.586545467376709 359
4.5953733921051025 358
4.604256868362427 358
4.615398406982422 358
4.623622894287109 359
4.632192134857178 360
4.64175271987915 360
4.650039911270142 359
4.6596739292144775 358
4.6679956912994385 358
4.676335334777832 358
4.684683799743652 359
4.693549156188965 360
4.702449798583984 360
4.7121593952178955 359
4.721567392349243 358
4.730032682418823 358
4.739378213882446 358
4.747975587844849 358
4.755979776382446 359
4.772746324539185 360
4.785695314407349 360
4.797945261001587 358
4.8152406215667725 357
4.826536655426025 357
4.839401006698608 358
4.850820541381836 360
4.8636908531188965 361
4.873345136642456 360
4.881801605224609 360
4.890170335769653 358
4.898495674133301 358
4.908177137374878 359
4.919111728668213 360
4.926605463027954 360
4.936011552810669 360
4.944535732269287 358
4.9527907371521 358
4.963609218597412 358
4.972262859344482 359
4.981231212615967 360
4.989795684814453 360
4.997975587844849 359
