0 0
0.01340341567993164 0
0.03145170211791992 0
0.05075335502624512 2
0.06724357604980469 6
0.08588624000549316 13
0.0953679084777832 17
0.10515308380126953 21
0.11459517478942871 27
0.12345767021179199 32
0.1317591667175293 37
0.14133977890014648 44
0.15081572532653809 49
0.15919017791748047 56
0.16753149032592773 61
0.17554879188537598 67
0.18475055694580078 72
0.1950852870941162 80
0.2035048007965088 87
0.2130444049835205 98
0.22579526901245117 104
0.23489713668823242 110
0.24502992630004883 118
0.25348806381225586 126
0.2618448734283447 132
0.2706470489501953 138
0.27971434593200684 146
0.28847527503967285 154
0.2987387180328369 160
0.30702877044677734 167
0.3156392574310303 175
0.3249776363372803 182
0.3333895206451416 190
0.3430161476135254 198
0.35195374488830566 204
0.3607354164123535 211
0.36918044090270996 219
0.37837767601013184 226
0.38584113121032715 232
0.39957165718078613 244
0.4084291458129883 250
0.4182560443878174 258
0.4266397953033447 265
0.4349217414855957 272
0.44515442848205566 280
0.4558086395263672 290
0.46456098556518555 296
0.47321057319641113 304
0.4818077087402344 311
0.4905376434326172 318
0.5005965232849121 326
0.5104689598083496 332
0.5191946029663086 338
0.5285592079162598 342
0.5359086990356445 345
0.545952558517456 348
0.554619550704956 350
0.562950611114502 351
0.5712451934814453 352
0.5804958343505859 353
0.5889129638671875 354
0.5992989540100098 355
0.6075680255889893 356
0.6210241317749023 356
0.6303799152374268 357
0.6388030052185059 357
0.648975133895874 357
0.6571023464202881 358
0.6649408340454102 358
0.6732616424560547 358
0.6825129985809326 358
0.691195011138916 359
0.7013442516326904 360
0.7108263969421387 360
0.7190670967102051 359
0.7273480892181396 358
0.7357826232910156 357
0.7452421188354492 358
0.7546076774597168 358
0.7628767490386963 359
0.7713222503662109 359
0.7806191444396973 359
0.7888600826263428 359
0.7990157604217529 358
0.807220458984375 358
0.81545090675354 359
0.8238098621368408 360
0.8325278759002686 359
0.8420333862304688 359
0.8516144752502441 358
0.8604960441589355 359
0.8688936233520508 360
0.8776230812072754 360
0.8854038715362549 360
0.8947679996490479 360
0.9042391777038574 360
0.9154772758483887 359
0.9275228977203369 359
0.9396734237670898 359
0.9533262252807617 360
0.9645862579345703 360
0.9773178100585938 359
0.9889054298400879 358
1.0000190734863281 358
1.0099472999572754 358
1.0216455459594727 358
1.030472755432129 359
1.039686679840088 360
1.049360752105713 360
1.0604655742645264 358
1.069129228591919 358
1.0784180164337158 357
1.0871129035949707 357
1.095698356628418 358
1.1051428318023682 359
1.1152091026306152 360
1.1237053871154785 359
1.131974458694458 359
1.1412584781646729 358
1.1496896743774414 359
1.1590948104858398 360
1.167325735092163 360
1.1755743026733398 360
1.183990478515625 360
1.1932649612426758 359
1.2015161514282227 359
1.2116508483886719 358
1.2203929424285889 359
1.2288017272949219 360
1.23659086227417 360
1.2459230422973633 359
1.2555241584777832 358
1.2666261196136475 359
1.2753996849060059 360
1.2837910652160645 361
1.2925262451171875 360
1.3014788627624512 360
1.311509609222412 359
1.3209400177001953 359
1.3308053016662598 360
1.3397490978240967 360
1.3487346172332764 360
1.3576381206512451 360
1.3654677867889404 359
1.3749842643737793 359
1.3848209381103516 358
1.3939990997314453 359
1.402576208114624 360
1.411679744720459 359
1.424316167831421 358
1.432957410812378 357
1.4413318634033203 357
1.4505677223205566 358
1.4597859382629395 359
1.4688282012939453 359
1.4766364097595215 359
1.4851689338684082 358
1.494828462600708 358
1.5038166046142578 358
1.5134055614471436 358
1.5215799808502197 358
1.5300085544586182 359
1.5388894081115723 359
1.5470807552337646 359
1.5555157661437988 358
1.565056324005127 358
1.5743272304534912 358
1.5825159549713135 359
1.5908823013305664 359
1.6009037494659424 359
1.609361171722412 358
1.6188619136810303 358
1.627037525177002 358
1.6354832649230957 358
1.6442487239837646 358
1.6530914306640625 359
1.6624984741210938 359
1.6716406345367432 358
1.680332899093628 358
1.6885874271392822 358
1.6976268291473389 359
1.7057645320892334 359
1.7152125835418701 359
1.7234961986541748 358
1.7330474853515625 358
1.7413110733032227 358
1.749760389328003 359
1.7583236694335938 359
1.7684226036071777 359
1.7757470607757568 358
1.7844369411468506 358
1.8038616180419922 359
1.8120043277740479 360
1.8258914947509766 361
1.8353159427642822 360
1.8438143730163574 359
1.8525609970092773 358
1.8613767623901367 358
1.8714027404785156 358
1.879863977432251 358
1.8885681629180908 359
1.9000399112701416 360
1.9087135791778564 359
1.9180240631103516 358
1.9255921840667725 357
1.934840202331543 357
1.943157434463501 358
1.9513931274414062 358
1.9605140686035156 358
1.9706964492797852 358
1.9788503646850586 358
1.987039566040039 359
1.9975683689117432 359
2.0075459480285645 358
2.0154099464416504 358
2.0248875617980957 358
2.034310817718506 358
2.0424933433532715 358
2.050936222076416 359
2.059222459793091 359
2.068380117416382 358
2.0774569511413574 358
2.0852673053741455 358
2.0948574542999268 358
2.103696823120117 358
2.111943244934082 359
2.121450662612915 359
2.130805253982544 359
2.1390633583068848 358
2.1472229957580566 358
2.1551973819732666 358
2.1644272804260254 358
2.1743454933166504 358
2.182570219039917 358
2.1909475326538086 358
2.2010767459869385 358
2.2096481323242188 358
2.217665433883667 358
2.231825828552246 358
2.2406156063079834 358
2.2489564418792725 358
2.2570955753326416 358
2.26556396484375 358
2.275205373764038 358
2.2834367752075195 358
2.291971445083618 358
2.3018338680267334 358
2.310450315475464 358
2.3186659812927246 358
2.3285529613494873 358
2.335867166519165 358
2.344470500946045 358
2.3527095317840576 358
2.3616092205047607 358
2.370600700378418 358
2.380471706390381 358
2.3888659477233887 358
2.405954122543335 358
2.4147138595581055 358
2.4254627227783203 358
2.434612512588501 358
2.442791223526001 358
2.4525439739227295 358
2.461825132369995 358
2.4708664417266846 358
2.480417490005493 358
2.488659143447876 358
2.4985010623931885 358
2.5075347423553467 358
2.5211048126220703 358
2.530919313430786 358
2.539173126220703 358
2.547344207763672 358
2.555283546447754 358
2.564448356628418 358
2.573261022567749 358
2.5832409858703613 358
2.5916311740875244 358
2.6009669303894043 358
2.60921049118042 358
2.6174464225769043 358
2.631239652633667 358
2.6397664546966553 358
2.6483476161956787 358
2.6556649208068848 358
2.664891481399536 358
2.673165798187256 358
2.6835086345672607 358
2.6925954818725586 357
2.701195240020752 357
2.709707260131836 358
2.71794056892395 358
2.7270002365112305 358
2.7355477809906006 357
2.743992328643799 357
2.752631902694702 357
2.761536121368408 358
2.7700297832489014 358
2.778540849685669 358
2.7883641719818115 358
2.7980217933654785 357
2.805629014968872 357
2.8146026134490967 356
2.8229880332946777 357
2.8330843448638916 358
2.841370105743408 358
2.8497962951660156 358
2.858694076538086 357
2.866044759750366 356
2.875000238418579 356
2.8850255012512207 356
2.894714593887329 358
2.903003454208374 358
2.9113152027130127 358
2.919750213623047 357
2.928975820541382 356
2.9385428428649902 356
2.9458765983581543 356
2.954552173614502 357
2.9634172916412354 358
2.97178316116333 358
2.980515241622925 357
2.991811990737915 356
3.0046699047088623 356
3.0157666206359863 357
3.0344417095184326 359
3.0476229190826416 359
3.0600202083587646 358
3.0715479850769043 356
3.082797050476074 355
3.098968505859375 356
3.109076499938965 357
3.117406129837036 358
3.1258113384246826 359
3.134598970413208 358
3.143700361251831 358
3.1518211364746094 357
3.1608238220214844 357
3.169247627258301 356
3.178246259689331 357
3.1856212615966797 358
3.1971755027770996 358
3.2051827907562256 358
3.213495969772339 356
3.221787929534912 356
3.2312047481536865 356
3.240628957748413 357
3.2489492893218994 357
3.257598876953125 358
3.2654168605804443 357
3.273775339126587 357
3.2819082736968994 357
3.294353485107422 356
3.30263090133667 356
3.3109586238861084 356
3.319211959838867 356
3.3285725116729736 357
3.3358817100524902 357
3.345315456390381 357
3.3537909984588623 356
3.363145112991333 356
3.3714041709899902 356
3.3855197429656982 356
3.397505760192871 357
3.4066383838653564 357
3.4157044887542725 357
3.4248690605163574 356
3.437411308288574 356
3.4465904235839844 355
3.4549455642700195 356
3.464256763458252 356
3.4727399349212646 357
3.4810678958892822 357
3.4909756183624268 356
3.501737594604492 356
3.5105912685394287 355
3.518888473510742 355
3.5274641513824463 356
3.5384557247161865 356
3.547508716583252 356
3.5565929412841797 356
3.5657379627227783 356
3.5744035243988037 356
3.582573175430298 356
3.591804265975952 356
3.6016831398010254 356
3.6103317737579346 356
3.6185364723205566 356
3.627424955368042 356
3.63521671295166 356
3.643425226211548 356
3.653028726577759 356
3.6620116233825684 356
3.6714818477630615 356
3.6805152893066406 356
3.6890740394592285 356
3.7006494998931885 356
3.709742784500122 356
3.718716859817505 356
3.7284350395202637 356
3.737447500228882 356
3.7452619075775146 356
3.7547507286071777 356
3.7634193897247314 356
3.77177095413208 356
3.7804276943206787 356
3.788693904876709 356
3.7983052730560303 356
3.8079447746276855 356
3.8155770301818848 356
3.824535369873047 356
3.8372466564178467 356
3.845132350921631 356
3.8548965454101562 356
3.86378812789917 356
3.871907949447632 356
3.8804948329925537 356
3.888953685760498 356
3.8989884853363037 356
3.9089746475219727 356
3.9171557426452637 356
3.925459861755371 356
3.9344282150268555 356
3.94260835647583 356
3.9518942832946777 356
3.961432456970215 356
3.9698493480682373 356
3.978393793106079 356
3.9857089519500732 356
3.9971330165863037 356
4.005749225616455 356
4.015023469924927 356
4.024219751358032 356
4.032292127609253 356
4.041667461395264 356
4.050406455993652 356
4.059875249862671 356
4.068601369857788 356
4.075897455215454 356
4.085264444351196 356
4.095282554626465 356
4.104759216308594 356
4.1137213706970215 356
4.121875762939453 356
4.131145238876343 356
4.13952898979187 356
4.148423194885254 356
4.157931327819824 356
4.165549039840698 356
4.173867225646973 356
4.182807683944702 356
4.192000150680542 356
4.201294898986816 356
4.210811614990234 356
4.219537973403931 356
4.227609395980835 356
4.240493297576904 356
4.2490010261535645 356
4.258614778518677 356
4.2659008502960205 356
4.274542570114136 356
4.282750844955444 356
4.291098117828369 356
4.300483465194702 356
4.310417175292969 356
4.319218635559082 356
4.32744836807251 356
4.3359551429748535 356
4.344609022140503 356
4.35291314125061 356
4.361988544464111 356
4.37112283706665 356
4.379525899887085 356
4.387622594833374 356
4.401083946228027 356
4.4109790325164795 356
4.419856071472168 356
4.42857551574707 356
4.435862302780151 355
4.444549798965454 355
4.452775001525879 355
4.461870193481445 355
4.471137762069702 356
4.47965145111084 356
4.488260984420776 356
4.497504711151123 355
4.505427122116089 354
4.514989137649536 355
4.523835182189941 356
4.533006429672241 356
4.541622877120972 355
4.551714181900024 354
4.562840223312378 354
4.571569204330444 354
4.580330848693848 354
4.588594913482666 355
4.597623109817505 355
4.6057398319244385 355
4.615414381027222 355
4.623789548873901 355
4.637027978897095 355
4.6449408531188965 355
4.65340256690979 355
4.664306640625 355
4.6730663776397705 355
4.681304454803467 355
4.690772771835327 355
4.6997904777526855 355
4.70825719833374 355
4.717208385467529 355
4.725975036621094 355
4.735205411911011 355
4.743476867675781 355
4.751779556274414 355
4.761187791824341 355
4.770641565322876 355
4.779782295227051 355
4.7904698848724365 355
4.799677610397339 355
4.807929754257202 355
4.817101716995239 355
4.82550573348999 355
4.834601640701294 355
4.842846632003784 355
4.851252794265747 355
4.860314607620239 355
4.869537830352783 355
4.878546953201294 355
4.885852575302124 355
4.89748477935791 355
4.905266523361206 355
4.91377592086792 355
4.923560857772827 355
4.932636260986328 355
4.941002130508423 355
4.9492692947387695 355
4.958616018295288 355
4.9658567905426025 355
4.975449323654175 355
4.983821630477905 355
4.994564533233643 355
