0 0
0.01526784896850586 0
0.03191232681274414 0
0.05169844627380371 2
0.06850790977478027 7
0.08823156356811523 13
0.09703278541564941 17
0.10542893409729004 21
0.11424541473388672 27
0.12307024002075195 31
0.13162779808044434 36
0.14135432243347168 42
0.150437593460083 49
0.15814542770385742 54
0.16693878173828125 59
0.17528867721557617 67
0.19382619857788086 79
0.20286035537719727 85
0.2116851806640625 93
0.21999788284301758 99
0.22791457176208496 105
0.2364943027496338 111
0.24845552444458008 121
0.25725483894348145 127
0.2658114433288574 135
0.2791159152984619 145
0.2883932590484619 152
0.29912543296813965 161
0.30973243713378906 170
0.317716121673584 175
0.32631421089172363 183
0.33486008644104004 189
0.3452610969543457 197
0.3536956310272217 204
0.3622438907623291 212
0.3708763122558594 219
0.37961411476135254 227
0.3883347511291504 235
0.39843034744262695 241
0.4071848392486572 248
0.41616344451904297 256
0.42444872856140137 263
0.4331948757171631 269
0.44243860244750977 276
0.45212674140930176 283
0.46041297912597656 287
0.46819186210632324 292
0.477510929107666 297
0.48708581924438477 302
0.49703311920166016 306
0.5054559707641602 310
0.5143766403198242 314
0.5232787132263184 317
0.5317034721374512 320
0.5400006771087646 322
0.5498199462890625 325
0.5577900409698486 326
0.566333532333374 328
0.5756969451904297 331
0.5842807292938232 334
0.5934946537017822 337
0.6035199165344238 339
0.6129002571105957 339
0.6213634014129639 340
0.6296539306640625 340
0.637526273727417 341
0.6464622020721436 343
0.6560518741607666 345
0.6642818450927734 346
0.6770527362823486 346
0.6869471073150635 346
0.695340633392334 347
0.704998254776001 348
0.713810920715332 349
0.7222719192504883 351
0.7309002876281738 351
0.7383477687835693 352
0.74764084815979 352
0.757073163986206 353
0.7659471035003662 353
0.7750284671783447 353
0.7835366725921631 353
0.7932775020599365 354
0.8033390045166016 356
0.8136749267578125 357
0.8233034610748291 357
0.8315927982330322 357
0.840090274810791 357
0.8478927612304688 356
0.8575911521911621 356
0.8662014007568359 357
0.8751349449157715 357
0.8835108280181885 357
0.892888069152832 357
0.9016375541687012 358
0.9118647575378418 359
0.9201993942260742 359
0.9280872344970703 359
0.9364743232727051 359
0.9453916549682617 359
0.9544475078582764 359
0.9630506038665771 359
0.9713120460510254 359
0.9801132678985596 359
0.9896697998046875 359
0.9974384307861328 359
1.0077760219573975 359
1.0161974430084229 359
1.0243396759033203 359
1.032970905303955 359
1.0422351360321045 359
1.0504741668701172 359
1.0596675872802734 359
1.067455768585205 359
1.0811676979064941 359
1.0901191234588623 359
1.098050832748413 359
1.1096618175506592 359
1.1174352169036865 359
1.125734567642212 359
1.1339552402496338 359
1.1432688236236572 359
1.1515302658081055 359
1.1611146926879883 359
1.1683766841888428 359
1.1773781776428223 359
1.186861515045166 359
1.1950936317443848 359
1.2034003734588623 359
1.213627576828003 359
1.2222695350646973 359
1.230499029159546 359
1.238539695739746 359
1.247145652770996 359
1.2553322315216064 359
1.2644121646881104 359
1.2736985683441162 359
1.2829055786132812 359
1.2918386459350586 359
1.3001751899719238 359
1.310539722442627 359
1.318068504333496 359
1.327775478363037 359
1.336867332458496 359
1.3452568054199219 359
1.3535919189453125 359
1.3630645275115967 359
1.3717193603515625 359
1.3799550533294678 359
1.3885281085968018 359
1.397190809249878 359
1.4061739444732666 359
1.4155077934265137 359
1.4238173961639404 359
1.4323804378509521 359
1.4415340423583984 359
1.4496886730194092 359
1.4574995040893555 359
1.467172622680664 359
1.4798429012298584 359
1.4883365631103516 359
1.4991388320922852 359
1.5079302787780762 359
1.5178906917572021 359
1.526451826095581 359
1.5344922542572021 359
1.5437042713165283 359
1.5520682334899902 359
1.56013822555542 359
1.5705366134643555 359
1.578073501586914 359
1.587585687637329 359
1.596024513244629 358
1.6053154468536377 358
1.6137447357177734 359
1.6237154006958008 359
1.6321532726287842 359
1.641303539276123 358
1.649606466293335 358
1.6574609279632568 358
1.6668975353240967 358
1.6758310794830322 358
1.6842279434204102 358
1.6933326721191406 358
1.7023944854736328 358
1.710906982421875 357
1.7210643291473389 357
1.7283835411071777 358
1.7378427982330322 359
1.7463183403015137 359
1.7544467449188232 359
1.7633473873138428 358
1.7733733654022217 357
1.7817504405975342 358
1.7916862964630127 359
1.8000407218933105 359
1.8082513809204102 358
1.8170180320739746 357
1.8273236751556396 357
1.8382456302642822 358
1.8470683097839355 359
1.8554742336273193 359
1.8637800216674805 359
1.8736824989318848 358
1.8871183395385742 357
1.8955903053283691 357
1.9045171737670898 357
1.9131274223327637 357
1.9225165843963623 358
1.9315273761749268 359
1.940934181213379 358
1.9482173919677734 357
1.957120418548584 357
1.9653844833374023 357
1.975358009338379 357
1.9859371185302734 358
1.997591495513916 358
2.0121753215789795 357
2.024442195892334 356
2.0376040935516357 355
2.0483572483062744 357
2.060214042663574 359
2.0697145462036133 359
2.0783257484436035 359
2.087954521179199 359
2.096486806869507 358
2.1053240299224854 357
2.1136066913604736 358
2.1223063468933105 358
2.1330745220184326 358
2.141495943069458 357
2.1497936248779297 356
2.157741069793701 356
2.1668853759765625 357
2.1762633323669434 357
2.1939046382904053 357
2.2033140659332275 357
2.211798906326294 357
2.22001576423645 356
2.2299740314483643 356
2.2396793365478516 357
2.2495434284210205 357
2.2573535442352295 357
2.2660486698150635 357
2.274244785308838 357
2.2883458137512207 356
2.297269105911255 356
2.308394432067871 357
2.317302942276001 357
2.3265068531036377 357
2.3362064361572266 357
2.3444230556488037 357
2.353050470352173 357
2.3614327907562256 357
2.3700265884399414 357
2.379038095474243 357
2.3878984451293945 357
2.39620304107666 357
2.4052979946136475 357
2.413633346557617 357
2.4222214221954346 357
2.4323842525482178 357
2.44123911857605 357
2.4490315914154053 357
2.457274913787842 357
2.4662039279937744 357
2.474475860595703 357
2.4848313331604004 357
2.4938533306121826 357
2.5031754970550537 357
2.5114591121673584 357
2.5196073055267334 357
2.5274696350097656 357
2.537386894226074 357
2.546283483505249 357
2.55435848236084 357
2.5629827976226807 357
2.5718541145324707 357
2.5812771320343018 357
2.5904221534729004 357
2.5990686416625977 357
2.607452392578125 356
2.61590838432312 356
2.6337032318115234 357
2.6431045532226562 358
2.65167236328125 359
2.6600005626678467 358
2.6691067218780518 357
2.6773738861083984 356
2.6927895545959473 357
2.701737880706787 357
2.7099575996398926 358
2.7180113792419434 359
2.7268662452697754 358
2.737034797668457 357
2.745396375656128 357
2.7540934085845947 357
2.763172149658203 358
2.7715749740600586 358
2.779766798019409 358
2.7909865379333496 357
2.799952745437622 356
2.807863712310791 356
2.817577838897705 356
2.8260042667388916 357
2.835724353790283 357
2.8441085815429688 357
2.853358268737793 356
2.8617234230041504 356
2.8708293437957764 356
2.87815260887146 356
2.8882312774658203 357
2.897622585296631 357
2.9060380458831787 356
2.9143524169921875 355
2.9231114387512207 355
2.9318339824676514 355
2.9413342475891113 356
2.949688196182251 357
2.957599401473999 357
2.967038631439209 356
2.9754245281219482 355
2.9838223457336426 355
2.9941415786743164 355
3.003053903579712 356
3.0114684104919434 357
3.0197572708129883 357
3.0282974243164062 356
3.037126302719116 355
3.0464351177215576 355
3.0552971363067627 355
3.0641775131225586 356
3.073012113571167 356
3.0864498615264893 357
3.096940755844116 356
3.105323553085327 356
3.1137192249298096 356
3.1223013401031494 355
3.131589651107788 355
3.141000509262085 355
3.148313522338867 355
3.1574699878692627 356
3.1662745475769043 356
3.1744003295898438 356
3.1833419799804688 355
3.1942391395568848 355
3.203049421310425 355
3.211334705352783 355
3.2190754413604736 355
3.2276957035064697 355
3.236198902130127 356
3.245633840560913 355
3.254124879837036 355
3.2639925479888916 354
3.272420644760132 355
3.2810983657836914 355
3.290144443511963 356
3.3005480766296387 355
3.308199882507324 354
3.3169684410095215 354
3.328052520751953 354
3.33689022064209 355
3.3523786067962646 355
3.3615589141845703 355
3.369701862335205 354
3.3776795864105225 354
3.3874268531799316 353
3.3974599838256836 354
3.4059033393859863 355
3.414135694503784 356
3.4230077266693115 356
3.4319283962249756 356
3.440129280090332 355
3.449930429458618 354
3.4578988552093506 354
3.4668829441070557 355
3.4751136302948 355
3.488138437271118 356
3.4990861415863037 355
3.507593870162964 354
3.51633620262146 354
3.524446725845337 354
3.533658981323242 354
3.5420639514923096 355
3.5515668392181396 355
3.5609114170074463 355
3.569636583328247 355
3.577441930770874 355
3.586923122406006 355
3.5958285331726074 355
3.6052680015563965 355
3.6136317253112793 355
3.6221799850463867 355
3.631169080734253 355
3.6384761333465576 355
3.6480448246002197 355
3.656782627105713 355
3.6657745838165283 355
3.674553632736206 355
3.683387279510498 355
3.6932971477508545 355
3.7028539180755615 355
3.7111687660217285 355
3.7184925079345703 355
3.7277908325195312 355
3.736077070236206 355
3.7444446086883545 355
3.7538750171661377 355
3.763145923614502 355
3.7721898555755615 355
3.780482292175293 355
3.7912018299102783 354
3.7995195388793945 354
3.808250904083252 354
3.816879987716675 355
3.8260018825531006 355
3.8357017040252686 355
3.8439834117889404 354
3.853658676147461 353
3.862959623336792 353
3.8713321685791016 354
3.879676580429077 355
3.8939363956451416 354
3.9039254188537598 353
3.912838935852051 352
3.921326160430908 353
3.9304893016815186 353
3.938157081604004 354
3.946817398071289 354
3.956794023513794 354
3.965212345123291 353
3.9739716053009033 354
3.9831392765045166 354
3.993067741394043 355
4.0014121532440186 354
4.011074542999268 353
4.018377065658569 353
4.027625560760498 354
4.036273002624512 355
4.045036315917969 355
4.053374767303467 354
4.065045595169067 353
4.077562093734741 352
4.091554641723633 353
4.103054761886597 355
4.115831136703491 357
4.127996444702148 358
4.139969110488892 357
4.151855707168579 355
4.165797233581543 355
4.174546003341675 355
4.183757781982422 356
4.193934440612793 357
4.202514410018921 357
4.211869478225708 356
4.220146417617798 355
4.229645490646362 355
4.237529516220093 355
4.245830297470093 355
4.254083871841431 355
4.2641074657440186 355
4.272804021835327 355
4.28119683265686 354
4.295367956161499 353
4.303928375244141 353
4.3135826587677 353
4.3231589794158936 353
4.331394672393799 354
4.339720964431763 354
4.350910425186157 354
4.360859394073486 353
4.368353366851807 353
4.377004384994507 353
4.387417793273926 353
4.395758628845215 353
4.40410590171814 353
4.413633823394775 353
4.422902584075928 353
4.431188106536865 353
4.438476800918579 353
4.447076797485352 353
4.455999851226807 353
4.465576410293579 353
4.473811149597168 353
4.482224702835083 353
4.492033004760742 353
4.500122785568237 353
4.507922887802124 353
4.517395496368408 353
4.526348829269409 353
4.5344648361206055 353
4.5430755615234375 353
4.551488399505615 353
4.560111999511719 353
4.569126129150391 353
4.577230215072632 353
4.587262392044067 353
4.5955657958984375 353
4.603797912597656 353
4.612189769744873 353
4.625722646713257 353
4.641727924346924 353
4.649943590164185 353
4.658164739608765 353
4.667652368545532 353
4.675900459289551 353
4.684448957443237 353
4.698016405105591 353
4.7070229053497314 353
4.7162089347839355 353
4.725294589996338 353
4.733669996261597 353
4.742061138153076 353
4.750178575515747 353
4.759028196334839 353
4.768214464187622 353
4.776865720748901 353
4.786487102508545 353
4.795492172241211 353
4.803742170333862 353
4.812267065048218 353
4.822456359863281 353
4.830963373184204 353
4.83825159072876 353
4.846890687942505 353
4.857057094573975 353
4.865262508392334 353
4.874368906021118 353
4.88361382484436 353
4.893000602722168 353
4.901799440383911 353
4.910034418106079 353
4.9197187423706055 353
4.927503347396851 353
4.935811281204224 353
4.944218635559082 353
4.953585624694824 353
4.9618589878082275 353
4.971234321594238 353
4.97855019569397 353
4.98840069770813 353
4.997055768966675 353
