0 0
0.013663291931152344 0
0.033528804779052734 0
0.05032920837402344 2
0.06839895248413086 6
0.08794999122619629 14
0.09747838973999023 18
0.10753297805786133 24
0.11967658996582031 29
0.1326274871826172 38
0.14560604095458984 46
0.15686655044555664 54
0.1693713665008545 62
0.18146753311157227 72
0.19743752479553223 82
0.20868277549743652 91
0.21778631210327148 97
0.2262706756591797 103
0.235670804977417 111
0.24529361724853516 118
0.2537393569946289 125
0.26227831840515137 133
0.27042436599731445 139
0.279202938079834 145
0.2882959842681885 153
0.29868626594543457 161
0.3072965145111084 168
0.3158903121948242 174
0.32463932037353516 182
0.3369166851043701 192
0.3465092182159424 200
0.3555028438568115 207
0.3645780086517334 215
0.37320399284362793 222
0.38073086738586426 228
0.3905189037322998 236
0.4007604122161865 244
0.4096364974975586 251
0.4181227684020996 259
0.42751622200012207 266
0.4359891414642334 273
0.4457857608795166 280
0.4541280269622803 288
0.46356821060180664 293
0.4709651470184326 298
0.47971010208129883 302
0.4899113178253174 308
0.5004639625549316 312
0.509326696395874 315
0.5184547901153564 319
0.5277514457702637 322
0.5361158847808838 324
0.5459742546081543 328
0.5546865463256836 331
0.5646123886108398 334
0.5729913711547852 335
0.5805721282958984 336
0.5907821655273438 338
0.6008038520812988 339
0.6095602512359619 341
0.6179769039154053 343
0.6279423236846924 345
0.636267900466919 346
0.6447412967681885 346
0.6541874408721924 346
0.6634023189544678 348
0.6708168983459473 349
0.6794965267181396 350
0.6892070770263672 351
0.6991894245147705 352
0.708646297454834 351
0.716792106628418 351
0.7259085178375244 351
0.7392120361328125 353
0.7478005886077881 354
0.7572433948516846 354
0.7663018703460693 354
0.774730920791626 354
0.7832212448120117 355
0.792508602142334 356
0.8021175861358643 356
0.8101041316986084 356
0.8186085224151611 356
0.8281002044677734 356
0.8363816738128662 356
0.844857931137085 356
0.854248046875 357
0.8636891841888428 358
0.8719677925109863 358
0.8799362182617188 357
0.8894877433776855 356
0.8982264995574951 356
0.9077467918395996 356
0.916064977645874 357
0.9255244731903076 358
0.9344873428344727 358
0.9426324367523193 358
0.9506525993347168 357
0.9605355262756348 356
0.9693276882171631 357
0.9775557518005371 357
0.9862210750579834 358
0.9987814426422119 357
1.0093433856964111 356
1.0186378955841064 356
1.0286037921905518 356
1.038447380065918 357
1.0493571758270264 358
1.059739589691162 358
1.0680887699127197 357
1.0780820846557617 356
1.0866026878356934 355
1.0966336727142334 356
1.1077649593353271 357
1.116224765777588 358
1.1255133152008057 358
1.139491081237793 358
1.1480286121368408 357
1.1583657264709473 356
1.1668615341186523 356
1.1755435466766357 356
1.1837975978851318 356
1.1943273544311523 357
1.2046194076538086 358
1.2140674591064453 357
1.2234039306640625 356
1.2308354377746582 356
1.2395153045654297 356
1.2477660179138184 357
1.2592673301696777 357
1.267533779144287 357
1.276047706604004 356
1.2847068309783936 356
1.2945809364318848 356
1.3032498359680176 356
1.3123936653137207 357
1.320220708847046 357
1.329399824142456 357
1.3377835750579834 357
1.3466691970825195 357
1.355781078338623 356
1.3654708862304688 356
1.373854637145996 356
1.3821194171905518 357
1.3919732570648193 357
1.3997881412506104 357
1.40822434425354 357
1.4175817966461182 356
1.426387071609497 356
1.4349169731140137 356
1.44382643699646 356
1.4519813060760498 356
1.4619653224945068 357
1.4700868129730225 357
1.4784061908721924 356
1.486924171447754 356
1.4961521625518799 355
1.5045936107635498 356
1.5139751434326172 356
1.5226011276245117 356
1.5360004901885986 356
1.5453109741210938 356
1.5537660121917725 356
1.5640580654144287 356
1.5722558498382568 356
1.5800762176513672 356
1.590130090713501 356
1.5986413955688477 356
1.6067414283752441 356
1.616285800933838 356
1.6255755424499512 356
1.6338725090026855 356
1.6420891284942627 356
1.6505582332611084 356
1.659864902496338 356
1.6693716049194336 356
1.6775736808776855 356
1.6859476566314697 355
1.6957883834838867 355
1.7042732238769531 356
1.7126343250274658 356
1.723353385925293 356
1.7307219505310059 356
1.739431381225586 355
1.7478220462799072 355
1.7568690776824951 355
1.7678065299987793 355
1.7768025398254395 355
1.7854666709899902 355
1.795469045639038 355
1.8038132190704346 355
1.8119771480560303 355
1.8219876289367676 355
1.8299267292022705 354
1.8383517265319824 354
1.8465614318847656 354
1.8563029766082764 355
1.8647751808166504 355
1.874129295349121 354
1.882462501525879 354
1.8925762176513672 354
1.9003643989562988 355
1.9089362621307373 355
1.9181795120239258 355
1.926837682723999 354
1.9393577575683594 354
1.9479706287384033 354
1.9575591087341309 354
1.9660511016845703 354
1.9755468368530273 354
1.9894211292266846 354
1.997732400894165 354
2.007855176925659 353
2.016265869140625 353
2.0264856815338135 354
2.035378932952881 354
2.0436627864837646 354
2.0509421825408936 354
2.060368299484253 354
2.0689074993133545 353
2.078381299972534 353
2.088102340698242 353
2.096386432647705 354
2.105273485183716 354
2.113706111907959 354
2.12388277053833 354
2.132021188735962 353
2.140009880065918 353
2.148345947265625 353
2.157489061355591 353
2.1662635803222656 354
2.175935745239258 354
2.185863971710205 354
2.198007106781006 353
2.2095329761505127 353
2.2216415405273438 354
2.234856128692627 355
2.246542453765869 354
2.258500814437866 352
2.2693240642547607 351
2.280122756958008 351
2.2899343967437744 352
2.298231363296509 353
2.3067421913146973 353
2.3154401779174805 353
2.325444459915161 353
2.3375542163848877 353
2.3460750579833984 353
2.355562925338745 353
2.364048957824707 353
2.3722550868988037 353
2.381507396697998 353
2.39082932472229 353
2.3995118141174316 353
2.407766103744507 353
2.416696310043335 353
2.4255425930023193 353
2.4348905086517334 353
2.4434549808502197 353
2.452157735824585 352
2.4599645137786865 352
2.468277931213379 352
2.4765310287475586 353
2.4878158569335938 353
2.4961442947387695 352
2.504926919937134 352
2.513829231262207 351
2.5232415199279785 351
2.5322253704071045 351
2.5400688648223877 352
2.549643039703369 352
2.557905435562134 352
2.566166639328003 351
2.5747103691101074 350
2.584615468978882 351
2.5943105220794678 352
2.603325366973877 352
2.6106908321380615 352
2.619873046875 352
2.6281492710113525 352
2.6376891136169434 352
2.645984411239624 351
2.6554300785064697 351
2.663875102996826 351
2.6720359325408936 351
2.680603504180908 351
2.6904523372650146 351
2.6992433071136475 351
2.7074694633483887 351
2.7163243293762207 351
2.724937677383423 351
2.7342357635498047 351
2.7463836669921875 351
2.755598306655884 351
2.7640511989593506 351
2.772956609725952 351
2.7833750247955322 351
2.794349431991577 351
2.802577495574951 351
2.810356616973877 351
2.8196499347686768 351
2.8278965950012207 351
2.836923122406006 351
2.84568190574646 351
2.8545665740966797 351
2.8625848293304443 351
2.8703815937042236 351
2.878735065460205 351
2.8900341987609863 351
2.898454427719116 351
2.906827926635742 351
2.9159412384033203 351
2.924272060394287 351
2.9324533939361572 351
2.9415266513824463 351
2.9503979682922363 351
2.9587321281433105 351
2.9669711589813232 351
2.9756696224212646 351
2.992475748062134 351
3.0039408206939697 351
3.0121262073516846 350
3.020639657974243 350
3.0295207500457764 351
3.0378880500793457 351
3.049342155456543 351
3.0575807094573975 350
3.0660836696624756 350
3.0745670795440674 349
3.0841875076293945 349
3.0945959091186523 350
3.103573799133301 350
3.1145918369293213 351
3.1229395866394043 350
3.130631923675537 350
3.146019697189331 350
3.1547069549560547 350
3.1633245944976807 350
3.1706697940826416 350
3.1799252033233643 350
3.1892507076263428 350
3.198340654373169 350
3.2067461013793945 349
3.2159016132354736 349
3.224229097366333 349
3.2325000762939453 349
3.2403030395507812 350
3.2503771781921387 350
3.258737802505493 350
3.2672784328460693 349
3.275848627090454 348
3.285820722579956 348
3.2959539890289307 349
3.304473638534546 350
3.3135647773742676 350
3.320934534072876 350
3.329761266708374 349
3.3382058143615723 348
3.348158836364746 348
3.3564414978027344 349
3.365276336669922 349
3.373622179031372 350
3.398369312286377 347
3.406749725341797 346
3.4163191318511963 345
3.4248921871185303 346
3.4335179328918457 346
3.4409339427948 347
3.45206880569458 347
3.4599130153656006 347
3.4682581424713135 347
3.477815866470337 347
3.4861152172088623 347
3.4955387115478516 347
3.5052988529205322 348
3.514563798904419 348
3.5226261615753174 347
3.5305416584014893 347
3.5441572666168213 347
3.553929328918457 348
3.5622973442077637 349
3.5704593658447266 349
3.5799169540405273 348
3.590268135070801 347
3.6002559661865234 346
3.6086432933807373 347
3.61893630027771 348
3.6277382373809814 348
3.6361522674560547 349
3.645430564880371 348
3.6547293663024902 348
3.663224458694458 348
3.6706442832946777 347
3.6803905963897705 347
3.689971446990967 347
3.698784589767456 348
3.7083919048309326 348
3.7175087928771973 348
3.725923538208008 347
3.734316349029541 346
3.743665933609009 346
3.7526512145996094 347
3.760737657546997 348
3.769521951675415 348
3.778348207473755 348
3.7869040966033936 348
3.796732187271118 348
3.8062894344329834 347
3.815596103668213 347
3.8240199089050293 346
3.832265853881836 347
3.8402161598205566 348
3.8492798805236816 348
3.858407497406006 348
3.8668153285980225 348
3.875959873199463 347
3.8845086097717285 347
3.893738269805908 346
3.9025168418884277 347
3.912588119506836 347
3.920348644256592 347
3.9289491176605225 347
3.937580108642578 347
3.950885057449341 347
3.960502862930298 347
3.9693477153778076 346
3.978433609008789 346
3.9872753620147705 347
3.996469259262085 347
4.006408452987671 347
4.015463829040527 347
4.0238025188446045 347
4.031965494155884 346
4.039934873580933 346
4.0494115352630615 346
4.05867075920105 346
4.066967725753784 346
4.0762505531311035 346
4.084693193435669 346
4.0938756465911865 346
4.102212905883789 346
4.112244606018066 346
4.120072603225708 346
4.13067626953125 346
4.13938570022583 345
4.14846134185791 345
4.156703948974609 346
4.166544437408447 346
4.175647497177124 346
4.183935165405273 346
4.193445682525635 346
4.200806617736816 346
4.212386131286621 345
4.2202417850494385 345
4.22877311706543 345
4.236969947814941 345
4.246156215667725 346
4.254694700241089 346
4.264839172363281 345
4.276793718338013 344
4.2896411418914795 344
4.300873279571533 345
4.315630912780762 346
4.327746868133545 347
4.345802545547485 344
4.35786509513855 341
4.370895862579346 339
4.3802173137664795 338
4.38978385925293 338
4.398136854171753 339
4.40730094909668 340
4.416578054428101 341
4.4332849979400635 341
4.442140579223633 340
4.450223207473755 339
4.4593141078948975 338
4.4687440395355225 339
4.4775731563568115 340
4.486043453216553 342
4.495361566543579 342
4.50368332862854 341
4.513857841491699 341
4.523435115814209 341
4.530772686004639 341
4.539933681488037 342
4.548288822174072 342
4.556549310684204 343
4.566093444824219 343
4.575452089309692 342
4.58406925201416 341
4.594083309173584 341
4.6023125648498535 342
4.610774993896484 342
4.620785236358643 342
4.6294779777526855 342
4.639612674713135 342
4.648121118545532 343
4.6564555168151855 342
4.665336608886719 342
4.675830602645874 342
4.684159517288208 342
4.693624496459961 343
4.701968669891357 344
4.710477113723755 344
4.7204413414001465 343
4.729373931884766 342
4.7384033203125 342
4.75060510635376 342
4.75949764251709 344
4.769906044006348 344
4.778404235839844 344
4.786863803863525 343
4.796192169189453 342
4.805295467376709 342
4.813596248626709 342
4.822580337524414 342
4.830878496170044 342
4.842613458633423 343
4.850904941558838 343
4.859577178955078 343
4.867868661880493 342
4.877866744995117 342
4.886272430419922 342
4.89581298828125 342
4.905411243438721 343
4.914953708648682 343
4.924327611923218 343
4.932580471038818 342
4.94329047203064 342
4.9529759883880615 342
4.960538864135742 342
4.969696521759033 343
4.9794347286224365 343
4.989265441894531 343
4.997533321380615 343
