0 0
0.01870441436767578 0
0.05694985389709473 0
0.09210610389709473 5
0.12874078750610352 23
0.17286372184753418 49
0.20271849632263184 70
0.2287883758544922 89
0.25234270095825195 104
0.2687044143676758 119
0.29181718826293945 135
0.31165051460266113 151
0.33144688606262207 167
0.34667086601257324 183
0.36829185485839844 198
0.3922398090362549 216
0.4118485450744629 232
0.42290472984313965 242
0.4318668842315674 250
0.44164490699768066 257
0.4511590003967285 265
0.45994138717651367 273
0.46993303298950195 279
0.47827720642089844 286
0.48827147483825684 294
0.4964261054992676 301
0.5081884860992432 306
0.516751766204834 311
0.5286195278167725 316
0.5371766090393066 318
0.5491960048675537 322
0.5579547882080078 327
0.5937716960906982 334
0.6237056255340576 334
0.6444549560546875 334
0.6651451587677002 338
0.6902861595153809 344
0.7118113040924072 352
0.7317147254943848 356
0.7509799003601074 356
0.7724907398223877 352
0.7939653396606445 350
0.8157706260681152 350
0.8337404727935791 355
0.8497440814971924 358
0.8571417331695557 358
0.866086483001709 358
0.874983549118042 358
0.8848667144775391 358
0.8956682682037354 358
0.9261770248413086 358
0.9607346057891846 358
0.9798519611358643 358
0.9985275268554688 358
1.0266878604888916 358
1.046527624130249 358
1.078622817993164 358
1.1003623008728027 358
1.1249480247497559 358
1.1600024700164795 358
1.1786322593688965 358
1.2037632465362549 358
1.2245090007781982 358
1.2411136627197266 358
1.2710578441619873 358
1.296879529953003 358
1.3210530281066895 358
1.3537824153900146 358
1.3703153133392334 358
1.3935112953186035 357
1.4130463600158691 357
1.4321212768554688 358
1.4527795314788818 358
1.4798753261566162 355
1.4968056678771973 352
1.528308391571045 355
1.5463099479675293 359
1.5683298110961914 362
1.5859427452087402 361
1.602795124053955 357
1.6209328174591064 354
1.639941930770874 353
1.6639823913574219 357
1.6845426559448242 361
1.7037549018859863 362
1.724405288696289 358
1.7460212707519531 356
1.7649550437927246 356
1.7856714725494385 359
1.8026816844940186 361
1.8237550258636475 361
1.841050386428833 358
1.8661937713623047 354
1.8856556415557861 354
1.9000139236450195 356
1.9248855113983154 360
1.9451146125793457 360
1.963202953338623 357
1.9827444553375244 352
2.0020720958709717 350
2.0230350494384766 352
2.042452096939087 356
2.058706760406494 358
2.078803062438965 357
2.0946834087371826 354
2.11604380607605 352
2.1368374824523926 352
2.1549317836761475 355
2.178347110748291 357
2.2055625915527344 352
2.232067346572876 348
2.261620283126831 349
2.285719871520996 354
2.3009533882141113 358
2.3282692432403564 357
2.346137046813965 354
2.3638906478881836 350
2.3857712745666504 349
2.4026038646698 351
2.4186160564422607 354
2.440072774887085 356
2.461538791656494 353
2.472311019897461 351
2.481987953186035 350
2.4902536869049072 350
2.498424768447876 350
2.532050848007202 352
2.5436923503875732 353
2.5526325702667236 353
2.582165241241455 351
2.598788022994995 352
2.622783660888672 356
2.6441006660461426 358
2.6621060371398926 356
2.6839842796325684 351
2.700528860092163 348
2.7317464351654053 350
2.7514121532440186 355
2.7658112049102783 358
2.78348445892334 358
2.8001062870025635 357
2.8191111087799072 352
2.836554765701294 351
2.8558666706085205 352
2.87412166595459 356
2.896422863006592 357
2.9148924350738525 354
2.9409070014953613 351
2.962484836578369 352
2.977165699005127 356
2.997797727584839 358
3.0215678215026855 356
3.038402795791626 352
3.0563974380493164 350
3.0741653442382812 352
3.096073865890503 356
3.128588914871216 359
3.161018133163452 352
3.1828150749206543 343
3.2003746032714844 337
3.222289800643921 335
3.2416598796844482 336
3.2567696571350098 340
3.2897019386291504 350
3.3071861267089844 354
3.328822135925293 354
3.350212574005127 350
3.367197036743164 347
3.389869213104248 347
3.4070372581481934 350
3.432631492614746 354
3.4608867168426514 351
3.486323118209839 346
3.506395101547241 341
3.531879186630249 342
3.5531816482543945 347
3.573000192642212 353
3.594169855117798 355
3.6121163368225098 355
3.631662130355835 351
3.6511709690093994 350
3.6760854721069336 352
3.6983907222747803 356
3.719736099243164 355
3.7365477085113525 350
3.7622501850128174 348
3.7796921730041504 348
3.8016417026519775 353
3.8171300888061523 355
3.835690498352051 354
3.8556063175201416 351
3.8751659393310547 347
3.8960535526275635 347
3.912419557571411 349
3.938624143600464 353
3.9567832946777344 352
3.980807065963745 348
4.001178979873657 346
4.0223000049591064 347
4.03840446472168 351
4.056816816329956 353
4.0787670612335205 350
4.096250295639038 348
4.115687131881714 347
4.132783889770508 350
4.153991937637329 352
4.172403573989868 353
4.198791265487671 348
4.214960813522339 344
4.236684799194336 346
4.261549711227417 351
4.289817571640015 353
4.314634084701538 348
4.346660137176514 341
4.370848894119263 339
4.391801834106445 341
4.4116106033325195 346
4.428281784057617 350
4.448318958282471 349
4.468385457992554 345
4.484373569488525 342
4.505647420883179 342
4.520843982696533 346
4.5400776863098145 348
4.561033010482788 347
4.580092906951904 344
4.599733591079712 341
4.616648435592651 342
4.636687517166138 346
4.656032085418701 350
4.676271200180054 350
4.69247031211853 348
4.702212810516357 346
4.711133003234863 345
4.725870609283447 345
4.734300851821899 346
4.742989540100098 347
4.753025054931641 347
4.765631198883057 346
4.7751145362854 345
4.785602331161499 345
4.816339015960693 349
4.83709716796875 353
4.8557915687561035 354
4.874498128890991 352
4.896704435348511 347
4.916074991226196 346
4.937710762023926 348
4.95667839050293 351
4.975722312927246 352
4.99463677406311 349
