0 0
0.014503717422485352 0
0.032186031341552734 0
0.04983067512512207 1
0.06824159622192383 7
0.08225607872009277 11
0.09080862998962402 14
0.09971261024475098 18
0.10812044143676758 23
0.11762523651123047 28
0.1261284351348877 33
0.14054656028747559 42
0.14923954010009766 47
0.1579442024230957 53
0.16727733612060547 59
0.17609381675720215 67
0.1858370304107666 73
0.19548869132995605 80
0.20433878898620605 87
0.21276402473449707 93
0.22156548500061035 99
0.23172974586486816 107
0.24018430709838867 114
0.24865460395812988 121
0.25745725631713867 127
0.2664957046508789 135
0.27527904510498047 141
0.28540825843811035 149
0.2928295135498047 157
0.30196094512939453 162
0.31216979026794434 170
0.3206510543823242 178
0.3302311897277832 186
0.3406715393066406 195
0.35173726081848145 202
0.36523914337158203 214
0.3767826557159424 223
0.390275239944458 235
0.4023630619049072 245
0.4164249897003174 256
0.42833662033081055 266
0.4416971206665039 276
0.4520998001098633 285
0.46053552627563477 293
0.4698216915130615 299
0.4782233238220215 308
0.48805832862854004 314
0.4973311424255371 323
0.5057439804077148 329
0.5152909755706787 337
0.5226426124572754 344
0.5375776290893555 355
0.546257495880127 363
0.5551183223724365 368
0.5626087188720703 372
0.571829080581665 376
0.5802264213562012 379
0.5903184413909912 382
0.5997576713562012 383
0.6083049774169922 384
0.6179487705230713 384
0.6262941360473633 383
0.6353838443756104 382
0.644808292388916 379
0.652517557144165 377
0.6613247394561768 374
0.6705665588378906 370
0.678788423538208 367
0.6879167556762695 362
0.698145866394043 359
0.7143905162811279 354
0.72283935546875 353
0.7323758602142334 353
0.7419631481170654 353
0.7502775192260742 355
0.7585978507995605 356
0.7692530155181885 358
0.7777063846588135 360
0.786139965057373 361
0.7966687679290771 362
0.8052191734313965 362
0.8142228126525879 361
0.8220736980438232 361
0.8339753150939941 360
0.8425428867340088 359
0.8514070510864258 359
0.8596863746643066 359
0.8683948516845703 359
0.8768761157989502 359
0.8854196071624756 359
0.8964323997497559 359
0.9045453071594238 360
0.9139797687530518 360
0.9218406677246094 360
0.9312806129455566 360
0.9460692405700684 360
0.9542350769042969 360
0.9625205993652344 360
0.9714336395263672 360
0.9796421527862549 360
0.9879047870635986 360
0.9984855651855469 360
1.0068881511688232 360
1.0162088871002197 360
1.0243792533874512 360
1.0326685905456543 360
1.0413000583648682 360
1.050351619720459 360
1.0586748123168945 360
1.0679540634155273 360
1.0768373012542725 360
1.0854341983795166 360
1.0927131175994873 360
1.1027979850769043 360
1.112062692642212 360
1.1202759742736816 360
1.1289007663726807 360
1.137476921081543 360
1.145993947982788 360
1.155371904373169 360
1.1639971733093262 360
1.1717345714569092 360
1.1799752712249756 360
1.1882867813110352 360
1.1986701488494873 360
1.2074501514434814 360
1.2165606021881104 360
1.2245721817016602 360
1.2329185009002686 360
1.2415001392364502 360
1.2506725788116455 360
1.259443998336792 360
1.2680211067199707 360
1.2762486934661865 360
1.2843947410583496 360
1.2927844524383545 360
1.3022029399871826 360
1.3120558261871338 360
1.320533037185669 360
1.3296945095062256 360
1.3426635265350342 360
1.3521599769592285 360
1.361551284790039 360
1.369837999343872 360
1.3780453205108643 360
1.386613368988037 360
1.3957312107086182 360
1.4057033061981201 360
1.4148759841918945 360
1.4224252700805664 360
1.431412935256958 360
1.439620018005371 360
1.4480531215667725 360
1.4573633670806885 360
1.466242790222168 360
1.4744179248809814 360
1.482187032699585 360
1.4903929233551025 360
1.4993813037872314 360
1.5100197792053223 360
1.5182178020477295 360
1.5273549556732178 360
1.535576581954956 360
1.5428171157836914 360
1.5516078472137451 360
1.5616974830627441 360
1.5700390338897705 360
1.5783698558807373 360
1.5867817401885986 360
1.5958964824676514 360
1.6051452159881592 360
1.6145291328430176 360
1.6222772598266602 360
1.6313776969909668 360
1.6396546363830566 360
1.6478984355926514 360
1.6572942733764648 360
1.6661999225616455 360
1.6743831634521484 360
1.682164192199707 360
1.6906445026397705 360
1.6998345851898193 360
1.7094905376434326 360
1.7188429832458496 360
1.7280304431915283 360
1.740067958831787 360
1.7485389709472656 360
1.7581725120544434 360
1.7674617767333984 360
1.7756803035736084 360
1.7834560871124268 360
1.7916274070739746 360
1.8003044128417969 360
1.8106555938720703 360
1.819638967514038 360
1.827970027923584 360
1.8373677730560303 360
1.8458240032196045 360
1.856095790863037 360
1.8662254810333252 360
1.8743901252746582 360
1.882138729095459 360
1.8904259204864502 360
1.8997414112091064 360
1.9079959392547607 360
1.9181950092315674 360
1.9268155097961426 360
1.935654640197754 360
1.94346284866333 360
1.9515841007232666 360
1.960556983947754 360
1.9694042205810547 360
1.9777510166168213 360
1.986086368560791 360
1.994292974472046 360
2.0025272369384766 360
2.014540910720825 360
2.0227243900299072 360
2.0320029258728027 360
2.0413808822631836 360
2.0497004985809326 360
2.058018207550049 360
2.0680477619171143 360
2.07625412940979 360
2.0844576358795166 360
2.092221260070801 360
2.1014199256896973 360
2.110628843307495 360
2.119945526123047 360
2.128140687942505 360
2.1411824226379395 360
2.1494832038879395 360
2.1579699516296387 360
2.168001174926758 360
2.176225423812866 360
2.18437123298645 360
2.192079782485962 360
2.201632499694824 360
2.2106335163116455 360
2.2199056148529053 360
2.2282721996307373 360
2.2373740673065186 360
2.2455947399139404 360
2.252898931503296 360
2.261512279510498 360
2.271595001220703 360
2.281291961669922 360
2.2905755043029785 360
2.29970645904541 360
2.307986259460449 360
2.3186585903167725 360
2.3277297019958496 360
2.336566925048828 360
2.344536542892456 360
2.352410316467285 360
2.3628251552581787 360
2.37231707572937 360
2.3806233406066895 360
2.388756513595581 360
2.397794485092163 360
2.4061896800994873 360
2.4153854846954346 360
2.424293279647827 360
2.4366023540496826 360
2.4475417137145996 360
2.458616018295288 360
2.472442865371704 360
2.484398126602173 360
2.496666431427002 360
2.5072107315063477 360
2.5162651538848877 360
2.5258452892303467 360
2.5355546474456787 360
2.547612190246582 360
2.555971622467041 360
2.5645487308502197 360
2.5740649700164795 360
2.5817959308624268 360
2.59024715423584 360
2.5989019870758057 360
2.607478141784668 360
2.6167290210723877 360
2.6260440349578857 360
2.6355981826782227 360
2.642874002456665 360
2.6516294479370117 360
2.659865617752075 360
2.6685497760772705 360
2.677976131439209 360
2.6862032413482666 360
2.6948888301849365 360
2.7024271488189697 360
2.720221996307373 360
2.730252981185913 360
2.738560914993286 360
2.747859239578247 360
2.757537841796875 360
2.7678821086883545 360
2.7787041664123535 360
2.787341356277466 360
2.7959787845611572 360
2.8041374683380127 360
2.8127081394195557 360
2.8213350772857666 360
2.832407236099243 360
2.8417916297912598 360
2.850426435470581 360
2.858609914779663 360
2.8675618171691895 360
2.8768436908721924 360
2.8854427337646484 360
2.8941802978515625 360
2.901962995529175 360
2.9116904735565186 360
2.9199554920196533 360
2.9303014278411865 360
2.9385290145874023 360
2.9517009258270264 360
2.9607181549072266 360
2.9692084789276123 360
2.9783246517181396 360
2.986750602722168 360
2.9959280490875244 360
3.0040454864501953 360
3.0127346515655518 360
3.0213265419006348 360
3.0311803817749023 360
3.0392210483551025 360
3.0475754737854004 360
3.0558013916015625 360
3.0651657581329346 360
3.0725669860839844 360
3.082139730453491 360
3.090425729751587 360
3.0994772911071777 360
3.1077873706817627 360
3.1168265342712402 360
3.125925064086914 360
3.1354823112487793 360
3.142737865447998 360
3.1518218517303467 360
3.161165237426758 360
3.1692588329315186 360
3.1776068210601807 360
3.1869168281555176 360
3.1957342624664307 360
3.2039055824279785 360
3.212388753890991 360
3.2207140922546387 360
3.2296345233917236 359
3.238692045211792 359
3.2475552558898926 359
3.2557928562164307 359
3.2645065784454346 360
3.272428035736084 360
3.2808451652526855 359
3.2911410331726074 359
3.2994024753570557 359
3.307856321334839 359
3.317862033843994 359
3.3264946937561035 359
3.3473119735717773 359
3.357167959213257 359
3.365687847137451 359
3.3734467029571533 359
3.381793260574341 359
3.3917813301086426 359
3.4006590843200684 359
3.4091567993164062 359
3.4181933403015137 359
3.4275448322296143 359
3.436728000640869 359
3.4451889991760254 359
3.453455686569214 359
3.462259292602539 359
3.4705827236175537 359
3.4787492752075195 359
3.488312244415283 359
3.4973011016845703 359
3.505546808242798 359
3.5143046379089355 359
3.522705554962158 359
3.531447410583496 359
3.540447473526001 359
3.5487706661224365 359
3.5586094856262207 359
3.5672647953033447 359
3.5755622386932373 359
3.5828258991241455 359
3.5927810668945312 359
3.6014223098754883 359
3.61069655418396 359
3.618849754333496 359
3.62823748588562 359
3.6366260051727295 359
3.645963668823242 359
3.654147148132324 359
3.6623148918151855 359
3.6708548069000244 359
3.6788809299468994 359
3.6875076293945312 359
3.697385787963867 359
3.705669641494751 359
3.714585542678833 359
3.7227795124053955 359
3.7315833568573 359
3.7406201362609863 359
3.7525687217712402 359
3.761949062347412 359
3.7711827754974365 359
3.779484510421753 359
3.7885899543762207 359
3.7980825901031494 359
3.806426763534546 359
3.8157334327697754 359
3.824554443359375 359
3.832324266433716 359
3.841700792312622 359
3.8514537811279297 359
3.8600552082061768 359
3.8687782287597656 359
3.8773701190948486 359
3.885634660720825 359
3.8956074714660645 359
3.9028496742248535 359
3.9123778343200684 359
3.921839714050293 359
3.9301087856292725 359
3.938356637954712 359
3.947894811630249 359
3.9565377235412598 359
3.9656565189361572 359
3.973391056060791 359
3.9815621376037598 359
3.990334987640381 359
3.999709129333496 359
4.008040189743042 359
4.017364740371704 359
4.0262696743011475 359
4.03447151184082 359
4.042226076126099 359
4.0517871379852295 359
4.06064772605896 359
4.068742990493774 359
4.077349662780762 359
4.086442232131958 359
4.094531059265137 359
4.10352349281311 359
4.112462043762207 359
4.121540069580078 359
4.129771947860718 359
4.138041973114014 359
4.151383638381958 359
4.160404443740845 359
4.169654130935669 359
4.178198337554932 359
4.187300205230713 359
4.19553279876709 359
4.204554080963135 359
4.2140419483184814 359
4.222442626953125 359
4.230849981307983 359
4.238879919052124 359
4.247485399246216 359
4.257516622543335 359
4.265884637832642 359
4.274505615234375 359
4.282235860824585 359
4.291335344314575 359
4.30040168762207 359
4.310610055923462 359
4.319831848144531 359
4.328170299530029 359
4.336516380310059 359
4.3445069789886475 359
4.35416841506958 359
4.3649022579193115 359
4.372903108596802 359
4.3815178871154785 359
4.390396356582642 359
4.398607492446899 359
4.4080870151519775 359
4.417748212814331 359
4.426042795181274 359
4.434216260910034 359
4.442092180252075 359
4.4520180225372314 359
4.460321426391602 359
4.468507766723633 359
4.4771528244018555 359
4.485748529434204 359
4.493510723114014 359
4.502432346343994 359
4.515607833862305 359
4.5275962352752686 359
4.538748025894165 359
4.557735919952393 359
4.56966233253479 359
4.581588268280029 359
4.593933820724487 359
4.60742712020874 359
4.6183600425720215 359
4.626909255981445 359
4.635318994522095 359
4.642578125 359
4.651638031005859 359
4.660663843154907 359
4.668764352798462 359
4.677360773086548 359
4.687220096588135 359
4.69561505317688 359
4.702903747558594 359
4.714296102523804 359
4.722649574279785 359
4.731683969497681 359
4.740863800048828 359
4.751317977905273 359
4.761556386947632 359
4.771292448043823 359
4.779497861862183 359
4.790125608444214 359
4.798352241516113 359
4.807202577590942 359
4.817860841751099 359
4.826396226882935 359
4.834513187408447 359
4.842291593551636 359
4.851568222045898 359
4.860829830169678 359
4.87041449546814 359
4.878607988357544 359
4.888373613357544 359
4.896809101104736 359
4.905288457870483 359
4.915907621383667 359
4.9241251945495605 359
4.932037830352783 359
4.9402782917022705 359
4.953521251678467 359
4.9626922607421875 359
4.972208261489868 359
4.9817328453063965 359
4.990584850311279 359
4.9999449253082275 359
