0 0
0.013820409774780273 0
0.032560110092163086 1
0.04930734634399414 2
0.06868529319763184 7
0.08573007583618164 12
0.09879565238952637 18
0.1073911190032959 23
0.1157064437866211 27
0.12557077407836914 33
0.13396596908569336 39
0.14419293403625488 45
0.15257596969604492 50
0.16132569313049316 56
0.17051315307617188 63
0.17926621437072754 68
0.18669891357421875 74
0.19631528854370117 82
0.20577025413513184 87
0.21416020393371582 95
0.2226564884185791 101
0.23210501670837402 108
0.2426319122314453 116
0.2533886432647705 124
0.26201534271240234 130
0.2714090347290039 138
0.27988219261169434 145
0.28825879096984863 153
0.29793787002563477 160
0.3065502643585205 167
0.31978607177734375 177
0.3298811912536621 185
0.33956432342529297 193
0.34920549392700195 201
0.35665035247802734 208
0.3655109405517578 214
0.37451624870300293 222
0.3832707405090332 229
0.39179468154907227 236
0.4020042419433594 244
0.4106450080871582 252
0.4192948341369629 258
0.4291961193084717 267
0.43792223930358887 275
0.44609808921813965 282
0.4557309150695801 288
0.46414661407470703 296
0.4733850955963135 303
0.48253345489501953 311
0.49202799797058105 318
0.5021493434906006 327
0.5106871128082275 333
0.5192966461181641 338
0.5292520523071289 343
0.5381805896759033 348
0.5461459159851074 350
0.555743932723999 352
0.5641806125640869 354
0.573246955871582 355
0.5817112922668457 355
0.5900924205780029 356
0.5983667373657227 356
0.6082570552825928 356
0.6160569190979004 356
0.6263508796691895 357
0.6356947422027588 358
0.64406418800354 358
0.6536059379577637 358
0.6619315147399902 358
0.6710951328277588 358
0.6794717311859131 358
0.6867837905883789 358
0.6954572200775146 358
0.7057633399963379 358
0.7140429019927979 358
0.727778434753418 358
0.7365932464599609 358
0.745521068572998 358
0.7560348510742188 358
0.7644169330596924 358
0.7735879421234131 358
0.7820675373077393 358
0.7904901504516602 358
0.7990574836730957 358
0.8092243671417236 358
0.8165102005004883 358
0.8259055614471436 358
0.8357596397399902 358
0.8440406322479248 358
0.8522639274597168 358
0.8619105815887451 358
0.8712325096130371 358
0.879481315612793 358
0.8867971897125244 358
0.895538330078125 358
0.9041464328765869 358
0.91363525390625 358
0.922027587890625 358
0.9313869476318359 358
0.9404823780059814 358
0.9486732482910156 358
0.957937479019165 358
0.9673349857330322 358
0.9755234718322754 358
0.9840302467346191 358
0.9922642707824707 358
1.001467227935791 358
1.0107245445251465 358
1.0260019302368164 358
1.0362913608551025 358
1.0456492900848389 358
1.05393385887146 358
1.0631446838378906 358
1.072021245956421 358
1.0813076496124268 358
1.0914561748504639 358
1.1002981662750244 358
1.1095960140228271 358
1.1216256618499756 358
1.1317253112792969 358
1.1416311264038086 358
1.150529146194458 358
1.1591451168060303 358
1.1692700386047363 358
1.1765553951263428 357
1.1852424144744873 357
1.1935672760009766 357
1.202141523361206 357
1.211531162261963 357
1.2200112342834473 357
1.229442834854126 357
1.2381155490875244 357
1.2463510036468506 357
1.2550795078277588 357
1.265043020248413 357
1.2732911109924316 357
1.2818419933319092 357
1.2913167476654053 357
1.3007113933563232 357
1.3091914653778076 357
1.3192205429077148 357
1.3282485008239746 357
1.336639165878296 357
1.3454539775848389 357
1.3544561862945557 357
1.3641564846038818 357
1.372450590133667 357
1.3811705112457275 357
1.38944673538208 357
1.3983914852142334 357
1.406278133392334 357
1.415684461593628 357
1.4251108169555664 357
1.4340269565582275 357
1.4422571659088135 357
1.4515562057495117 357
1.4599454402923584 357
1.4700212478637695 357
1.4782898426055908 357
1.4862744808197021 356
1.4946951866149902 357
1.5039215087890625 357
1.51216721534729 357
1.5263347625732422 356
1.5354573726654053 356
1.5439276695251465 356
1.5527677536010742 356
1.5614750385284424 355
1.5716309547424316 355
1.5800673961639404 356
1.5891704559326172 356
1.5978107452392578 356
1.6056303977966309 356
1.614069938659668 355
1.6251232624053955 355
1.6340487003326416 355
1.6424970626831055 355
1.6518380641937256 355
1.6646287441253662 356
1.6767914295196533 356
1.6894145011901855 356
1.7014708518981934 355
1.7127346992492676 354
1.7266204357147217 354
1.7396068572998047 355
1.751255750656128 356
1.7613766193389893 356
1.7707302570343018 356
1.779310703277588 355
1.7866411209106445 355
1.795931339263916 355
1.804194688796997 354
1.8125004768371582 354
1.8221426010131836 354
1.8318610191345215 354
1.8401694297790527 355
1.848397970199585 355
1.8562114238739014 354
1.8658833503723145 354
1.8754971027374268 354
1.883922815322876 354
1.892148733139038 354
1.9012653827667236 354
1.9098875522613525 354
1.9180684089660645 354
1.9324264526367188 354
1.9415228366851807 354
1.9499180316925049 354
1.9581468105316162 354
1.96779465675354 354
1.9764559268951416 354
1.9851601123809814 354
1.9938783645629883 354
2.002333402633667 354
2.0122618675231934 354
2.02066707611084 354
2.031737804412842 354
2.0400125980377197 354
2.0482053756713867 354
2.0560214519500732 354
2.0658347606658936 354
2.074153184890747 354
2.0835752487182617 354
2.0919055938720703 354
2.1011810302734375 354
2.109438419342041 354
2.116764783859253 354
2.1292572021484375 354
2.1365787982940674 354
2.1453168392181396 354
2.153506278991699 354
2.1635396480560303 354
2.172306776046753 354
2.1819262504577637 354
2.1904330253601074 354
2.1996285915374756 354
2.2074105739593506 354
2.215608835220337 354
2.2253901958465576 354
2.2345871925354004 353
2.2432754039764404 353
2.2516303062438965 353
2.260648488998413 353
2.2697765827178955 353
2.2779667377471924 353
2.2865495681762695 353
2.2956957817077637 353
2.315333366394043 353
2.3296306133270264 353
2.3392679691314697 353
2.346569299697876 353
2.355323076248169 353
2.364147424697876 353
2.3727948665618896 353
2.3821980953216553 353
2.3907926082611084 353
2.3999695777893066 353
2.4081265926361084 353
2.4159231185913086 353
2.4259350299835205 353
2.435516834259033 353
2.4437618255615234 353
2.4520254135131836 353
2.4611144065856934 352
2.4694674015045166 352
2.477316379547119 352
2.486438512802124 353
2.4955883026123047 353
2.5039098262786865 353
2.5121986865997314 353
2.5207974910736084 352
2.530672550201416 352
2.5401716232299805 352
2.5483851432800293 352
2.556180238723755 352
2.5652263164520264 352
2.573521375656128 352
2.5822694301605225 352
2.5922954082489014 351
2.6012003421783447 351
2.609483480453491 351
2.6173057556152344 352
2.627368927001953 352
2.6363394260406494 352
2.644751787185669 352
2.6533615589141846 351
2.662304401397705 351
2.671673059463501 351
2.681994676589966 351
2.6921238899230957 351
2.7005510330200195 352
2.709014892578125 352
2.716369867324829 351
2.7300851345062256 350
2.739741325378418 350
2.7479233741760254 350
2.755856513977051 351
2.765213966369629 351
2.7734694480895996 352
2.7826030254364014 351
2.792687177658081 350
2.801302433013916 350
2.809581756591797 350
2.817385673522949 350
2.826650381088257 350
2.8353183269500732 350
2.8446176052093506 350
2.85276198387146 350
2.862212657928467 351
2.8707058429718018 351
2.879254102706909 350
2.888014793395996 350
2.8973593711853027 350
2.9056758880615234 350
2.914130687713623 350
2.9234089851379395 351
2.9323511123657227 351
2.941866397857666 351
2.9502880573272705 350
2.9595236778259277 350
2.967355728149414 350
2.975539445877075 350
2.983757734298706 350
2.9937684535980225 350
3.00201678276062 350
3.0104541778564453 349
3.0191543102264404 349
3.0344748497009277 350
3.0462846755981445 350
3.0555105209350586 351
3.0637922286987305 351
3.0720717906951904 350
3.0817320346832275 350
3.0914289951324463 350
3.1007449626922607 350
3.109492778778076 350
3.117337703704834 350
3.131573438644409 349
3.1411187648773193 349
3.1519222259521484 349
3.1611533164978027 349
3.169555187225342 350
3.1773622035980225 350
3.1855499744415283 350
3.195713520050049 349
3.204195976257324 348
3.2125556468963623 348
3.221794366836548 349
3.231167793273926 350
3.2394368648529053 350
3.2484090328216553 350
3.2566754817962646 349
3.265519618988037 348
3.2738020420074463 348
3.282090663909912 348
3.2917416095733643 348
3.3013877868652344 349
3.309729814529419 349
3.317929267883301 349
3.328078508377075 349
3.335919141769409 349
3.3518307209014893 349
3.36073899269104 349
3.3692641258239746 349
3.3765666484832764 349
3.385422468185425 349
3.3952229022979736 349
3.4044530391693115 349
3.412635087966919 349
3.421804428100586 349
3.431283950805664 349
3.4397153854370117 349
3.4479174613952637 349
3.4581141471862793 349
3.4659459590911865 349
3.474221706390381 349
3.482510805130005 349
3.4919025897979736 349
3.501539945602417 349
3.5098798274993896 349
3.5180976390838623 349
3.531585216522217 349
3.540055990219116 349
3.5482773780822754 349
3.558396577835083 349
3.5664517879486084 349
3.5751335620880127 349
3.583527088165283 348
3.592290163040161 348
3.6015095710754395 348
3.611074686050415 348
3.6200690269470215 348
3.630002021789551 348
3.6382641792297363 348
3.6460633277893066 348
3.6578097343444824 348
3.66567325592041 348
3.674046754837036 347
3.682509183883667 347
3.6919467449188232 347
3.7003884315490723 347
3.7103216648101807 347
3.7192323207855225 347
3.728227138519287 347
3.736030101776123 347
3.746734380722046 347
3.7607648372650146 347
3.7718520164489746 347
3.783345937728882 347
3.7956035137176514 346
3.8098039627075195 347
3.8217108249664307 348
3.8339405059814453 348
3.845641613006592 347
3.8556249141693115 346
3.8653063774108887 346
3.873568534851074 346
3.8818893432617188 346
3.8910648822784424 346
3.899322986602783 346
3.9091737270355225 346
3.9191620349884033 346
3.9280736446380615 346
3.940460443496704 346
3.9491984844207764 346
3.9602866172790527 346
3.9699764251708984 346
3.97922420501709 346
3.9879305362701416 346
3.9957714080810547 346
4.004070281982422 346
4.01355504989624 346
4.022622585296631 346
4.031940460205078 346
4.041216611862183 346
4.049910545349121 346
4.0582146644592285 346
4.066733360290527 346
4.075380086898804 346
4.0846006870269775 346
4.093050956726074 346
4.101590871810913 346
4.1098668575286865 346
4.120498180389404 346
4.1296446323394775 346
4.137952089309692 346
4.145766735076904 346
4.154540061950684 346
4.166036605834961 346
4.174466848373413 346
4.183706760406494 346
4.192772150039673 346
4.20141077041626 346
4.209778308868408 346
4.220548152923584 346
4.2298264503479 346
4.238391876220703 346
4.246188163757324 346
4.255314588546753 345
4.264296770095825 346
4.273871898651123 346
4.2840189933776855 346
4.292571783065796 346
4.301356077194214 345
4.309966564178467 345
4.320662260055542 345
4.334144592285156 345
4.343480110168457 346
4.352319717407227 346
4.361135005950928 346
4.370287656784058 345
4.378472805023193 345
4.387376546859741 344
4.395590543746948 344
4.404036521911621 344
4.412391185760498 345
4.424530267715454 345
4.432716369628906 344
4.441409349441528 344
4.450092554092407 344
4.458291292190552 344
4.467848777770996 344
4.475826025009155 344
4.484725713729858 344
4.493054389953613 343
4.501513242721558 343
4.5098161697387695 343
4.520023345947266 344
4.529757738113403 344
4.537947416305542 343
4.545791387557983 343
4.554485321044922 343
4.562628269195557 343
4.572119474411011 344
4.581468105316162 344
4.589724540710449 344
4.5983240604400635 343
4.609121084213257 343
4.617920637130737 343
4.629482746124268 343
4.636798858642578 344
4.6456263065338135 344
4.654486656188965 343
4.662670612335205 343
4.673498868942261 342
4.6823530197143555 343
4.691082715988159 343
4.699444055557251 344
4.7072765827178955 344
4.715901613235474 344
4.7263877391815186 343
4.739946126937866 343
4.749472618103027 344
4.757303953170776 344
4.765845775604248 344
4.775425434112549 344
4.784302711486816 343
4.792603969573975 343
4.801267385482788 343
4.809555292129517 343
4.818386077880859 343
4.829318284988403 343
4.837914228439331 343
4.846336841583252 343
4.855800151824951 343
4.866239309310913 343
4.875734090805054 343
4.884491682052612 343
4.892641067504883 343
4.901294469833374 343
4.9095869064331055 343
4.918412208557129 343
4.928719520568848 343
4.936770915985107 343
4.946102857589722 343
4.954474687576294 343
4.9626710414886475 343
4.971314191818237 343
4.9812304973602295 343
4.989770889282227 343
4.997963190078735 343
