0 0
0.013951301574707031 0
0.03297996520996094 0
0.05468487739562988 2
0.06825518608093262 6
0.08765292167663574 13
0.09597206115722656 17
0.11767768859863281 29
0.1261582374572754 34
0.13559174537658691 40
0.14562010765075684 46
0.1542036533355713 52
0.16315889358520508 58
0.17266607284545898 64
0.181427001953125 71
0.19422316551208496 80
0.20545005798339844 88
0.21851205825805664 98
0.2315657138824463 108
0.24534106254577637 119
0.2568647861480713 127
0.26863574981689453 136
0.27802133560180664 144
0.28678154945373535 150
0.29601597785949707 158
0.30483102798461914 165
0.3141970634460449 173
0.32280516624450684 180
0.3302586078643799 186
0.33983373641967773 194
0.3491935729980469 200
0.35765576362609863 209
0.36603593826293945 215
0.3756065368652344 223
0.3841891288757324 230
0.39357876777648926 238
0.4025743007659912 245
0.4114797115325928 253
0.4194183349609375 258
0.4278390407562256 266
0.437070369720459 273
0.4471890926361084 281
0.45558738708496094 288
0.46460533142089844 296
0.47353625297546387 304
0.48190808296203613 310
0.4898681640625 316
0.499509334564209 325
0.5149164199829102 331
0.523442268371582 335
0.5317738056182861 338
0.5417838096618652 342
0.5509107112884521 344
0.5591158866882324 345
0.5674741268157959 347
0.5760023593902588 348
0.5848667621612549 348
0.5931451320648193 350
0.6026508808135986 352
0.6128580570220947 354
0.6202635765075684 355
0.6289653778076172 355
0.6374187469482422 355
0.648923397064209 355
0.6571879386901855 356
0.6655302047729492 357
0.6748032569885254 358
0.6831135749816895 358
0.6913244724273682 357
0.7000901699066162 356
0.7116267681121826 357
0.7194669246673584 357
0.7279284000396729 358
0.7361326217651367 358
0.7474312782287598 358
0.7557098865509033 358
0.7646691799163818 358
0.7732610702514648 358
0.7814295291900635 358
0.7892417907714844 358
0.7987668514251709 358
0.808711051940918 359
0.8170924186706543 359
0.8255903720855713 360
0.8340306282043457 359
0.8431274890899658 358
0.8532323837280273 358
0.86141037940979 358
0.8692054748535156 358
0.8779878616333008 359
0.8862805366516113 359
0.8950510025024414 359
0.9094548225402832 358
0.9179632663726807 358
0.9262001514434814 358
0.9349765777587891 358
0.9440243244171143 359
0.9540629386901855 360
0.9626829624176025 359
0.9715111255645752 358
0.9794540405273438 358
0.9877049922943115 358
0.9959437847137451 358
1.0077426433563232 359
1.0160329341888428 360
1.0249526500701904 360
1.0333244800567627 359
1.0426485538482666 358
1.0523126125335693 358
1.0598504543304443 359
1.0687873363494873 359
1.0777697563171387 359
1.0859687328338623 359
1.094810962677002 358
1.1046702861785889 358
1.1135122776031494 359
1.1218841075897217 359
1.1298696994781494 359
1.1392130851745605 358
1.1476612091064453 358
1.1577239036560059 358
1.166041612625122 359
1.1754999160766602 359
1.1840651035308838 359
1.1925873756408691 359
1.200063943862915 358
1.211482048034668 358
1.219316005706787 358
1.2277939319610596 359
1.2371211051940918 359
1.2455785274505615 358
1.257279872894287 358
1.2660157680511475 358
1.2750699520111084 358
1.2834656238555908 358
1.2916979789733887 359
1.2996726036071777 359
1.3155879974365234 358
1.3241899013519287 357
1.3329198360443115 356
1.3417809009552002 356
1.34959077835083 356
1.3596303462982178 358
1.3690357208251953 358
1.3773646354675293 358
1.3857243061065674 357
1.3943071365356445 356
1.4031713008880615 356
1.4135007858276367 357
1.4218335151672363 358
1.4300119876861572 358
1.439265489578247 358
1.4475839138031006 358
1.4558746814727783 357
1.4655323028564453 356
1.4748687744140625 356
1.4832584857940674 357
1.4915785789489746 358
1.4994516372680664 359
1.5101335048675537 359
1.5188469886779785 358
1.527266025543213 358
1.5361244678497314 357
1.5450901985168457 357
1.553400993347168 358
1.5630388259887695 358
1.5717370510101318 358
1.5795319080352783 358
1.5879244804382324 358
1.5960683822631836 357
1.6056280136108398 357
1.6157820224761963 357
1.6242473125457764 358
1.6334741115570068 358
1.6417524814605713 358
1.6495561599731445 358
1.6580719947814941 357
1.6689603328704834 357
1.6773757934570312 357
1.6857519149780273 358
1.694281816482544 358
1.7034761905670166 357
1.7191152572631836 356
1.727783441543579 356
1.736896276473999 357
1.7454290390014648 358
1.7539937496185303 358
1.7627458572387695 358
1.7740058898925781 356
1.782719612121582 356
1.7900679111480713 356
1.7992818355560303 357
1.808950424194336 357
1.8182199001312256 358
1.8268001079559326 357
1.8357796669006348 356
1.8447413444519043 356
1.8530323505401611 356
1.8608646392822266 356
1.8718862533569336 357
1.8797357082366943 357
1.888139009475708 357
1.8963193893432617 357
1.9055755138397217 357
1.9150140285491943 357
1.924241542816162 357
1.9333271980285645 357
1.9415345191955566 357
1.9493846893310547 357
1.9576823711395264 357
1.966860055923462 357
1.976606845855713 357
1.9850130081176758 357
1.9932568073272705 357
2.00223708152771 357
2.013056516647339 357
2.0225722789764404 357
2.0299246311187744 357
2.038919687271118 357
2.047173261642456 357
2.0554463863372803 357
2.064730405807495 357
2.074707508087158 357
2.083134174346924 357
2.0913634300231934 357
2.099743366241455 357
2.122838258743286 357
2.1314949989318848 357
2.1394431591033936 357
2.148087501525879 357
2.1561944484710693 356
2.1673548221588135 356
2.177658796310425 356
2.186048746109009 357
2.1949856281280518 357
2.2042951583862305 357
2.213319778442383 356
2.2234113216400146 356
2.2332630157470703 356
2.241417646408081 356
2.2491989135742188 357
2.257625102996826 357
2.268739700317383 357
2.281458854675293 356
2.292959690093994 355
2.3046724796295166 356
2.3168327808380127 357
2.3312110900878906 358
2.342890501022339 358
2.354640245437622 356
2.367079734802246 354
2.377474069595337 354
2.386253595352173 355
2.3950181007385254 356
2.404214859008789 357
2.413363456726074 357
2.421598196029663 356
2.4316563606262207 354
2.4395663738250732 354
2.448091745376587 354
2.4566397666931152 355
2.465759515762329 356
2.474567174911499 356
2.483630418777466 355
2.492901086807251 354
2.5018770694732666 354
2.516062021255493 354
2.5249154567718506 356
2.534956932067871 356
2.5432283878326416 356
2.551440954208374 356
2.5592334270477295 356
2.5681192874908447 355
2.5767605304718018 355
2.5868945121765137 355
2.595710515975952 355
2.60414719581604 356
2.613574266433716 356
2.6218388080596924 356
2.6333982944488525 355
2.6432604789733887 354
2.6515958309173584 354
2.6594130992889404 355
2.668128252029419 356
2.676781177520752 356
2.686069965362549 356
2.695657730102539 356
2.7040886878967285 355
2.714282989501953 354
2.7228732109069824 354
2.733347177505493 355
2.7434873580932617 356
2.751847982406616 356
2.75968861579895 356
2.7688937187194824 356
2.7771871089935303 355
2.7865853309631348 354
2.79624605178833 354
2.8049960136413574 355
2.814687490463257 356
2.823056697845459 357
2.8317863941192627 356
2.840921640396118 355
2.8494272232055664 354
2.8578131198883057 354
2.8672537803649902 355
2.875678539276123 356
2.885363817214966 356
2.8945930004119873 356
2.902848720550537 356
2.9163100719451904 354
2.925233840942383 354
2.9354281425476074 354
2.943985939025879 355
2.9526209831237793 356
2.961541175842285 356
2.969411611557007 355
2.978052854537964 354
2.9875926971435547 353
2.9972686767578125 353
3.005544900894165 354
3.0150275230407715 355
3.023388147354126 355
3.032691717147827 355
3.0418288707733154 354
3.0500361919403076 354
3.0591208934783936 354
3.0674471855163574 354
3.0757133960723877 354
3.0841267108917236 354
3.0940279960632324 354
3.1031956672668457 354
3.1119003295898438 354
3.1196541786193848 354
3.1288254261016846 354
3.1370174884796143 354
3.145996570587158 354
3.154703140258789 354
3.1638028621673584 354
3.1719131469726562 354
3.1796979904174805 354
3.1891117095947266 354
3.1979591846466064 354
3.2077572345733643 354
3.215989112854004 354
3.2249114513397217 354
3.233901023864746 354
3.2441048622131348 354
3.2529869079589844 354
3.261890172958374 354
3.2696614265441895 354
3.2779974937438965 354
3.2862730026245117 354
3.296907663345337 354
3.3052403926849365 354
3.3178036212921143 354
3.327195405960083 354
3.335883855819702 354
3.345609664916992 354
3.3540494441986084 354
3.3632357120513916 354
3.371419906616211 354
3.38559889793396 354
3.3953640460968018 354
3.405130624771118 354
3.4145827293395996 354
3.422848701477051 354
3.4317808151245117 354
3.4396004676818848 354
3.449138879776001 354
3.4577386379241943 354
3.467059373855591 354
3.475411891937256 354
3.483694314956665 353
3.4929721355438232 354
3.5025694370269775 354
3.512305498123169 354
3.519864320755005 354
3.529384136199951 354
3.5378177165985107 353
3.547307252883911 353
3.5555574893951416 354
3.5649211406707764 354
3.573246479034424 354
3.5814297199249268 354
3.5894341468811035 353
3.5996077060699463 352
3.60953426361084 352
3.6179730892181396 353
3.6275177001953125 354
3.635882616043091 354
3.644768476486206 354
3.6541268825531006 353
3.6631510257720947 352
3.6714565753936768 352
3.679304361343384 352
3.6878163814544678 353
3.696859121322632 354
3.7081146240234375 354
3.7219302654266357 352
3.7308619022369385 351
3.7413783073425293 350
3.7601494789123535 353
3.784809112548828 358
3.803823232650757 362
3.8258092403411865 360
3.8433098793029785 357
3.867299795150757 352
3.884296178817749 351
3.905670642852783 354
3.9286253452301025 356
3.9440739154815674 356
3.964306354522705 353
3.983506441116333 349
4.007537603378296 349
4.023568391799927 352
4.042752265930176 356
4.062756776809692 358
4.079707145690918 356
4.0988428592681885 352
4.122669458389282 350
4.1445488929748535 352
4.159832715988159 356
4.181596755981445 358
4.202672243118286 356
4.219881772994995 352
4.237157106399536 350
4.261466026306152 351
4.279019832611084 355
4.297696828842163 358
4.318248987197876 356
4.341472864151001 351
4.368734121322632 348
4.3946146965026855 351
4.420087099075317 360
4.447358846664429 365
4.468878269195557 364
4.485926151275635 360
4.504070520401001 355
4.528634071350098 351
4.545835018157959 352
4.565530776977539 354
4.581913471221924 357
4.599821090698242 356
4.622586250305176 351
4.644910573959351 346
4.662822246551514 346
4.684551477432251 349
4.698270082473755 353
4.721441030502319 354
4.7376017570495605 352
4.755974531173706 347
4.775817155838013 344
4.795317649841309 345
4.810047388076782 348
4.829803705215454 352
4.849147796630859 353
4.870893478393555 350
4.890885829925537 345
4.908006906509399 342
4.935066223144531 344
4.955049991607666 348
4.9718616008758545 353
4.989874601364136 354
