0 0
0.017134428024291992 0
0.034388065338134766 0
0.05134987831115723 2
0.07059955596923828 6
0.08391737937927246 11
0.09264683723449707 14
0.10095810890197754 18
0.10935759544372559 24
0.11923933029174805 29
0.12770605087280273 34
0.13730359077453613 39
0.1459038257598877 45
0.1551377773284912 50
0.163482666015625 57
0.17141127586364746 63
0.18163800239562988 70
0.19137263298034668 77
0.20029568672180176 83
0.20862317085266113 89
0.21744060516357422 96
0.2266092300415039 102
0.23627543449401855 110
0.24480271339416504 116
0.2540462017059326 124
0.2617802619934082 130
0.2706475257873535 137
0.2790493965148926 143
0.29058337211608887 153
0.29901814460754395 159
0.3075377941131592 167
0.317033052444458 174
0.3265385627746582 182
0.3394472599029541 193
0.34899163246154785 200
0.3574976921081543 208
0.36668825149536133 214
0.3751344680786133 221
0.38521265983581543 231
0.39496755599975586 239
0.40563249588012695 247
0.41463804244995117 254
0.42298054695129395 262
0.4314150810241699 269
0.44106626510620117 275
0.45037031173706055 284
0.45894622802734375 290
0.46738171577453613 298
0.47597289085388184 305
0.4865994453430176 313
0.49595093727111816 322
0.5045492649078369 328
0.5119295120239258 335
0.5208640098571777 341
0.529313325881958 348
0.5390007495880127 354
0.5479669570922852 359
0.5566768646240234 363
0.565087080001831 366
0.573509693145752 368
0.581906795501709 370
0.5931916236877441 371
0.6011247634887695 371
0.6104881763458252 370
0.6195361614227295 369
0.6286160945892334 368
0.6378426551818848 365
0.6473112106323242 363
0.6557962894439697 361
0.6644785404205322 360
0.6718215942382812 360
0.6809306144714355 360
0.694610595703125 361
0.7035930156707764 361
0.7125239372253418 361
0.7208771705627441 361
0.7293119430541992 361
0.7435829639434814 360
0.7543177604675293 360
0.7617013454437256 360
0.770566463470459 360
0.7794454097747803 360
0.7880282402038574 360
0.7978916168212891 360
0.807654619216919 360
0.8174810409545898 360
0.8259000778198242 360
0.8348715305328369 360
0.8477041721343994 360
0.8696835041046143 360
0.8811824321746826 360
0.8906443119049072 360
0.8998286724090576 360
0.9083442687988281 360
0.9171781539916992 360
0.925560712814331 360
0.9336028099060059 360
0.9443798065185547 360
0.9517393112182617 360
0.9603869915008545 360
0.9687528610229492 360
0.9776885509490967 360
0.9864275455474854 360
0.996396541595459 360
1.004697561264038 360
1.0134689807891846 360
1.0212035179138184 360
1.0296978950500488 360
1.0386242866516113 360
1.047938585281372 360
1.0565617084503174 360
1.064795732498169 360
1.072573184967041 360
1.0812921524047852 360
1.0908148288726807 360
1.1002953052520752 360
1.1086006164550781 360
1.1175179481506348 360
1.1259870529174805 360
1.1344141960144043 360
1.1485371589660645 360
1.1570188999176025 360
1.165353775024414 360
1.173539638519287 360
1.1830229759216309 360
1.1913893222808838 360
1.2008228302001953 360
1.209838628768921 360
1.2179343700408936 360
1.2264947891235352 360
1.2348880767822266 360
1.2436916828155518 360
1.2536416053771973 360
1.2613768577575684 360
1.2698431015014648 360
1.2790749073028564 360
1.2873015403747559 360
1.2971787452697754 360
1.3065567016601562 360
1.3163161277770996 360
1.324995517730713 360
1.3331446647644043 360
1.341552972793579 360
1.3509328365325928 360
1.3592326641082764 360
1.367558479309082 360
1.376673698425293 360
1.3850300312042236 360
1.3939664363861084 360
1.4032244682312012 360
1.411611795425415 360
1.420224905014038 360
1.4280166625976562 360
1.4366815090179443 360
1.445786476135254 360
1.4556427001953125 360
1.4636805057525635 360
1.4714457988739014 360
1.480527400970459 360
1.4894640445709229 360
1.4978234767913818 360
1.5080416202545166 360
1.516695499420166 360
1.5249063968658447 360
1.5330054759979248 360
1.545745611190796 360
1.5552034378051758 360
1.5633556842803955 360
1.571382761001587 360
1.580526351928711 360
1.5895395278930664 360
1.597707986831665 360
1.6076548099517822 360
1.616335153579712 360
1.6247601509094238 360
1.6325678825378418 360
1.6413295269012451 360
1.653407096862793 360
1.665736198425293 360
1.677215814590454 360
1.6892707347869873 360
1.700373888015747 360
1.7135982513427734 360
1.7245595455169678 360
1.7318499088287354 360
1.741032361984253 360
1.7494122982025146 360
1.7595160007476807 360
1.7676856517791748 360
1.776780605316162 360
1.7850136756896973 360
1.7944552898406982 360
1.801722526550293 360
1.811988353729248 360
1.8205413818359375 360
1.8309581279754639 360
1.839726448059082 360
1.8478443622589111 360
1.856872320175171 360
1.8665521144866943 360
1.8754076957702637 360
1.883601188659668 360
1.8930447101593018 360
1.9008121490478516 360
1.9108233451843262 360
1.9190642833709717 360
1.92742919921875 360
1.9358971118927002 360
1.9488167762756348 360
1.9572117328643799 360
1.9667713642120361 360
1.9757871627807617 360
1.9844112396240234 360
1.993351697921753 360
2.001138687133789 360
2.0130839347839355 360
2.0209856033325195 360
2.029256820678711 360
2.0383596420288086 360
2.0469040870666504 360
2.055133819580078 360
2.065117835998535 360
2.0742833614349365 360
2.081585645675659 360
2.0908493995666504 360
2.099088191986084 360
2.107896089553833 360
2.1173412799835205 360
2.125782012939453 360
2.1339800357818604 360
2.1425819396972656 360
2.150970935821533 360
2.159242630004883 360
2.169243097305298 360
2.1778581142425537 360
2.1864511966705322 360
2.1955602169036865 360
2.204411268234253 360
2.2117083072662354 360
2.221191883087158 360
2.2297050952911377 360
2.238628387451172 360
2.246952533721924 360
2.255194664001465 360
2.263418674468994 360
2.2734735012054443 360
2.2813827991485596 360
2.2913551330566406 360
2.2996859550476074 360
2.3079686164855957 360
2.3173985481262207 360
2.325838565826416 360
2.334808588027954 360
2.347944736480713 360
2.3567028045654297 360
2.3655622005462646 360
2.375746011734009 360
2.3839848041534424 360
2.3931028842926025 360
2.4008984565734863 360
2.4099626541137695 360
2.4192898273468018 360
2.4275519847869873 360
2.4369072914123535 360
2.4452109336853027 360
2.453415870666504 360
2.461199998855591 360
2.471147298812866 360
2.4794023036956787 360
2.487825632095337 360
2.4971096515655518 360
2.5063905715942383 360
2.5146872997283936 360
2.5236141681671143 360
2.531517267227173 360
2.5408754348754883 360
2.549179792404175 360
2.557415723800659 360
2.565819263458252 360
2.576589822769165 360
2.5849578380584717 360
2.5942959785461426 360
2.603145122528076 360
2.610942840576172 360
2.6192188262939453 360
2.628627061843872 360
2.637303113937378 360
2.6458306312561035 360
2.654308557510376 360
2.6616580486297607 360
2.671879768371582 360
2.681020975112915 360
2.6978015899658203 360
2.7077748775482178 360
2.716522693634033 360
2.7258803844451904 360
2.734945774078369 360
2.7482845783233643 360
2.7575855255126953 360
2.767066717147827 360
2.7765209674835205 360
2.785259962081909 360
2.794703722000122 360
2.803511381149292 360
2.813088893890381 360
2.8208467960357666 360
2.830451250076294 360
2.8390636444091797 360
2.847409963607788 360
2.855846643447876 360
2.8644039630889893 360
2.873039960861206 360
2.883025646209717 360
2.891725540161133 360
2.900940179824829 360
2.9092142581939697 360
2.9174299240112305 360
2.927029848098755 360
2.9356539249420166 360
2.94370698928833 360
2.951580762863159 360
2.959989070892334 360
2.96895432472229 360
2.9780046939849854 360
2.987103223800659 360
2.9964704513549805 360
3.0053327083587646 360
3.0135457515716553 360
3.021404981613159 360
3.030916213989258 360
3.039808511734009 360
3.0478811264038086 360
3.056593179702759 360
3.0657522678375244 360
3.073970079421997 360
3.083193063735962 360
3.093097448348999 360
3.101426362991333 360
3.10977840423584 360
3.1178627014160156 360
3.1266252994537354 360
3.1366257667541504 360
3.1483724117279053 360
3.1568892002105713 360
3.1658835411071777 360
3.174555778503418 360
3.1834938526153564 360
3.1925508975982666 360
3.201432704925537 360
3.2097856998443604 360
3.217857837677002 360
3.226487874984741 360
3.2359824180603027 360
3.244570732116699 360
3.2518351078033447 360
3.2605173587799072 360
3.2692654132843018 360
3.2774782180786133 360
3.286961555480957 360
3.2985191345214844 360
3.306981325149536 360
3.3163938522338867 360
3.3336617946624756 360
3.341550827026367 360
3.3499724864959717 360
3.357975721359253 360
3.3672659397125244 360
3.3757283687591553 360
3.384986400604248 360
3.394881010055542 360
3.403548240661621 360
3.4113731384277344 360
3.41972017288208 360
3.4280357360839844 360
3.438300609588623 360
3.4468114376068115 360
3.4551076889038086 360
3.4636292457580566 360
3.4714179039001465 360
3.479768753051758 360
3.490464687347412 360
3.499803304672241 360
3.5078704357147217 360
3.5165188312530518 360
3.524822473526001 360
3.533566474914551 360
3.54256534576416 360
3.555307388305664 360
3.5645639896392822 360
3.5718929767608643 360
3.581211566925049 360
3.5914807319641113 360
3.6007771492004395 360
3.6091790199279785 360
3.617452621459961 360
3.6259286403656006 360
3.6347992420196533 360
3.6442508697509766 360
3.6516644954681396 360
3.660367488861084 360
3.6694211959838867 360
3.677731513977051 360
3.69154953956604 360
3.701249361038208 360
3.7097458839416504 360
3.717841386795044 360
3.728358745574951 360
3.7394909858703613 360
3.751777172088623 360
3.7645184993743896 360
3.7757630348205566 360
3.7871475219726562 360
3.801909923553467 360
3.8140087127685547 360
3.825714349746704 360
3.837967872619629 360
3.8475186824798584 360
3.856487274169922 360
3.8665101528167725 360
3.875204563140869 360
3.883411169052124 360
3.8944318294525146 360
3.9017772674560547 360
3.9110379219055176 360
3.919382095336914 360
3.928588390350342 360
3.937713384628296 360
3.951727867126465 360
3.960845947265625 360
3.9694507122039795 360
3.977809429168701 360
3.986454725265503 360
3.9970998764038086 360
4.005351305007935 360
4.014511823654175 360
4.021833896636963 360
4.031172275543213 360
4.03943395614624 360
4.048861503601074 360
4.0572004318237305 360
4.066922187805176 360
4.075193881988525 360
4.0833728313446045 360
4.091958284378052 360
4.10179877281189 360
4.110959529876709 360
4.119240760803223 360
4.128381729125977 360
4.137215614318848 360
4.14576530456543 360
4.155099630355835 360
4.164325952529907 360
4.171656131744385 360
4.180343866348267 360
4.1902172565460205 360
4.200582504272461 360
4.208971977233887 360
4.217665433883667 360
4.227166652679443 360
4.2355170249938965 360
4.243633270263672 360
4.253464221954346 360
4.26157283782959 360
4.270339727401733 360
4.278591871261597 360
4.286949396133423 360
4.297675371170044 360
4.307194232940674 360
4.316387176513672 360
4.325390577316284 360
4.333646297454834 360
4.34455943107605 360
4.358245372772217 360
4.366741895675659 360
4.375417470932007 360
4.383646011352539 360
4.3942670822143555 360
4.403334140777588 360
4.411137104034424 360
4.420349597930908 360
4.4289960861206055 360
4.4372711181640625 360
4.445836544036865 360
4.455132484436035 360
4.464442014694214 360
4.471774578094482 360
4.480450391769409 360
4.489526033401489 360
4.498636960983276 360
4.507779121398926 360
4.516427278518677 360
4.525930404663086 360
4.534397125244141 360
4.541708946228027 360
4.550363302230835 360
4.5604612827301025 360
4.568847417831421 359
4.577224016189575 359
4.586271524429321 359
4.59590220451355 359
4.605232238769531 359
4.613566160202026 359
4.621490955352783 359
4.631202697753906 359
4.639500141143799 359
4.647672891616821 359
4.657459735870361 359
4.665931940078735 359
4.67439603805542 359
4.681712627410889 359
4.6913063526153564 359
4.699703693389893 359
4.708931922912598 359
4.717165231704712 359
4.726531744003296 359
4.734708070755005 359
4.741984605789185 359
4.7563042640686035 359
4.765655040740967 359
4.774279594421387 359
4.7820353507995605 359
4.791401147842407 359
4.799782991409302 359
4.809391498565674 359
4.817611455917358 359
4.827362298965454 359
4.836479425430298 359
4.845369338989258 359
4.854455232620239 359
4.864567041397095 359
4.871856927871704 359
4.880650758743286 359
4.8905603885650635 359
4.8987767696380615 359
4.907113552093506 359
4.916597366333008 359
4.925924062728882 359
4.934911012649536 359
4.943084716796875 359
4.950917720794678 359
4.960777044296265 359
4.969133377075195 359
4.977436304092407 359
4.98629093170166 359
4.995854616165161 359
