0 0
0.01978015899658203 0
0.04942202568054199 0
0.07752466201782227 4
0.10409331321716309 14
0.13003849983215332 31
0.15781140327453613 43
0.1818995475769043 58
0.19711017608642578 67
0.21581053733825684 82
0.2332003116607666 94
0.25405192375183105 112
0.2773253917694092 128
0.2898688316345215 139
0.2997102737426758 147
0.3087892532348633 153
0.3171982765197754 159
0.32573413848876953 167
0.3356454372406006 175
0.347137451171875 183
0.3555901050567627 190
0.3655993938446045 200
0.3781280517578125 209
0.40981483459472656 237
0.43599700927734375 257
0.4657127857208252 283
0.4851646423339844 297
0.505990743637085 317
0.5225543975830078 328
0.5476195812225342 351
0.5663061141967773 363
0.5835490226745605 372
0.6035282611846924 379
0.624993085861206 381
0.6418812274932861 379
0.6593461036682129 375
0.6777477264404297 367
0.6985538005828857 359
0.714064359664917 353
0.7329854965209961 349
0.7539269924163818 349
0.7728033065795898 351
0.7897481918334961 357
0.8088622093200684 361
0.8240413665771484 363
0.8428988456726074 362
0.8599095344543457 358
0.8788609504699707 355
0.8988752365112305 354
0.9158382415771484 356
0.934992790222168 358
0.9591915607452393 361
0.9760823249816895 361
0.9935133457183838 359
1.0140984058380127 355
1.0329129695892334 354
1.052309274673462 355
1.0731656551361084 358
1.0901751518249512 360
1.1096515655517578 359
1.1271979808807373 357
1.1469097137451172 355
1.167006254196167 353
1.1835150718688965 355
1.2040634155273438 357
1.2241179943084717 358
1.2435648441314697 358
1.2634563446044922 357
1.2850615978240967 356
1.300107717514038 355
1.3194451332092285 355
1.3429226875305176 355
1.3598384857177734 355
1.3795068264007568 356
1.3977587223052979 356
1.4163167476654053 355
1.4418773651123047 354
1.4553978443145752 354
1.4746570587158203 355
1.4918391704559326 355
1.5094797611236572 355
1.5298309326171875 355
1.5497121810913086 355
1.5686302185058594 355
1.5835845470428467 355
1.6019880771636963 355
1.6200690269470215 355
1.6374952793121338 355
1.6541087627410889 355
1.6761424541473389 355
1.6936447620391846 355
1.7127940654754639 355
1.7296371459960938 355
1.7533514499664307 354
1.7734873294830322 353
1.794917106628418 353
1.8115732669830322 353
1.831944227218628 354
1.8480114936828613 353
1.8668513298034668 353
1.895200252532959 353
1.9099526405334473 353
1.928285837173462 353
1.94769287109375 353
1.9672510623931885 352
1.9889492988586426 353
2.005800724029541 353
2.0275378227233887 352
2.0441486835479736 351
2.0647754669189453 352
2.0816447734832764 353
2.1029694080352783 353
2.1248042583465576 353
2.140230894088745 352
2.1639792919158936 351
2.1851651668548584 351
2.2055070400238037 351
2.222313642501831 351
2.2445595264434814 351
2.2580692768096924 351
2.2770607471466064 351
2.2973990440368652 351
2.3161580562591553 351
2.335355281829834 351
2.352771043777466 351
2.370067596435547 351
2.389599561691284 351
2.407365083694458 351
2.4239439964294434 351
2.444626808166504 351
2.4719467163085938 351
2.505746841430664 351
2.5292744636535645 351
2.5560195446014404 351
2.574594259262085 351
2.593499183654785 351
2.6151044368743896 351
2.63506817817688 351
2.6523070335388184 351
2.671522855758667 350
2.6912994384765625 349
2.708752155303955 349
2.725696086883545 349
2.743093490600586 349
2.76162052154541 348
2.779634714126587 348
2.798266887664795 349
2.817469835281372 349
2.8379580974578857 349
2.863152265548706 349
2.8800811767578125 348
2.915381908416748 348
2.933328866958618 348
2.963433265686035 348
2.971653938293457 348
2.9796454906463623 349
2.990011692047119 349
3.000148296356201 347
3.0457725524902344 346
3.0789546966552734 346
3.1127769947052 349
3.1377599239349365 349
3.163646697998047 348
3.1857259273529053 347
3.214768171310425 345
3.2362418174743652 347
3.2694180011749268 349
3.287747383117676 351
3.317230701446533 349
3.355356454849243 339
3.3786096572875977 337
3.4046919345855713 339
3.42364764213562 347
3.470014810562134 357
3.511444091796875 351
3.561495304107666 331
3.593463182449341 328
3.642688035964966 336
3.665332317352295 345
3.6832425594329834 353
3.7036914825439453 359
3.723268747329712 360
3.742957592010498 358
3.767423152923584 350
3.7843029499053955 344
3.803650379180908 339
3.8271830081939697 338
3.8474924564361572 341
3.8678321838378906 346
3.887509822845459 349
3.924679756164551 346
3.9414291381835938 341
3.9562461376190186 338
3.9776575565338135 337
3.9996497631073 341
4.017723083496094 346
4.039763689041138 348
4.057793855667114 347
4.079130411148071 344
4.098692417144775 340
4.115819692611694 338
4.135697603225708 339
4.158809661865234 343
4.18459939956665 348
4.201562166213989 347
4.219348430633545 345
4.227809190750122 343
4.236998796463013 341
4.245278596878052 340
4.255836248397827 339
4.279908180236816 341
4.314895153045654 345
4.334276437759399 345
4.353546857833862 344
4.375161647796631 341
4.393248796463013 339
4.410296678543091 339
4.435040712356567 341
4.455273866653442 343
4.473158359527588 344
4.494038105010986 341
4.513216733932495 339
4.541990041732788 339
4.558868169784546 340
4.570277690887451 342
4.583318710327148 342
4.595215559005737 343
4.6059205532073975 342
4.617818117141724 341
4.628001928329468 341
4.636128664016724 341
4.645472049713135 340
4.656832456588745 340
4.66594386100769 340
4.689463376998901 340
4.707225799560547 340
4.728115558624268 340
4.75172758102417 340
4.767708778381348 340
4.793693542480469 340
4.8053271770477295 340
4.820180892944336 339
4.829865455627441 339
4.838292837142944 339
4.846809387207031 340
4.863542795181274 339
4.871818542480469 339
4.881716012954712 339
4.891728639602661 339
4.899554491043091 339
4.907818555831909 339
4.9189372062683105 339
4.928803443908691 339
4.93710470199585 339
4.945959091186523 339
4.9597578048706055 339
4.968288421630859 339
4.976826429367065 339
4.987125396728516 339
4.995465278625488 339
