0 0
0.01613640785217285 0
0.03533291816711426 0
0.057468414306640625 2
0.07385826110839844 8
0.0928642749786377 15
0.10410428047180176 21
0.1139066219329834 26
0.12209916114807129 31
0.13008832931518555 36
0.13843798637390137 41
0.14826440811157227 47
0.1572279930114746 52
0.16558456420898438 58
0.1739199161529541 65
0.1833648681640625 70
0.1911022663116455 76
0.2001481056213379 84
0.2100069522857666 91
0.21835565567016602 97
0.22648096084594727 103
0.23514080047607422 110
0.24400615692138672 117
0.25350332260131836 124
0.2622194290161133 131
0.2699854373931885 138
0.27912187576293945 144
0.2873687744140625 150
0.29571962356567383 157
0.30545902252197266 165
0.3178682327270508 176
0.32615113258361816 182
0.33461880683898926 189
0.3434329032897949 196
0.35291504859924316 204
0.360262393951416 210
0.3718831539154053 220
0.3801443576812744 227
0.38892436027526855 233
0.39719533920288086 240
0.4064035415649414 248
0.41565966606140137 255
0.42516183853149414 263
0.4337899684906006 271
0.4466276168823242 281
0.4563148021697998 289
0.46561455726623535 296
0.47506213188171387 304
0.4834401607513428 311
0.49161243438720703 318
0.4994533061981201 324
0.5094776153564453 332
0.5179080963134766 341
0.5261166095733643 348
0.5346109867095947 354
0.5438206195831299 362
0.5519387722015381 369
0.5604650974273682 374
0.5697219371795654 380
0.5790364742279053 385
0.5871975421905518 389
0.5956528186798096 392
0.6042215824127197 394
0.6149566173553467 396
0.6232545375823975 397
0.6306056976318359 397
0.639904260635376 396
0.6484212875366211 394
0.6578490734100342 392
0.6661989688873291 390
0.675645112991333 387
0.6839065551757812 383
0.6920924186706543 379
0.6999173164367676 375
0.7111566066741943 370
0.7193248271942139 365
0.7276277542114258 360
0.7358505725860596 356
0.7449018955230713 350
0.7531375885009766 347
0.762155294418335 343
0.7703347206115723 340
0.7796785831451416 339
0.7880444526672363 338
0.7962446212768555 338
0.8052542209625244 338
0.815732479095459 340
0.8239810466766357 342
0.8321869373321533 344
0.8404037952423096 348
0.8543596267700195 353
0.8635768890380859 356
0.8719651699066162 362
0.8801841735839844 366
0.8888938426971436 369
0.8971338272094727 372
0.9063827991485596 374
0.9174168109893799 376
0.9257519245147705 376
0.9351320266723633 376
0.9454081058502197 374
0.9537177085876465 372
0.9633517265319824 370
0.9717838764190674 366
0.9799373149871826 363
0.9881525039672852 359
0.9964210987091064 356
1.005537748336792 352
1.01556396484375 349
1.0239489078521729 347
1.0321476459503174 346
1.0405514240264893 345
1.0491528511047363 345
1.0573692321777344 346
1.0664300918579102 347
1.075660228729248 349
1.0842139720916748 352
1.092498540878296 355
1.100001335144043 358
1.1099951267242432 362
1.1194276809692383 365
1.1277289390563965 368
1.1360204219818115 370
1.1452274322509766 371
1.1534645557403564 371
1.1616039276123047 371
1.1718273162841797 370
1.180129051208496 368
1.1920342445373535 364
1.2045361995697021 360
1.2179715633392334 354
1.2291216850280762 350
1.2420227527618408 347
1.2591383457183838 345
1.2702457904815674 345
1.2790193557739258 346
1.287196159362793 347
1.2957310676574707 349
1.3044946193695068 352
1.3136413097381592 355
1.323134183883667 360
1.330413818359375 362
1.339613914489746 365
1.3479053974151611 368
1.356163501739502 369
1.364619493484497 370
1.374345302581787 370
1.3829491138458252 370
1.3902978897094727 369
1.3989925384521484 367
1.4083826541900635 365
1.4164767265319824 362
1.4260704517364502 358
1.4345481395721436 355
1.4442334175109863 352
1.4531383514404297 350
1.460397720336914 348
1.470346450805664 347
1.479694128036499 347
1.4888091087341309 348
1.496614694595337 349
1.5057682991027832 352
1.5150461196899414 354
1.5242202281951904 358
1.5322024822235107 360
1.5403947830200195 363
1.5489709377288818 366
1.5574204921722412 367
1.5658209323883057 368
1.575913667678833 368
1.5843498706817627 368
1.5933141708374023 366
1.6017680168151855 364
1.610353708267212 362
1.6189417839050293 359
1.6279473304748535 355
1.6365017890930176 353
1.6450722217559814 350
1.6573257446289062 349
1.6657447814941406 348
1.6757903099060059 349
1.6843490600585938 350
1.6932892799377441 352
1.7019524574279785 354
1.7103054523468018 356
1.7190155982971191 359
1.7280807495117188 362
1.737168788909912 364
1.7457120418548584 366
1.7541053295135498 367
1.7622010707855225 367
1.770383358001709 366
1.779878854751587 365
1.788090705871582 363
1.7968816757202148 361
1.8062100410461426 358
1.81557297706604 355
1.823784589767456 352
1.833470106124878 350
1.8416941165924072 349
1.849454641342163 349
1.8576583862304688 349
1.866959571838379 350
1.8752398490905762 352
1.8843929767608643 354
1.8925530910491943 357
1.9012179374694824 360
1.9153661727905273 363
1.9249930381774902 365
1.9349689483642578 366
1.9433910846710205 366
1.9511935710906982 365
1.9593546390533447 364
1.9701707363128662 361
1.97944974899292 358
1.9877674579620361 355
1.9959368705749512 353
2.0084314346313477 350
2.016599655151367 350
2.026184320449829 349
2.0361363887786865 350
2.045020580291748 351
2.0571742057800293 354
2.066009283065796 357
2.074570655822754 359
2.0837647914886475 362
2.091825246810913 364
2.101705312728882 365
2.1102607250213623 366
2.1189136505126953 365
2.1271750926971436 364
2.137063980102539 362
2.145282030105591 361
2.1534392833709717 358
2.161109447479248 356
2.1698832511901855 354
2.1780624389648438 351
2.1875500679016113 350
2.1957664489746094 349
2.2056381702423096 349
2.2150356769561768 350
2.223403215408325 351
2.232966184616089 354
2.240323781967163 356
2.249025344848633 358
2.257110118865967 360
2.265989303588867 363
2.2743475437164307 364
2.28372859954834 365
2.2919435501098633 364
2.3000943660736084 364
2.3165411949157715 360
2.3251917362213135 358
2.3359673023223877 354
2.3449738025665283 352
2.3531477451324463 350
2.360351800918579 348
2.3725178241729736 348
2.380077362060547 348
2.3897387981414795 348
2.399333953857422 350
2.4090709686279297 352
2.417159080505371 355
2.4264512062072754 358
2.436549663543701 361
2.4451215267181396 363
2.457303524017334 365
2.4661576747894287 365
2.4749815464019775 365
2.4832496643066406 364
2.4925105571746826 363
2.5011885166168213 361
2.5102639198303223 358
2.5189566612243652 356
2.527310609817505 353
2.5359601974487305 350
2.5453402996063232 349
2.5535874366760254 348
2.5618045330047607 348
2.570128917694092 348
2.5785129070281982 350
2.5869102478027344 352
2.5971662998199463 354
2.605414867401123 357
2.6151552200317383 360
2.623365879058838 362
2.6319265365600586 364
2.640469551086426 365
2.6493425369262695 365
2.6575825214385986 364
2.6661770343780518 363
2.6748838424682617 362
2.6830103397369385 359
2.6919445991516113 356
2.7001290321350098 354
2.7149899005889893 350
2.7233734130859375 348
2.7322027683258057 347
2.741630792617798 347
2.7494089603424072 348
2.757683753967285 349
2.7661895751953125 351
2.7745230197906494 353
2.782911539077759 356
2.790170192718506 359
2.8000600337982178 361
2.8092427253723145 363
2.8179876804351807 364
2.826399326324463 364
2.8356566429138184 364
2.845196008682251 363
2.857102394104004 360
2.866021156311035 358
2.8744561672210693 355
2.882981777191162 353
2.890207290649414 351
2.899946451187134 349
2.9099299907684326 348
2.9182872772216797 348
2.927706241607666 349
2.9374947547912598 351
2.947762966156006 353
2.9559178352355957 356
2.965146064758301 358
2.9733238220214844 360
2.9805383682250977 362
2.989232301712036 363
2.9991323947906494 363
3.0082602500915527 362
3.0162975788116455 362
3.0249216556549072 360
3.033775568008423 357
3.041877031326294 355
3.0504062175750732 353
3.0589449405670166 351
3.067899465560913 349
3.076042413711548 348
3.0844876766204834 348
3.0933713912963867 349
3.102504253387451 350
3.1111788749694824 352
3.1194076538085938 354
3.128526210784912 357
3.1365203857421875 359
3.1450984477996826 360
3.154224157333374 362
3.1631689071655273 362
3.1704514026641846 362
3.179105281829834 361
3.187337875366211 360
3.196047782897949 357
3.2055165767669678 355
3.2144529819488525 353
3.222562789916992 351
3.2319624423980713 349
3.23972487449646 349
3.248039722442627 349
3.263181686401367 350
3.2744455337524414 352
3.285529136657715 355
3.2971296310424805 358
3.319277048110962 362
3.3329577445983887 364
3.3442976474761963 363
3.35646653175354 361
3.3658359050750732 359
3.374354839324951 356
3.3824946880340576 354
3.39003324508667 351
3.3988513946533203 349
3.4088170528411865 348
3.4168951511383057 347
3.4260940551757812 347
3.435232639312744 348
3.444139242172241 350
3.4538238048553467 352
3.4629287719726562 354
3.470179319381714 357
3.478541374206543 359
3.486907482147217 361
3.496011257171631 362
3.5057153701782227 362
3.5151827335357666 362
3.524117946624756 361
3.5320801734924316 359
3.5401859283447266 357
3.5489416122436523 355
3.5588462352752686 352
3.5666263103485107 350
3.575190544128418 348
3.5833849906921387 348
3.5922303199768066 347
3.600024938583374 348
3.6103708744049072 349
3.61893892288208 350
3.6275994777679443 352
3.63588285446167 355
3.644284963607788 357
3.6580634117126465 360
3.6665384769439697 360
3.675234317779541 361
3.68359375 360
3.692484140396118 359
3.699998617172241 358
3.7098476886749268 356
3.7180750370025635 353
3.7270925045013428 351
3.7352840900421143 350
3.7439444065093994 348
3.7520458698272705 348
3.7619473934173584 348
3.7697505950927734 349
3.777930736541748 351
3.78619647026062 353
3.7951786518096924 355
3.8033816814422607 356
3.8134775161743164 359
3.821234941482544 360
3.829899311065674 360
3.838066339492798 360
3.8463122844696045 360
3.855715036392212 358
3.8651163578033447 356
3.87423038482666 354
3.8834402561187744 352
3.8930108547210693 350
3.9017539024353027 348
3.913313150405884 348
3.9221978187561035 348
3.9298884868621826 348
3.938053607940674 350
3.9464919567108154 352
3.957472562789917 354
3.968825340270996 357
3.9765942096710205 359
3.985144853591919 360
3.9938905239105225 361
4.002138137817383 360
4.010604381561279 360
4.0200371742248535 358
4.0291526317596436 356
4.039604187011719 354
4.048375606536865 352
4.062218427658081 348
4.071601152420044 347
4.079542875289917 347
4.088576078414917 347
4.096539258956909 348
4.105068683624268 350
4.115005731582642 352
4.123829364776611 355
4.131937026977539 357
4.139636754989624 358
4.147963047027588 360
4.157167196273804 360
4.1660778522491455 360
4.17443323135376 360
4.1825175285339355 358
4.1905903816223145 357
4.199115991592407 355
4.208332777023315 352
4.217649221420288 350
4.226489067077637 348
4.235029935836792 347
4.2432005405426025 347
4.250452518463135 347
4.259854316711426 348
4.269382953643799 350
4.27759313583374 352
4.28647518157959 354
4.295077800750732 356
4.306957960128784 358
4.31586480140686 359
4.326626777648926 359
4.33516526222229 358
4.343312978744507 358
4.3505237102508545 356
4.359573125839233 354
4.368934392929077 352
4.3771257400512695 350
4.386169195175171 349
4.3945300579071045 348
4.40297532081604 348
4.411823511123657 348
4.4212493896484375 348
4.429723262786865 350
4.43790078163147 352
4.446200132369995 354
4.459106683731079 356
4.468848705291748 358
4.478002548217773 359
4.487093687057495 359
4.495293855667114 359
4.503551721572876 358
4.512556076049805 356
4.522549867630005 354
4.530423164367676 352
4.538963556289673 350
4.5471885204315186 348
4.55573296546936 347
4.564932107925415 347
4.573807001113892 347
4.581923961639404 348
4.5900795459747314 350
4.598301410675049 352
4.606473207473755 354
4.615722417831421 355
4.625826120376587 358
4.6340012550354 359
4.642107009887695 360
4.649939775466919 359
4.658920526504517 358
4.6669042110443115 357
4.676166772842407 355
4.6855902671813965 353
4.6938159465789795 350
4.701987981796265 348
4.710444927215576 347
4.719532489776611 346
4.728886127471924 346
4.7368693351745605 346
4.745277166366577 347
4.7542266845703125 350
4.762176513671875 352
4.770226955413818 354
4.779609203338623 356
4.788547992706299 358
4.796504020690918 359
4.80519437789917 359
4.814225673675537 359
4.823256015777588 358
4.83219838142395 356
4.8398871421813965 355
4.8480517864227295 353
4.860542297363281 350
4.8698883056640625 348
4.879431962966919 346
4.887936115264893 346
4.89618182182312 346
4.904507160186768 346
4.914594888687134 348
4.923801422119141 350
4.933154582977295 352
4.940377712249756 354
4.94939112663269 356
4.957540273666382 358
4.965699195861816 359
4.975489616394043 359
4.986934661865234 358
4.995225667953491 358
