0 0
0.011265993118286133 0
0.0357666015625 0
0.050744056701660156 2
0.07207250595092773 6
0.08271932601928711 10
0.09228110313415527 14
0.10191035270690918 18
0.11026835441589355 23
0.11911487579345703 28
0.1286327838897705 34
0.13691973686218262 40
0.1456754207611084 44
0.15416312217712402 50
0.16335558891296387 57
0.17205405235290527 62
0.18174362182617188 69
0.19109678268432617 77
0.2002885341644287 82
0.20850467681884766 90
0.21637654304504395 94
0.22482705116271973 102
0.23482584953308105 109
0.24708223342895508 116
0.25587916374206543 121
0.26495981216430664 128
0.2733628749847412 133
0.28307342529296875 140
0.2924830913543701 145
0.3013331890106201 151
0.30983495712280273 156
0.31719279289245605 160
0.330599308013916 168
0.3423306941986084 174
0.3541886806488037 180
0.36628270149230957 185
0.3780708312988281 192
0.39208245277404785 198
0.4042184352874756 204
0.41657423973083496 209
0.43004393577575684 214
0.43990302085876465 218
0.4472839832305908 221
0.4559659957885742 224
0.4649193286895752 228
0.4731781482696533 230
0.48191261291503906 234
0.4928309917449951 238
0.5020310878753662 240
0.5102860927581787 243
0.5185010433197021 246
0.5269412994384766 248
0.5386343002319336 252
0.546614408493042 254
0.5549273490905762 256
0.56416916847229 258
0.5724761486053467 261
0.5810949802398682 264
0.5913159847259521 266
0.6002821922302246 268
0.6084878444671631 270
0.6163115501403809 272
0.6246256828308105 274
0.6339013576507568 276
0.6470053195953369 279
0.6557819843292236 281
0.6648201942443848 283
0.6739623546600342 284
0.6823406219482422 286
0.6925961971282959 288
0.701998233795166 290
0.710256814956665 291
0.7184340953826904 292
0.7269027233123779 294
0.736870288848877 296
0.7453787326812744 297
0.7534382343292236 298
0.7624566555023193 300
0.7707798480987549 301
0.7790250778198242 302
0.7897539138793945 304
0.7986946105957031 305
0.8066833019256592 306
0.8151116371154785 307
0.82338547706604 308
0.8325784206390381 309
0.842087984085083 310
0.8504137992858887 312
0.8594622611999512 312
0.8670327663421631 313
0.8757212162017822 314
0.8849039077758789 315
0.8950932025909424 316
0.9032261371612549 317
0.9119422435760498 318
0.9202775955200195 319
0.9289464950561523 320
0.9368553161621094 320
0.9464554786682129 321
0.9547924995422363 322
0.9634630680084229 322
0.9721636772155762 323
0.9804019927978516 324
0.9898276329040527 324
0.9999630451202393 325
1.007296085357666 326
1.0159311294555664 326
1.0242242813110352 327
1.0332427024841309 328
1.0497543811798096 328
1.0571038722991943 329
1.066375494003296 329
1.074852705001831 330
1.0847101211547852 330
1.0947959423065186 331
1.1037805080413818 332
1.1121811866760254 332
1.1207098960876465 332
1.1298496723175049 333
1.1372027397155762 334
1.1471741199493408 334
1.155832052230835 334
1.1646699905395508 335
1.1729354858398438 335
1.18182373046875 336
1.1920814514160156 336
1.2012131214141846 336
1.2096774578094482 336
1.217000961303711 337
1.2261106967926025 337
1.2343344688415527 337
1.2432351112365723 338
1.2527711391448975 338
1.2620220184326172 338
1.2702772617340088 338
1.2784554958343506 338
1.2869846820831299 338
1.2968649864196777 339
1.3057665824890137 339
1.3140084743499756 340
1.3225533962249756 340
1.3318564891815186 340
1.3401334285736084 340
1.349360466003418 340
1.3580553531646729 340
1.3663899898529053 340
1.3746309280395508 340
1.3830595016479492 341
1.392890214920044 341
1.4024255275726318 341
1.410661220550537 342
1.4189445972442627 342
1.427426815032959 342
1.4360404014587402 341
1.4504220485687256 341
1.459047555923462 341
1.466930866241455 342
1.4757537841796875 342
1.4860036373138428 342
1.4947903156280518 342
1.5049631595611572 342
1.5131406784057617 342
1.522411584854126 343
1.5307607650756836 343
1.5390517711639404 343
1.5469505786895752 342
1.559380292892456 342
1.5669548511505127 342
1.575270175933838 342
1.5843610763549805 343
1.5932650566101074 343
1.6090421676635742 342
1.6186814308166504 342
1.6269810199737549 342
1.635650634765625 342
1.6434502601623535 342
1.655919075012207 343
1.6659820079803467 343
1.674208402633667 342
1.6825103759765625 342
1.6925828456878662 342
1.700796127319336 342
1.7103602886199951 342
1.7185125350952148 342
1.7269847393035889 342
1.7353942394256592 342
1.7446842193603516 342
1.75520658493042 342
1.7642805576324463 342
1.772568702697754 342
1.7816970348358154 342
1.7917559146881104 342
1.7999532222747803 342
1.808962345123291 342
1.8167355060577393 342
1.8259735107421875 342
1.8346905708312988 342
1.8468339443206787 342
1.8568511009216309 342
1.8660871982574463 342
1.8744335174560547 342
1.8827154636383057 342
1.8928022384643555 342
1.901289939880371 342
1.9106261730194092 342
1.9187812805175781 342
1.9269628524780273 342
1.935389757156372 342
1.9433794021606445 342
1.9519603252410889 342
1.9621613025665283 342
1.9709503650665283 342
1.9790472984313965 342
1.9888970851898193 342
1.996656894683838 342
2.006633996963501 342
2.01632022857666 342
2.025846481323242 342
2.033996820449829 342
2.042335033416748 342
2.050604820251465 342
2.0623180866241455 342
2.0722880363464355 342
2.080707311630249 342
2.090487241744995 342
2.0986413955688477 342
2.106527805328369 342
2.1159844398498535 342
2.1246676445007324 342
2.1328961849212646 342
2.1414411067962646 342
2.14984130859375 342
2.158025026321411 342
2.166964054107666 342
2.175358295440674 342
2.1860923767089844 342
2.194241762161255 342
2.202599287033081 342
2.2109837532043457 342
2.2206907272338867 342
2.228872776031494 342
2.23679256439209 342
2.249697685241699 342
2.257425308227539 342
2.2671475410461426 342
2.27592134475708 342
2.284867525100708 342
2.293109178543091 342
2.301806926727295 342
2.310006618499756 342
2.3201355934143066 342
2.3274621963500977 342
2.3360958099365234 342
2.344277858734131 342
2.3532042503356934 342
2.3619329929351807 342
2.3711793422698975 342
2.379729986190796 342
2.388469934463501 342
2.3962438106536865 342
2.406794548034668 342
2.420823097229004 342
2.4318532943725586 342
2.443117618560791 342
2.4548697471618652 342
2.4671013355255127 342
2.479882001876831 342
2.4932146072387695 342
2.5024242401123047 342
2.510662078857422 342
2.520768880844116 342
2.52899169921875 342
2.536775827407837 342
2.5450947284698486 342
2.553797483444214 342
2.5623390674591064 342
2.572575330734253 342
2.580965280532837 342
2.591038942337036 342
2.5990543365478516 342
2.6067914962768555 342
2.6151013374328613 342
2.6251795291900635 342
2.6332638263702393 342
2.6419055461883545 342
2.6546924114227295 342
2.663032293319702 342
2.672646999359131 342
2.6811909675598145 342
2.6911275386810303 342
2.6993508338928223 342
2.7069265842437744 342
2.7160451412200928 342
2.7252113819122314 342
2.733299493789673 342
2.7420101165771484 342
2.7512359619140625 342
2.759462356567383 342
2.7669973373413086 342
2.776461362838745 342
2.7867820262908936 342
2.795112371444702 342
2.803334951400757 342
2.811938524246216 342
2.820798635482788 342
2.830254077911377 342
2.838062286376953 342
2.8461904525756836 342
2.8546488285064697 342
2.863020896911621 342
2.871701955795288 342
2.882303476333618 342
2.8913943767547607 342
2.8998239040374756 342
2.9071340560913086 342
2.9162633419036865 342
2.9258484840393066 342
2.934039354324341 342
2.942383289337158 342
2.9514026641845703 342
2.9598374366760254 342
2.96711802482605 342
2.9765141010284424 342
2.986788749694824 342
2.9950828552246094 342
3.0033018589019775 342
3.0120747089385986 342
3.0207865238189697 342
3.03014874458313 342
3.0374507904052734 342
3.051281690597534 342
3.05989933013916 342
3.0672149658203125 342
3.0759458541870117 342
3.0889503955841064 342
3.096737861633301 342
3.1052165031433105 342
3.1143858432769775 342
3.1226541996002197 342
3.132537603378296 342
3.1410999298095703 342
3.150277853012085 342
3.158447265625 342
3.1663951873779297 342
3.1746907234191895 342
3.1852078437805176 342
3.1933038234710693 342
3.2019412517547607 342
3.2101709842681885 342
3.219050884246826 342
3.2269699573516846 342
3.2364327907562256 342
3.244701385498047 342
3.2533185482025146 342
3.2619903087615967 342
3.270381212234497 342
3.2789764404296875 342
3.2893576622009277 342
3.29740834236145 342
3.30598521232605 342
3.3147904872894287 342
3.323016881942749 342
3.3325462341308594 342
3.3474512100219727 342
3.3561410903930664 342
3.364361047744751 342
3.372668743133545 342
3.3823628425598145 342
3.3918113708496094 342
3.400355577468872 342
3.4085357189178467 342
3.4168789386749268 342
3.42527437210083 342
3.4347221851348877 342
3.4429776668548584 341
3.4562647342681885 341
3.46481990814209 340
3.4732112884521484 340
3.4821550846099854 340
3.493433713912964 340
3.502629518508911 340
3.5122287273406982 339
3.520671844482422 339
3.528930902481079 339
3.5384418964385986 339
3.548588991165161 338
3.556417465209961 338
3.564725637435913 338
3.5729551315307617 338
3.582456588745117 338
3.5926268100738525 338
3.6023411750793457 338
3.6125969886779785 338
3.620973825454712 338
3.629058361053467 337
3.6380326747894287 337
3.6469428539276123 337
3.6554038524627686 337
3.663952589035034 337
3.6724162101745605 337
3.68180775642395 337
3.692119836807251 336
3.700605630874634 336
3.7087814807891846 336
3.716991662979126 336
3.7256484031677246 336
3.7337567806243896 336
3.7439522743225098 336
3.752357244491577 336
3.760777473449707 335
3.769068479537964 335
3.7780089378356934 335
3.786930561065674 335
3.7964537143707275 335
3.805847644805908 334
3.814627170562744 334
3.822993516921997 334
3.8314130306243896 335
3.8407769203186035 335
3.853965997695923 334
3.8625221252441406 334
3.8711466789245605 334
3.8869621753692627 334
3.899970054626465 333
3.9073033332824707 333
3.916440725326538 333
3.9250998497009277 333
3.933238983154297 332
3.9445767402648926 332
3.953239917755127 332
3.9619128704071045 332
3.970172643661499 332
3.9789998531341553 332
3.9873149394989014 332
3.996891498565674 332
4.009370565414429 332
4.017000436782837 332
4.025410890579224 332
4.033722639083862 332
4.04336142539978 332
4.052156448364258 332
4.060537576675415 332
4.06873631477356 332
4.07714319229126 332
4.08656120300293 332
4.095986843109131 332
4.1042609214782715 332
4.113751649856567 332
4.122288703918457 332
4.130553960800171 331
4.138776063919067 331
4.148852825164795 331
4.1566643714904785 331
4.164963245391846 331
4.173185586929321 331
4.1824305057525635 331
4.191426515579224 331
4.200782537460327 331
4.210053205490112 331
4.217373609542847 331
4.22598934173584 331
4.234208345413208 331
4.243271112442017 331
4.256276369094849 331
4.264658689498901 331
4.273950099945068 331
4.2824625968933105 331
4.291860818862915 331
4.301315784454346 330
4.310664176940918 330
4.319831132888794 330
4.327140808105469 330
4.335867881774902 330
4.344570875167847 330
4.353966236114502 330
4.362540006637573 329
4.370830535888672 329
4.3801586627960205 329
4.388991832733154 329
4.396776914596558 328
4.406738519668579 328
4.41514253616333 328
4.4243388175964355 328
4.432605266571045 328
4.441917419433594 329
4.451208829879761 328
4.4597437381744385 328
4.467117547988892 328
4.476453065872192 328
4.489810228347778 328
4.502540349960327 328
4.514797925949097 328
4.526726722717285 328
4.538018703460693 328
4.551778793334961 327
4.563196659088135 327
4.572843551635742 327
4.581299543380737 326
4.590639591217041 326
4.598880052566528 326
4.60902214050293 326
4.616798162460327 326
4.625885486602783 326
4.634162664413452 326
4.642670154571533 326
4.655790567398071 326
4.664338111877441 326
4.67317008972168 326
4.681944370269775 326
4.690986394882202 326
4.699082374572754 326
4.709407091140747 326
4.7170093059539795 326
4.726288318634033 326
4.734572410583496 326
4.743320465087891 326
4.751968145370483 326
4.76108193397522 326
4.769105672836304 326
4.7779786586761475 326
4.7871174812316895 326
4.795794725418091 326
4.805420398712158 326
4.813907861709595 326
4.8222432136535645 326
4.831312894821167 326
4.8405983448028564 326
4.848838567733765 326
4.857391357421875 326
4.866045951843262 326
4.874880313873291 326
4.884657144546509 326
4.892927169799805 325
4.901822328567505 325
4.912005186080933 325
4.92027473449707 324
4.928938150405884 325
4.937427759170532 325
4.946120977401733 325
4.954369306564331 325
4.96401834487915 325
4.972822427749634 324
4.981391191482544 324
4.990665674209595 324
4.998982667922974 324
