0 0
0.012873172760009766 0
0.03008723258972168 0
0.047080278396606445 2
0.06486964225769043 7
0.08703088760375977 13
0.09576869010925293 16
0.1041862964630127 19
0.11253070831298828 21
0.12133049964904785 23
0.13002657890319824 25
0.139326810836792 27
0.14692044258117676 30
0.156174898147583 31
0.16446757316589355 33
0.1731405258178711 35
0.18288922309875488 37
0.19318914413452148 40
0.20200204849243164 43
0.21037507057189941 44
0.21884441375732422 46
0.22678303718566895 47
0.23526811599731445 49
0.24467015266418457 52
0.2538585662841797 53
0.2622509002685547 55
0.27060723304748535 57
0.285658597946167 60
0.29485535621643066 62
0.3036022186279297 64
0.31244754791259766 66
0.32274317741394043 69
0.3322923183441162 70
0.3417997360229492 71
0.35070109367370605 73
0.35925817489624023 75
0.36699700355529785 77
0.3766782283782959 79
0.3857436180114746 80
0.3958606719970703 82
0.40421152114868164 83
0.4125227928161621 85
0.4218871593475342 88
0.43033313751220703 89
0.43852901458740234 91
0.44846630096435547 92
0.4569058418273926 94
0.46637463569641113 96
0.4758148193359375 98
0.48475122451782227 100
0.49443840980529785 101
0.5028135776519775 102
0.5117809772491455 103
0.5207180976867676 105
0.5289294719696045 107
0.5368430614471436 110
0.5463147163391113 111
0.5552411079406738 112
0.5640208721160889 113
0.5724442005157471 114
0.5819337368011475 115
0.591728925704956 118
0.6010189056396484 120
0.6096441745758057 122
0.6178774833679199 123
0.6261310577392578 124
0.6348562240600586 124
0.6443464756011963 124
0.6532700061798096 126
0.6619186401367188 127
0.6703357696533203 128
0.6797921657562256 130
0.6931576728820801 132
0.702794075012207 134
0.7116336822509766 136
0.7205178737640381 138
0.7287478446960449 138
0.7368273735046387 138
0.7464327812194824 138
0.7551422119140625 140
0.7633295059204102 142
0.7720146179199219 144
0.7820117473602295 146
0.7905564308166504 146
0.8002102375030518 147
0.808438777923584 147
0.81705641746521 148
0.8258566856384277 150
0.8357696533203125 152
0.8441407680511475 154
0.8541004657745361 155
0.8624777793884277 156
0.8710553646087646 156
0.8810818195343018 156
0.8896934986114502 156
0.8996376991271973 158
0.9069912433624268 160
0.9163646697998047 162
0.924746036529541 163
0.933049201965332 164
0.9417870044708252 165
0.9519038200378418 166
0.9601781368255615 167
0.9684393405914307 169
0.9784650802612305 170
0.9869239330291748 171
0.9956953525543213 171
1.0058081150054932 172
1.014538288116455 174
1.0228440761566162 176
1.0318553447723389 178
1.040224552154541 179
1.0493502616882324 180
1.0586261749267578 180
1.066570520401001 181
1.076073169708252 183
1.089977741241455 185
1.097886562347412 185
1.1071600914001465 186
1.1166348457336426 186
1.1250636577606201 188
1.1331989765167236 190
1.1427955627441406 191
1.154386043548584 192
1.1630923748016357 193
1.1717934608459473 193
1.1816825866699219 194
1.190164566040039 195
1.1983420848846436 196
1.2070422172546387 198
1.216733455657959 199
1.225163221359253 200
1.2336337566375732 200
1.2425260543823242 200
1.2517108917236328 202
1.2610931396484375 203
1.2697718143463135 204
1.280505657196045 206
1.288764476776123 206
1.2967379093170166 206
1.3061866760253906 207
1.3157382011413574 208
1.3241748809814453 210
1.3325867652893066 211
1.342132329940796 212
1.352466344833374 212
1.3619999885559082 213
1.3706541061401367 214
1.380537509918213 216
1.3889319896697998 216
1.4010822772979736 217
1.4147300720214844 218
1.426487922668457 220
1.4386637210845947 222
1.4505081176757812 223
1.4625589847564697 223
1.474137544631958 222
1.4906718730926514 224
1.4989352226257324 226
1.5086040496826172 227
1.5187273025512695 228
1.526681900024414 228
1.5350806713104248 228
1.5432755947113037 229
1.5524156093597412 230
1.5618369579315186 232
1.5704028606414795 233
1.5804224014282227 234
1.588789939880371 233
1.5967113971710205 233
1.605301856994629 234
1.6161506175994873 235
1.6245830059051514 236
1.6330828666687012 238
1.6418979167938232 238
1.6510062217712402 239
1.6596059799194336 240
1.668658971786499 241
1.6787848472595215 241
1.6867566108703613 241
1.6956427097320557 241
1.7039291858673096 242
1.716029167175293 244
1.7271933555603027 247
1.7360575199127197 248
1.7451505661010742 248
1.753871202468872 248
1.7630813121795654 248
1.7726898193359375 249
1.7832138538360596 251
1.7920303344726562 252
1.8003857135772705 254
1.809739589691162 254
1.8189120292663574 254
1.8266897201538086 254
1.8371467590332031 255
1.8465938568115234 256
1.855088472366333 258
1.8646299839019775 258
1.8732929229736328 258
1.8870007991790771 259
1.8958001136779785 260
1.904256820678711 261
1.913059949874878 262
1.923058032989502 262
1.9319076538085938 262
1.9401752948760986 262
1.9489970207214355 264
1.9570796489715576 265
1.9666948318481445 267
1.976294994354248 268
1.9845783710479736 267
1.9931199550628662 267
2.001873016357422 266
2.011995553970337 266
2.0212833881378174 268
2.0303187370300293 268
2.038503646850586 269
2.0468008518218994 269
2.0556375980377197 269
2.063844680786133 270
2.0731940269470215 271
2.082484722137451 272
2.090928316116333 272
2.0992438793182373 272
2.106839895248413 271
2.1163041591644287 272
2.1259214878082275 272
2.1347172260284424 274
2.14401912689209 274
2.1523079872131348 273
2.160670757293701 272
2.1703414916992188 273
2.1802916526794434 274
2.188525438308716 275
2.196333408355713 275
2.20471453666687 274
2.2140896320343018 274
2.2231879234313965 275
2.232465982437134 276
2.242081642150879 277
2.2505078315734863 278
2.2587924003601074 277
2.2667336463928223 276
2.2785019874572754 275
2.290621519088745 276
2.2989132404327393 277
2.3083596229553223 278
2.3163108825683594 278
2.3257508277893066 278
2.333932399749756 278
2.34382963180542 278
2.352283239364624 278
2.3605284690856934 279
2.368818998336792 281
2.380004644393921 282
2.3873438835144043 282
2.396078109741211 281
2.404489517211914 281
2.4132776260375977 281
2.422727346420288 282
2.432265281677246 283
2.442134380340576 284
2.450448989868164 284
2.458657741546631 284
2.466430902481079 284
2.477163791656494 284
2.4857749938964844 285
2.4942195415496826 286
2.5025298595428467 286
2.5119054317474365 286
2.520155191421509 286
2.529824733734131 286
2.538836717605591 288
2.5466675758361816 288
2.554999351501465 288
2.5631425380706787 288
2.5722057819366455 288
2.5824761390686035 288
2.591146945953369 290
2.5997302532196045 290
2.608656644821167 292
2.6164777278900146 292
2.6248018741607666 291
2.6343820095062256 291
2.642958164215088 292
2.6519711017608643 292
2.660308361053467 293
2.6686182022094727 294
2.679684638977051 294
2.6917998790740967 293
2.700310230255127 292
2.7098388671875 292
2.7171716690063477 293
2.7259457111358643 294
2.735243320465088 295
2.7448556423187256 294
2.7536323070526123 294
2.7621848583221436 293
2.7716946601867676 293
2.7821199893951416 293
2.790504217147827 294
2.798926830291748 295
2.8071608543395996 296
2.8158459663391113 296
2.8242430686950684 295
2.833918571472168 294
2.8432672023773193 294
2.8529326915740967 295
2.862886905670166 296
2.8721718788146973 297
2.882160186767578 296
2.890852212905884 296
2.8989334106445312 295
2.908465623855591 295
2.9162962436676025 295
2.924591541290283 296
2.9341838359832764 297
2.943803071975708 298
2.9529125690460205 298
2.961780548095703 297
2.9706099033355713 296
2.980029344558716 296
2.989339590072632 297
2.9970109462738037 298
3.0064947605133057 298
3.0150084495544434 298
3.0231032371520996 297
3.0320470333099365 297
3.0418968200683594 298
3.050687074661255 299
3.0590174198150635 300
3.0669631958007812 299
3.0810954570770264 298
3.094388008117676 296
3.1032629013061523 296
3.1120426654815674 297
3.120516538619995 298
3.128811836242676 299
3.1388652324676514 298
3.146808624267578 297
3.15600323677063 297
3.164402484893799 297
3.1731112003326416 297
3.1824324131011963 298
3.192124128341675 298
3.200423240661621 298
3.209285259246826 298
3.216825485229492 299
3.225764036178589 300
3.23469614982605 300
3.2441790103912354 299
3.252695322036743 298
3.2618958950042725 298
3.270479202270508 299
3.280966281890869 300
3.2904419898986816 301
3.2988102436065674 300
3.307192802429199 300
3.31611704826355 299
3.324500322341919 298
3.3327555656433105 299
3.3428006172180176 300
3.358475923538208 300
3.3689279556274414 299
3.3784713745117188 299
3.386317729949951 299
3.3958003520965576 299
3.404719114303589 300
3.413114309310913 300
3.4219727516174316 301
3.430382013320923 300
3.4395618438720703 301
3.4488139152526855 301
3.456645965576172 301
3.4657480716705322 301
3.479010820388794 302
3.496868848800659 302
3.5099265575408936 301
3.5217695236206055 300
3.534071207046509 300
3.546504259109497 302
3.559730052947998 304
3.5706229209899902 304
3.5798842906951904 304
3.5871737003326416 304
3.596696615219116 304
3.6058337688446045 304
3.6142263412475586 304
3.622565269470215 304
3.6309542655944824 304
3.64018177986145 305
3.64978289604187 306
3.65716290473938 306
3.666811227798462 305
3.680032730102539 304
3.688863515853882 304
3.6979498863220215 304
3.7066264152526855 304
3.714994192123413 305
3.723238945007324 306
3.733872652053833 306
3.7431116104125977 304
3.752657175064087 304
3.7611114978790283 304
3.770690441131592 304
3.7798619270324707 304
3.787163734436035 305
3.799638509750366 305
3.807119369506836 305
3.8160605430603027 305
3.8244576454162598 304
3.833146333694458 304
3.8417909145355225 305
3.8512723445892334 305
3.859896183013916 306
3.869319438934326 305
3.8786139488220215 304
3.886563301086426 304
3.901061534881592 305
3.9099161624908447 306
3.917895555496216 306
3.9262242317199707 306
3.9352760314941406 305
3.9450416564941406 304
3.9545648097991943 305
3.962942361831665 306
3.9721553325653076 307
3.9812512397766113 307
3.989722967147827 306
3.9986660480499268 305
4.007353067398071 305
4.016053676605225 306
4.024478435516357 306
4.033833026885986 307
4.04228949546814 307
4.051875114440918 306
4.060161352157593 306
4.068934679031372 306
4.078880071640015 307
4.086869239807129 307
4.095666170120239 307
4.10581374168396 306
4.114048004150391 306
4.122362852096558 306
4.131065607070923 307
4.139642000198364 307
4.147010326385498 307
4.156656980514526 306
4.1661107540130615 306
4.175966262817383 306
4.184183359146118 306
4.192614793777466 307
4.2019195556640625 307
4.211288213729858 306
4.2198486328125 306
4.227169036865234 306
4.236406326293945 306
4.244840860366821 307
4.253075361251831 307
4.263129472732544 306
4.27202033996582 306
4.282287359237671 306
4.290609359741211 307
4.307084560394287 308
4.315982818603516 308
4.324408292770386 307
4.3332436084747314 306
4.341975927352905 306
4.350171327590942 306
4.359613656997681 307
4.36842942237854 308
4.377142906188965 308
4.386297941207886 307
4.39586615562439 306
4.4042558670043945 306
4.413304805755615 306
4.422157526016235 307
4.430620193481445 307
4.438835620880127 307
4.446618556976318 307
4.455142974853516 306
4.465707063674927 306
4.474593162536621 306
4.483317613601685 307
4.492078065872192 307
4.500943422317505 306
4.510443687438965 306
4.518662929534912 306
4.526447534561157 306
4.535695314407349 306
4.5438501834869385 307
4.552353858947754 307
4.56247353553772 306
4.5716211795806885 306
4.580670118331909 305
4.590034008026123 305
4.5986692905426025 306
4.606628179550171 306
4.616122007369995 307
4.624386787414551 306
4.633645296096802 306
4.642040014266968 306
4.650299787521362 306
4.658467531204224 306
4.6684019565582275 306
4.681766748428345 306
4.690655946731567 306
4.703235149383545 306
4.712011814117432 306
4.721737861633301 306
4.730652809143066 306
4.738884449005127 306
4.746665000915527 306
4.755146265029907 306
4.765111684799194 306
4.773784160614014 306
4.782658100128174 306
4.791914463043213 306
4.8009467124938965 306
4.808980941772461 306
4.819902658462524 306
4.828412294387817 306
4.836223602294922 306
4.844552993774414 306
4.852899789810181 306
4.862161874771118 306
4.871842861175537 306
4.880632400512695 306
4.888810396194458 306
4.897296905517578 306
4.905943155288696 306
4.914219379425049 306
4.923196315765381 306
4.932657480239868 306
4.941076993942261 306
4.949283838272095 306
4.95688533782959 306
4.966628074645996 306
4.976102113723755 306
4.984536409378052 306
4.9941771030426025 306
