0 0
0.013203144073486328 0
0.0326998233795166 0
0.05405116081237793 3
0.07331585884094238 8
0.09285116195678711 16
0.10127472877502441 20
0.10967254638671875 25
0.11824822425842285 30
0.12788128852844238 36
0.13652372360229492 40
0.14569449424743652 47
0.15424108505249023 52
0.1630706787109375 58
0.1714484691619873 64
0.1797933578491211 70
0.18916964530944824 76
0.19954800605773926 84
0.2085740566253662 91
0.2169804573059082 97
0.22615861892700195 105
0.23486328125 111
0.24318552017211914 118
0.25337696075439453 125
0.2617623805999756 132
0.2701117992401123 139
0.2789919376373291 145
0.288008451461792 153
0.3021984100341797 164
0.31110620498657227 171
0.32009196281433105 179
0.3290421962738037 186
0.33820629119873047 194
0.34764647483825684 202
0.3575477600097656 210
0.36690306663513184 216
0.37482237815856934 223
0.3831672668457031 229
0.39293408393859863 237
0.4022023677825928 244
0.4105978012084961 250
0.41970014572143555 256
0.42871809005737305 260
0.4375629425048828 266
0.4462134838104248 271
0.45658302307128906 276
0.4640536308288574 280
0.47304677963256836 284
0.4814937114715576 288
0.49094510078430176 292
0.5011506080627441 296
0.5094630718231201 299
0.5188755989074707 302
0.5272130966186523 305
0.5355782508850098 307
0.5438563823699951 310
0.5540156364440918 313
0.5627806186676025 316
0.5710639953613281 318
0.5795774459838867 321
0.5889315605163574 322
0.598146915435791 324
0.6087958812713623 326
0.6212613582611084 329
0.6326539516448975 332
0.64485764503479 336
0.6588997840881348 336
0.6707859039306641 337
0.6821610927581787 338
0.6935245990753174 339
0.7082209587097168 344
0.7172343730926514 346
0.7255980968475342 347
0.733814001083374 348
0.7431204319000244 348
0.753241777420044 348
0.7616631984710693 349
0.7699768543243408 350
0.7787652015686035 352
0.7879288196563721 352
0.7970983982086182 352
0.8066213130950928 352
0.8139441013336182 353
0.8233141899108887 354
0.8317224979400635 355
0.8400158882141113 355
0.8495378494262695 354
0.8592162132263184 353
0.8686635494232178 354
0.8787887096405029 354
0.8875732421875 356
0.8970553874969482 356
0.9065661430358887 355
0.9140329360961914 354
0.9231698513031006 354
0.9315083026885986 355
0.9400496482849121 356
0.9497208595275879 357
0.9593772888183594 357
0.9679889678955078 356
0.976616382598877 355
0.9855682849884033 355
0.994037389755249 356
1.0028703212738037 356
1.012068748474121 357
1.0210585594177246 357
1.0295815467834473 356
1.0382168292999268 356
1.046708345413208 356
1.0557317733764648 357
1.0653109550476074 357
1.0732369422912598 358
1.0825259685516357 357
1.0947647094726562 356
1.1099483966827393 356
1.1195881366729736 358
1.12827730178833 359
1.1368777751922607 360
1.1441657543182373 360
1.1558668613433838 358
1.165400505065918 358
1.173222541809082 359
1.1822144985198975 360
1.1909422874450684 360
1.199803352355957 359
1.2114825248718262 358
1.2212562561035156 357
1.2296428680419922 358
1.2382500171661377 359
1.2475478649139404 360
1.2568047046661377 360
1.2657194137573242 359
1.2737681865692139 358
1.2831230163574219 357
1.2926650047302246 357
1.3010568618774414 358
1.3093791007995605 359
1.3196797370910645 359
1.3285396099090576 359
1.3367929458618164 358
1.3441834449768066 358
1.3532400131225586 358
1.3630807399749756 358
1.371460199356079 358
1.3809640407562256 357
1.389533281326294 357
1.3989841938018799 358
1.4073710441589355 358
1.4172611236572266 358
1.4254469871520996 358
1.4332389831542969 358
1.4416322708129883 357
1.4508616924285889 356
1.4597511291503906 357
1.4693326950073242 357
1.4775817394256592 357
1.48681640625 357
1.4957501888275146 356
1.5093050003051758 356
1.5194463729858398 357
1.528123140335083 358
1.5366554260253906 358
1.544023036956787 357
1.5530893802642822 356
1.562023401260376 356
1.57163667678833 356
1.5805919170379639 357
1.5892002582550049 358
1.598728895187378 358
1.6070377826690674 358
1.6158602237701416 357
1.625413179397583 356
1.6335008144378662 356
1.6420621871948242 357
1.6510498523712158 357
1.6594910621643066 358
1.6695146560668945 357
1.6789064407348633 356
1.6874456405639648 355
1.6974308490753174 355
1.7056972980499268 356
1.714057207107544 357
1.7253823280334473 358
1.7333285808563232 357
1.7417809963226318 356
1.7512767314910889 355
1.759619951248169 355
1.768169641494751 356
1.7790172100067139 356
1.787410020828247 357
1.7969112396240234 356
1.8052430152893066 356
1.813828468322754 356
1.8233702182769775 356
1.8316690921783447 356
1.8399698734283447 356
1.8493595123291016 355
1.857940673828125 355
1.866569995880127 355
1.8767821788787842 356
1.8853223323822021 356
1.89369797706604 356
1.9069538116455078 355
1.9165868759155273 354
1.9256539344787598 354
1.9337427616119385 354
1.9420726299285889 354
1.951228141784668 355
1.9596424102783203 355
1.968184471130371 355
1.9780406951904297 354
1.9868037700653076 354
1.9958186149597168 354
2.005789041519165 354
2.0141401290893555 355
2.0237390995025635 355
2.032636880874634 355
2.0408382415771484 354
2.049830913543701 354
2.0585267543792725 354
2.0667624473571777 354
2.077150583267212 354
2.0853207111358643 354
2.0937159061431885 355
2.102461576461792 355
2.1113951206207275 354
2.1197590827941895 354
2.1293158531188965 353
2.1378519535064697 354
2.14703631401062 354
2.1548759937286377 354
2.1632027626037598 355
2.171766996383667 355
2.1819727420806885 354
2.1913657188415527 353
2.199723958969116 353
2.2089662551879883 353
2.2172791957855225 354
2.225579261779785 354
2.2373552322387695 354
2.246605396270752 354
2.2539148330688477 353
2.262727737426758 353
2.2710001468658447 353
2.280582904815674 353
2.289128541946411 354
2.2987027168273926 354
2.3121895790100098 353
2.3208634853363037 352
2.3305461406707764 352
2.3391008377075195 352
2.3475608825683594 353
2.356198787689209 353
2.363929510116577 354
2.3726158142089844 353
2.3826777935028076 352
2.391787528991699 352
2.4000308513641357 352
2.4088401794433594 353
2.41743540763855 354
2.4257614612579346 354
2.434805154800415 353
2.4431557655334473 352
2.4515490531921387 352
2.459810256958008 352
2.4687812328338623 353
2.477173328399658 354
2.4871013164520264 353
2.496668577194214 352
2.504089832305908 352
2.512763738632202 352
2.5209829807281494 352
2.529620885848999 353
2.539310932159424 354
2.54793119430542 354
2.5561795234680176 353
2.5640451908111572 352
2.5731332302093506 351
2.581573247909546 351
2.592618942260742 352
2.6016721725463867 352
2.610020399093628 353
2.618834972381592 353
2.627088785171509 353
2.6365749835968018 352
2.6440255641937256 352
2.6528189182281494 352
2.6610281467437744 352
2.6694717407226562 353
2.678006172180176 353
2.6887364387512207 353
2.702631711959839 352
2.719604730606079 354
2.7314536571502686 355
2.745657444000244 356
2.7574429512023926 354
2.7690205574035645 353
2.777984380722046 351
2.786649227142334 350
2.7972965240478516 350
2.806706190109253 352
2.814093828201294 352
2.8227648735046387 352
2.8317885398864746 352
2.8412909507751465 351
2.8505682945251465 351
2.8589513301849365 351
2.867218255996704 352
2.8765439987182617 352
2.8839008808135986 352
2.896263837814331 352
2.9038095474243164 352
2.912496566772461 352
2.9210128784179688 352
2.929325819015503 352
2.937865734100342 352
2.9478843212127686 352
2.9559385776519775 352
2.9641361236572266 352
2.9727976322174072 352
2.9810006618499756 352
2.9914913177490234 352
2.9998223781585693 352
3.0091071128845215 352
3.017428398132324 352
3.025630474090576 352
3.033958673477173 352
3.0434298515319824 352
3.0517096519470215 352
3.0599727630615234 352
3.0688772201538086 352
3.077122688293457 352
3.0852713584899902 352
3.1027653217315674 352
3.117591381072998 352
3.125797986984253 352
3.1339728832244873 352
3.1452603340148926 352
3.155869722366333 352
3.1636626720428467 352
3.172457456588745 352
3.1802737712860107 352
3.1890854835510254 352
3.199983835220337 351
3.209848165512085 351
3.218752861022949 352
3.227600336074829 352
3.2357912063598633 352
3.2436439990997314 352
3.2531721591949463 352
3.2626006603240967 351
3.2708728313446045 351
3.279191255569458 352
3.28755521774292 352
3.297847032546997 352
3.30652117729187 351
3.3140151500701904 351
3.322704553604126 351
3.3311245441436768 351
3.3394131660461426 351
3.3489160537719727 351
3.3571808338165283 350
3.371903419494629 350
3.380053758621216 350
3.38871431350708 351
3.399724245071411 351
3.408257007598877 350
3.4174067974090576 350
3.425689697265625 350
3.433637857437134 350
3.4432485103607178 350
3.4529640674591064 350
3.461965322494507 350
3.470064878463745 350
3.4787306785583496 350
3.4878742694854736 350
3.497060537338257 350
3.5073909759521484 350
3.5195493698120117 350
3.5288612842559814 350
3.537254810333252 350
3.545461654663086 350
3.555281400680542 350
3.563070058822632 350
3.5713768005371094 350
3.5800909996032715 350
3.5888848304748535 350
3.598942756652832 350
3.608745813369751 350
3.6174709796905518 350
3.626554489135742 350
3.6338789463043213 350
3.642606735229492 350
3.651576519012451 350
3.6612370014190674 349
3.6700665950775146 350
3.6788220405578613 350
3.6870784759521484 350
3.6975553035736084 350
3.7070820331573486 349
3.7168004512786865 349
3.7273967266082764 349
3.736733913421631 350
3.744154453277588 350
3.7528493404388428 350
3.7627487182617188 350
3.7710320949554443 350
3.780179262161255 350
3.7889461517333984 349
3.7985851764678955 349
3.808159112930298 349
3.817131519317627 350
3.8258769512176514 350
3.8336853981018066 350
3.8420472145080566 350
3.8513338565826416 349
3.8608548641204834 349
3.869633436203003 349
3.8780548572540283 350
3.88680100440979 350
3.896212339401245 349
3.903914213180542 348
3.9198036193847656 349
3.928793430328369 350
3.9380640983581543 351
3.946638584136963 351
3.953988790512085 350
3.963999032974243 349
3.9729175567626953 348
3.9822075366973877 349
3.9915759563446045 350
4.000974416732788 351
4.01018500328064 350
4.019456386566162 350
4.028949499130249 349
4.03725004196167 349
4.0466392040252686 350
4.054079055786133 350
4.0636279582977295 349
4.072904825210571 348
4.081305027008057 348
4.095510721206665 349
4.103518009185791 350
4.11384654045105 351
4.123072385787964 350
4.132238864898682 349
4.140781402587891 348
4.149410963058472 348
4.158721208572388 349
4.1680896282196045 350
4.177101373672485 351
4.185446262359619 350
4.194046497344971 350
4.203322887420654 349
4.211972236633301 349
4.221993923187256 349
4.232239723205566 349
4.240872621536255 349
4.249657154083252 349
4.258101224899292 349
4.26810884475708 348
4.276763916015625 348
4.284128904342651 348
4.29407525062561 348
4.302746057510376 349
4.317913293838501 349
4.327600717544556 348
4.3369035720825195 348
4.3447489738464355 348
4.353598594665527 348
4.36192512512207 348
4.371450424194336 348
4.380035638809204 348
4.38883638381958 348
4.398783922195435 348
4.407111644744873 348
4.415278673171997 348
4.425471067428589 348
4.433790922164917 348
4.443005323410034 348
4.45143723487854 348
4.459752559661865 348
4.469889879226685 348
4.478639364242554 348
4.487418174743652 348
4.49702525138855 348
4.504840612411499 348
4.513803243637085 348
4.523326635360718 348
4.532675266265869 348
4.540988445281982 348
4.549309253692627 348
4.558618783950806 348
4.567112445831299 348
4.577225208282471 347
4.585579872131348 347
4.5940728187561035 347
4.603275299072266 348
4.611713647842407 348
4.621700048446655 348
4.630145788192749 348
4.639333009719849 347
4.648799180984497 347
4.65709662437439 347
4.665723085403442 347
4.6742777824401855 347
4.683060169219971 347
4.693690538406372 346
4.70221209526062 346
4.714864730834961 347
4.724024295806885 348
4.733541250228882 348
4.745524644851685 346
4.753947734832764 345
4.762874603271484 345
4.776149034500122 345
4.78792929649353 347
4.800746440887451 348
4.81258225440979 348
4.826821804046631 347
4.839794397354126 346
4.8510894775390625 345
4.863726615905762 346
4.877357721328735 347
4.886895656585693 348
4.895874500274658 347
4.903697490692139 346
4.912881374359131 346
4.921258926391602 345
4.931410789489746 346
4.940562725067139 346
4.948991298675537 346
4.9580583572387695 346
4.966532468795776 346
4.975376844406128 346
4.9839863777160645 346
4.994006156921387 345
