0 0
0.014314889907836914 0
0.03274226188659668 0
0.05451154708862305 2
0.08002829551696777 9
0.08987975120544434 13
0.09833312034606934 18
0.10688281059265137 22
0.1168055534362793 27
0.1255500316619873 32
0.13540434837341309 38
0.1456305980682373 45
0.15352106094360352 50
0.16180181503295898 55
0.1702251434326172 62
0.17964458465576172 68
0.18881916999816895 75
0.19763612747192383 81
0.20598936080932617 87
0.21496820449829102 94
0.22264599800109863 100
0.23144245147705078 106
0.24222278594970703 116
0.2515738010406494 122
0.2600834369659424 130
0.2684504985809326 136
0.2779662609100342 143
0.28757691383361816 150
0.29610490798950195 158
0.3044319152832031 165
0.3128073215484619 171
0.32161808013916016 178
0.3300020694732666 184
0.3475666046142578 199
0.3592684268951416 209
0.3707561492919922 218
0.38284945487976074 230
0.39684581756591797 239
0.4092423915863037 249
0.4212613105773926 259
0.4320704936981201 267
0.4428720474243164 279
0.4521677494049072 284
0.4660212993621826 295
0.47540950775146484 304
0.48285460472106934 311
0.49248790740966797 319
0.5014772415161133 325
0.5106430053710938 334
0.5189769268035889 340
0.5276739597320557 347
0.5368423461914062 354
0.5484497547149658 361
0.5572922229766846 365
0.5656626224517822 369
0.5741841793060303 372
0.5824735164642334 374
0.5912373065948486 375
0.6007287502288818 375
0.6099247932434082 375
0.618333101272583 374
0.6269190311431885 372
0.6354718208312988 370
0.6463193893432617 367
0.6545655727386475 364
0.6625313758850098 362
0.6712794303894043 360
0.680037260055542 359
0.6882693767547607 358
0.6978321075439453 357
0.7061474323272705 357
0.715369462966919 357
0.7227134704589844 358
0.7314620018005371 358
0.7404217720031738 358
0.7499608993530273 359
0.7587525844573975 359
0.7674345970153809 359
0.7762255668640137 359
0.7844572067260742 359
0.7922437191009521 359
0.8017539978027344 359
0.8107085227966309 359
0.8188045024871826 359
0.8274266719818115 359
0.8358256816864014 359
0.8448886871337891 359
0.8545651435852051 359
0.8668391704559326 359
0.8761191368103027 359
0.8843193054199219 359
0.892275333404541 359
0.9020102024078369 359
0.9113907814025879 359
0.9195752143859863 359
0.9279944896697998 359
0.936262845993042 359
0.946303129196167 359
0.9559540748596191 359
0.9641408920288086 359
0.9725427627563477 359
0.9813008308410645 359
0.9895033836364746 359
0.99788498878479 359
1.0077862739562988 359
1.016197681427002 359
1.0243964195251465 359
1.0322060585021973 359
1.0424377918243408 359
1.0545570850372314 359
1.062345266342163 359
1.0706524848937988 359
1.0799858570098877 359
1.0882303714752197 359
1.0966739654541016 359
1.1067490577697754 359
1.11521315574646 359
1.122689962387085 359
1.1313211917877197 359
1.140437126159668 359
1.148646354675293 359
1.1583447456359863 359
1.1675515174865723 359
1.1765050888061523 359
1.1845650672912598 358
1.1923859119415283 358
1.2012677192687988 358
1.2112481594085693 359
1.2194762229919434 359
1.228121280670166 359
1.236483097076416 359
1.246243953704834 358
1.2558648586273193 358
1.2682738304138184 358
1.2768168449401855 358
1.2859318256378174 358
1.2941107749938965 358
1.3021595478057861 358
1.3114631175994873 359
1.320634126663208 359
1.3287978172302246 359
1.3374593257904053 358
1.350386381149292 358
1.3598778247833252 358
1.368581771850586 358
1.3854687213897705 357
1.3928349018096924 357
1.4025568962097168 357
1.412057876586914 357
1.420896291732788 357
1.429448127746582 357
1.4378924369812012 357
1.447716474533081 357
1.4582364559173584 357
1.4682204723358154 357
1.4766783714294434 357
1.485611915588379 357
1.4928722381591797 357
1.501676082611084 357
1.5107781887054443 357
1.5198123455047607 357
1.528087854385376 357
1.5365734100341797 357
1.5457959175109863 357
1.5546042919158936 357
1.5642507076263428 357
1.572507619857788 357
1.5809054374694824 357
1.5900118350982666 357
1.598252773284912 357
1.6066455841064453 357
1.6166248321533203 357
1.6246483325958252 357
1.632469654083252 357
1.6420235633850098 357
1.6513252258300781 357
1.6602613925933838 357
1.6724143028259277 357
1.6822254657745361 357
1.6912126541137695 357
1.6995539665222168 357
1.7079317569732666 357
1.7179572582244873 357
1.7262606620788574 357
1.7344508171081543 357
1.7439789772033691 357
1.7524256706237793 357
1.7617912292480469 357
1.7701199054718018 357
1.7788472175598145 357
1.7881097793579102 357
1.7966697216033936 357
1.8049700260162354 357
1.8145537376403809 357
1.8224492073059082 357
1.830751895904541 357
1.8393149375915527 357
1.8488068580627441 357
1.8575248718261719 357
1.866811990737915 357
1.8752293586730957 357
1.8845751285552979 357
1.8923730850219727 357
1.9007070064544678 357
1.9088120460510254 357
1.918553352355957 357
1.9272332191467285 357
1.935481071472168 357
1.945612907409668 357
1.9543015956878662 357
1.962073564529419 357
1.9725010395050049 357
1.9818906784057617 357
1.9901933670043945 357
1.998403549194336 357
2.0082364082336426 357
2.0181660652160645 357
2.026498556137085 357
2.0345730781555176 357
2.044196128845215 357
2.052593946456909 357
2.0612704753875732 357
2.0743796825408936 357
2.0827693939208984 357
2.091608762741089 357
2.1006722450256348 357
2.108795404434204 357
2.118718385696411 357
2.127391815185547 357
2.1356289386749268 357
2.1446244716644287 357
2.1528050899505615 357
2.1616222858428955 357
2.1708731651306152 357
2.178969144821167 357
2.18864369392395 357
2.1973299980163574 357
2.205784559249878 357
2.214350700378418 356
2.223517656326294 356
2.2317557334899902 355
2.2409169673919678 355
2.2498209476470947 355
2.2581117153167725 355
2.2666025161743164 356
2.2760708332061768 356
2.285327911376953 355
2.2926974296569824 355
2.3013670444488525 355
2.309530258178711 355
2.3183021545410156 355
2.3277242183685303 355
2.3361763954162598 355
2.345590114593506 355
2.3543930053710938 355
2.3622019290924072 355
2.370490074157715 355
2.380481719970703 355
2.388674259185791 355
2.397486686706543 355
2.4058310985565186 355
2.415358781814575 355
2.4283885955810547 355
2.440603733062744 355
2.452610492706299 355
2.465440034866333 355
2.485520362854004 355
2.498131513595581 355
2.508108377456665 355
2.5175392627716064 355
2.5268099308013916 355
2.535324811935425 355
2.5443146228790283 355
2.5524544715881348 355
2.560868263244629 355
2.5689353942871094 355
2.5795161724090576 355
2.587877035140991 355
2.5968761444091797 355
2.6053977012634277 355
2.614086151123047 355
2.621854066848755 355
2.6312732696533203 355
2.6406309604644775 355
2.6497397422790527 355
2.658043146133423 355
2.6663362979888916 355
2.6745448112487793 355
2.6841843128204346 355
2.6919851303100586 355
2.700425148010254 355
2.7086753845214844 355
2.717722177505493 355
2.726161479949951 355
2.73569917678833 355
2.745490312576294 355
2.752816915512085 355
2.7616055011749268 355
2.7698280811309814 355
2.7785608768463135 355
2.788109064102173 355
2.7963433265686035 355
2.805452823638916 355
2.8142735958099365 355
2.822197675704956 355
2.83162522315979 355
2.840627670288086 355
2.8489749431610107 355
2.857750415802002 355
2.866037607192993 355
2.878861904144287 355
2.8884479999542236 354
2.8973381519317627 354
2.906064987182617 354
2.9149510860443115 354
2.9225428104400635 354
2.9318764209747314 354
2.9422388076782227 353
2.9514849185943604 353
2.959728956222534 353
2.9680511951446533 354
2.977407217025757 354
2.9868626594543457 354
2.9956085681915283 353
3.0055911540985107 353
3.014242649078369 353
3.022024631500244 353
3.0302774906158447 353
3.039886236190796 354
3.049713373184204 354
3.058166742324829 354
3.0664894580841064 353
3.074857234954834 353
3.082892656326294 353
3.092266082763672 353
3.100626230239868 354
3.1098246574401855 354
3.11832857131958 354
3.126742124557495 353
3.1360976696014404 353
3.146153688430786 353
3.154374837875366 353
3.162120819091797 353
3.1703615188598633 353
3.179300546646118 354
3.188554525375366 354
3.197248697280884 354
3.2054903507232666 353
3.215251922607422 353
3.222553253173828 353
3.231154680252075 353
3.241899013519287 354
3.250347852706909 354
3.2587058544158936 354
3.2673566341400146 353
3.2798078060150146 353
3.2892470359802246 353
3.2979438304901123 353
3.306203603744507 353
3.315812587738037 353
3.323577642440796 353
3.331725597381592 353
3.3561646938323975 353
3.364398717880249 352
3.3729512691497803 352
3.3822646141052246 352
3.3917274475097656 353
3.4023749828338623 353
3.4116172790527344 353
3.421527624130249 352
3.429821014404297 352
3.4381258487701416 352
3.4484081268310547 352
3.458127737045288 352
3.4665896892547607 353
3.4755191802978516 353
3.482827663421631 353
3.491494655609131 352
3.5006632804870605 352
3.509899377822876 352
3.5185928344726562 352
3.5273237228393555 352
3.5357394218444824 353
3.5459344387054443 353
3.554150104522705 353
3.561929225921631 352
3.5702810287475586 352
3.579477071762085 352
3.5879111289978027 352
3.5974791049957275 352
3.606358289718628 352
3.614598274230957 352
3.6241276264190674 353
3.631964683532715 353
3.6419460773468018 353
3.651494264602661 352
3.6598923206329346 352
3.66814923286438 352
3.6809232234954834 352
3.689459800720215 352
3.698707342147827 352
3.707932949066162 352
3.716613531112671 352
3.7255163192749023 352
3.732797861099243 352
3.7425293922424316 352
3.7520649433135986 352
3.7603468894958496 352
3.7687084674835205 352
3.7782344818115234 352
3.7867016792297363 352
3.7949280738830566 352
3.804072856903076 352
3.812352418899536 352
3.8207106590270996 352
3.8288395404815674 352
3.8382046222686768 352
3.847632884979248 352
3.8569095134735107 352
3.86538028717041 352
3.873589277267456 352
3.881765604019165 352
3.890024423599243 352
3.89957594871521 352
3.9084115028381348 352
3.9168550968170166 352
3.925368547439575 352
3.9340944290161133 352
3.944291114807129 352
3.9528286457061768 352
3.961630344390869 352
3.972644805908203 352
3.9814021587371826 352
3.9896788597106934 352
3.9979748725891113 352
4.007956027984619 352
4.016660928726196 352
4.025262117385864 352
4.034012317657471 352
4.043467044830322 352
4.052504539489746 352
4.061314344406128 352
4.069512605667114 351
4.08252215385437 351
4.0913896560668945 351
4.0997631549835205 351
4.109699249267578 351
4.118039846420288 351
4.126322984695435 351
4.135615825653076 351
4.145661354064941 351
4.155282974243164 351
4.162613153457642 351
4.171707391738892 351
4.180022716522217 351
4.1882898807525635 351
4.196827173233032 351
4.2068235874176025 351
4.215367317199707 351
4.222707986831665 351
4.231402158737183 351
4.241378307342529 351
4.249662160873413 351
4.258849143981934 351
4.26752781867981 351
4.276475667953491 351
4.284566402435303 351
4.292508125305176 351
4.300928115844727 351
4.311315059661865 351
4.3197221755981445 351
4.328045845031738 351
4.336797475814819 351
4.346135139465332 351
4.354322671890259 351
4.362833023071289 351
4.37222957611084 351
4.380733251571655 351
4.388861417770386 351
4.3974621295928955 351
4.406291246414185 351
4.4158666133880615 351
4.424075603485107 351
4.4319047927856445 351
4.4424052238464355 351
4.450886249542236 350
4.46038293838501 350
4.4697020053863525 350
4.482531309127808 350
4.4913458824157715 350
4.50261664390564 350
4.516314268112183 350
4.527590990066528 350
4.539645671844482 350
4.552468299865723 350
4.565796613693237 350
4.577790021896362 350
4.589200973510742 350
4.6014580726623535 350
4.611318111419678 350
4.6197450160980225 350
4.628118515014648 350
4.63680624961853 350
4.64588475227356 350
4.654048919677734 350
4.662609100341797 350
4.671838045120239 350
4.680325269699097 350
4.688499927520752 350
4.696967124938965 350
4.706084966659546 350
4.715666055679321 350
4.722964763641357 350
4.731635093688965 350
4.741641521453857 350
4.749887466430664 350
4.758194208145142 350
4.76827597618103 350
4.776711702346802 350
4.785238981246948 350
4.792614459991455 350
4.801783800125122 350
4.810146331787109 350
4.819459676742554 350
4.828127145767212 350
4.837479114532471 350
4.846337556838989 350
4.854547023773193 350
4.86247181892395 350
4.872518301010132 350
4.88558554649353 350
4.892861366271973 350
4.902330160140991 350
4.910789728164673 350
4.920422554016113 350
4.928656339645386 350
4.9381279945373535 350
4.947977542877197 350
4.956916332244873 350
4.965747117996216 350
4.975362777709961 350
4.982685565948486 350
4.994158506393433 350
