0 0
0.014805078506469727 0
0.035256147384643555 0
0.058789730072021484 2
0.10070323944091797 17
0.12524676322937012 31
0.1363811492919922 37
0.14583897590637207 43
0.15442276000976562 48
0.1644296646118164 55
0.17187190055847168 61
0.18170690536499023 67
0.19143056869506836 75
0.2008202075958252 81
0.20923519134521484 88
0.21756744384765625 94
0.2264111042022705 100
0.2363593578338623 108
0.24587011337280273 115
0.25451183319091797 121
0.27075791358947754 134
0.3015782833099365 159
0.31862974166870117 174
0.33152318000793457 184
0.34046483039855957 190
0.34983134269714355 198
0.35854673385620117 205
0.3683311939239502 213
0.3783450126647949 221
0.3868880271911621 228
0.39670658111572266 236
0.4051198959350586 242
0.4134821891784668 251
0.42144083976745605 257
0.4317052364349365 265
0.44663023948669434 277
0.46135973930358887 290
0.48605918884277344 310
0.5103461742401123 331
0.5211665630340576 338
0.5313775539398193 347
0.5400075912475586 352
0.549586296081543 358
0.5579290390014648 361
0.5691957473754883 366
0.5775868892669678 368
0.5864145755767822 369
0.595067024230957 370
0.6047475337982178 370
0.6130721569061279 369
0.6209604740142822 369
0.6311647891998291 367
0.6571018695831299 360
0.6720094680786133 356
0.6898238658905029 355
0.7006556987762451 355
0.7089054584503174 356
0.7246227264404297 359
0.7348301410675049 359
0.7426681518554688 359
0.7536215782165527 359
0.7631711959838867 359
0.7719299793243408 359
0.7818140983581543 359
0.7925748825073242 359
0.801619291305542 359
0.8103718757629395 359
0.8205764293670654 359
0.8305742740631104 358
0.8388850688934326 358
0.8679919242858887 361
0.8870642185211182 363
0.8967134952545166 363
0.9191601276397705 359
0.9302856922149658 357
0.9407777786254883 355
0.9495682716369629 354
0.9598860740661621 355
0.9686102867126465 355
0.9770603179931641 357
0.9859862327575684 358
0.9956448078155518 358
1.0053365230560303 358
1.0144414901733398 357
1.02181077003479 357
1.0378618240356445 357
1.0465784072875977 358
1.0713040828704834 359
1.0807929039001465 358
1.1074519157409668 356
1.1163203716278076 356
1.1250908374786377 356
1.1344265937805176 356
1.1417996883392334 357
1.1516392230987549 357
1.1617753505706787 357
1.170478343963623 357
1.1787281036376953 358
1.1874704360961914 358
1.1967580318450928 357
1.205237627029419 357
1.214686632156372 357
1.2231626510620117 357
1.2318189144134521 357
1.250577449798584 357
1.2805044651031494 357
1.2977275848388672 357
1.3171472549438477 357
1.327406644821167 357
1.3373134136199951 357
1.3457655906677246 357
1.3540587425231934 357
1.3645453453063965 357
1.373589277267456 357
1.3814032077789307 357
1.39127779006958 357
1.3995380401611328 357
1.4078001976013184 357
1.4174227714538574 357
1.4267973899841309 357
1.4414174556732178 357
1.467052936553955 357
1.4814655780792236 357
1.494905948638916 357
1.5049493312835693 357
1.5213983058929443 357
1.5331757068634033 357
1.5411982536315918 357
1.5512046813964844 357
1.5603394508361816 357
1.5707037448883057 357
1.578934907913208 357
1.5878262519836426 357
1.5977256298065186 357
1.6068134307861328 357
1.616828441619873 357
1.6278307437896729 357
1.6588680744171143 357
1.6882991790771484 355
1.7188429832458496 354
1.749044418334961 356
1.759739875793457 358
1.7698655128479004 359
1.778548240661621 359
1.7876756191253662 358
1.7964379787445068 357
1.8049278259277344 356
1.8131418228149414 355
1.8309834003448486 355
1.850639820098877 358
1.8716225624084473 359
1.8946537971496582 357
1.9020190238952637 355
1.9109303951263428 354
1.9195761680603027 353
1.92987060546875 353
1.9397759437561035 354
1.9479551315307617 355
1.9573166370391846 356
1.9658195972442627 357
1.9751832485198975 356
1.983520746231079 355
1.9920094013214111 354
2.0012307167053223 354
2.011134386062622 354
2.020430326461792 355
2.0366158485412598 355
2.0658397674560547 355
2.0815696716308594 355
2.0994012355804443 355
2.1089069843292236 355
2.117932081222534 355
2.12741756439209 355
2.1368956565856934 355
2.14601731300354 355
2.1553585529327393 355
2.1636242866516113 354
2.1716208457946777 354
2.181084394454956 355
2.1903698444366455 355
2.198857307434082 355
2.2142796516418457 355
2.236781358718872 354
2.256460428237915 353
2.274329900741577 354
2.2844839096069336 355
2.291843891143799 355
2.3006577491760254 355
2.3094801902770996 355
2.3197362422943115 354
2.3308730125427246 354
2.339169502258301 353
2.3475687503814697 353
2.3568625450134277 354
2.3652679920196533 354
2.3735101222991943 354
2.3832008838653564 354
2.3909852504730225 353
2.4057178497314453 353
2.4267737865448 354
2.4591662883758545 356
2.469090700149536 356
2.4775338172912598 356
2.487337589263916 355
2.4958336353302 353
2.5046815872192383 353
2.5149993896484375 353
2.523547887802124 353
2.533963441848755 353
2.541585683822632 353
2.550673246383667 353
2.558903694152832 353
2.5671985149383545 353
2.575662851333618 353
2.585972309112549 353
2.594468593597412 353
2.6017966270446777 353
2.61680006980896 353
2.6393303871154785 353
2.659560441970825 353
2.6778252124786377 353
2.6880598068237305 353
2.696723461151123 353
2.7051591873168945 353
2.713324785232544 353
2.7220370769500732 353
2.733386993408203 353
2.7419626712799072 353
2.75134015083313 352
2.759742021560669 352
2.768516778945923 352
2.776820659637451 353
2.7856431007385254 353
2.7950451374053955 353
2.803224563598633 353
2.8110413551330566 352
2.8207898139953613 352
2.8298697471618652 351
2.8604416847229004 356
2.881696939468384 359
2.9009368419647217 357
2.9104549884796143 355
2.9191715717315674 353
2.929020643234253 351
2.937546730041504 351
2.948981523513794 351
2.957287073135376 351
2.9657418727874756 352
2.97436785697937 353
2.9832615852355957 353
2.991837739944458 352
3.0005743503570557 351
3.0090017318725586 351
3.017582893371582 351
3.026782512664795 351
3.036057233810425 352
3.0463693141937256 352
3.0546767711639404 353
3.0620057582855225 353
3.0770955085754395 352
3.0980303287506104 351
3.117978572845459 353
3.1377382278442383 354
3.1479413509368896 354
3.15671706199646 353
3.165039539337158 353
3.173241138458252 351
3.1816203594207764 351
3.1914751529693604 351
3.2009613513946533 351
3.2092695236206055 352
3.2185661792755127 352
3.227033853530884 352
3.2371294498443604 351
3.2471437454223633 351
3.259716749191284 351
3.2679290771484375 351
3.276698350906372 351
3.2911956310272217 351
3.300663709640503 351
3.3098104000091553 351
3.3363077640533447 351
3.35478138923645 351
3.3695356845855713 351
3.3789823055267334 351
3.387352705001831 351
3.3967437744140625 351
3.406623601913452 351
3.415339469909668 351
3.4236364364624023 351
3.4336581230163574 351
3.441460371017456 351
3.4513590335845947 351
3.4597129821777344 351
3.4678730964660645 351
3.476936101913452 351
3.485377550125122 351
3.4936015605926514 351
3.5090725421905518 351
3.5347445011138916 351
3.549778461456299 350
3.569009304046631 350
3.5778589248657227 349
3.586660861968994 349
3.5948987007141113 350
3.604543447494507 350
3.6133246421813965 351
3.6230406761169434 350
3.6317856311798096 349
3.641026258468628 349
3.6555464267730713 350
3.6636927127838135 350
3.6717209815979004 351
3.6812031269073486 351
3.7055861949920654 348
3.730421781539917 346
3.7525811195373535 348
3.767627000808716 351
3.780327081680298 353
3.7916977405548096 353
3.8036696910858154 352
3.817613124847412 350
3.830615282058716 349
3.838893175125122 348
3.848776340484619 349
3.8578569889068604 349
3.8665833473205566 349
3.8752269744873047 349
3.883481740951538 349
3.891386032104492 349
3.8997139930725098 349
3.9236886501312256 349
3.9410507678985596 349
3.9649388790130615 349
3.9769959449768066 349
3.9853687286376953 349
3.993626594543457 349
4.001433372497559 349
4.011525869369507 349
4.020402193069458 349
4.031033992767334 349
4.039331912994385 349
4.047921180725098 349
4.0600080490112305 349
4.069532632827759 349
4.078563213348389 349
4.087100028991699 349
4.095398664474487 349
4.1036317348480225 349
4.1135029792785645 349
4.121329069137573 349
4.130711555480957 349
4.138981580734253 349
4.148057460784912 349
4.1648523807525635 349
4.188743591308594 348
4.21038818359375 349
4.223391771316528 349
4.232030630111694 349
4.2413952350616455 349
4.249731779098511 348
4.258773565292358 348
4.267988204956055 348
4.285111665725708 348
4.293387413024902 348
4.301257371902466 348
4.310543775558472 348
4.319761276245117 348
4.33039402961731 347
4.339719295501709 347
4.349046230316162 347
4.357790231704712 348
4.3672568798065186 348
4.37671160697937 348
4.38511848449707 347
4.398863792419434 347
4.41849684715271 349
4.441133260726929 351
4.464999437332153 351
4.475376129150391 349
4.483702182769775 347
4.491711616516113 346
4.501403570175171 345
4.513268947601318 345
4.521896600723267 346
4.531540155410767 347
4.541030168533325 348
4.549386024475098 347
4.557637453079224 347
4.567059278488159 347
4.576996564865112 347
4.585310220718384 347
4.5935423374176025 347
4.601352691650391 347
4.610607862472534 347
4.63775634765625 347
4.657930612564087 347
4.677295684814453 347
4.687295913696289 347
4.69592547416687 347
4.704850673675537 347
4.712660789489746 347
4.720901727676392 347
4.730999231338501 347
4.741142272949219 347
4.749723672866821 347
4.757909059524536 347
4.767093896865845 347
4.77728271484375 347
4.785781383514404 347
4.794514417648315 347
4.8018574714660645 347
4.810972690582275 347
4.819278001785278 347
4.82945990562439 347
4.8385748863220215 347
4.847090721130371 347
4.866468191146851 347
4.8912270069122314 347
4.917133331298828 346
4.926958084106445 346
4.937294244766235 345
4.945817947387695 345
4.954352140426636 346
4.961755990982056 347
4.9732537269592285 347
4.981936454772949 346
4.991193532943726 345
4.999492168426514 345
