0 0
0.03312945365905762 0
0.09518122673034668 0
0.15123844146728516 1
0.22283315658569336 25
0.2734947204589844 59
0.31562232971191406 88
0.3457028865814209 112
0.3833918571472168 139
0.4039454460144043 158
0.4251596927642822 169
0.4644017219543457 201
0.48343801498413086 218
0.5028116703033447 233
0.5158288478851318 244
0.5245556831359863 251
0.5329573154449463 257
0.541405200958252 265
0.551781177520752 274
0.5619485378265381 282
0.5713262557983398 290
0.5809991359710693 297
0.5893957614898682 305
0.597672700881958 311
0.6056020259857178 317
0.6165812015533447 325
0.6251425743103027 328
0.6335337162017822 333
0.642505407333374 336
0.6516592502593994 340
0.6604845523834229 342
0.6707181930541992 344
0.6797645092010498 345
0.6882939338684082 347
0.6956827640533447 349
0.7045316696166992 351
0.7149512767791748 353
0.7232718467712402 353
0.7315740585327148 353
0.7404031753540039 354
0.7493805885314941 355
0.7576258182525635 357
0.7683556079864502 357
0.7757048606872559 357
0.7848286628723145 356
0.7932829856872559 356
0.8017053604125977 357
0.8104875087738037 357
0.8210170269012451 358
0.829383373260498 358
0.8376269340515137 357
0.8507459163665771 357
0.8593175411224365 357
0.8698959350585938 358
0.8819422721862793 359
0.8906135559082031 360
0.8989896774291992 359
0.9071898460388184 359
0.9170689582824707 359
0.9255578517913818 359
0.9339644908905029 359
0.9419851303100586 359
0.9513003826141357 359
0.9597694873809814 359
0.9699258804321289 359
0.9790785312652588 359
0.9872927665710449 359
0.9951169490814209 359
1.0034034252166748 359
1.0125117301940918 359
1.0216517448425293 359
1.0303893089294434 359
1.0388331413269043 359
1.0476794242858887 359
1.0555086135864258 359
1.0674796104431152 359
1.0772852897644043 359
1.0851356983184814 359
1.0934653282165527 359
1.102745771408081 359
1.1120319366455078 359
1.12154221534729 359
1.1306374073028564 359
1.1399176120758057 359
1.1507513523101807 359
1.1591768264770508 359
1.1684553623199463 359
1.178633213043213 359
1.1859443187713623 359
1.1946280002593994 359
1.2032785415649414 359
1.212914228439331 359
1.2232120037078857 359
1.2319860458374023 359
1.2447757720947266 358
1.2532422542572021 358
1.2635235786437988 358
1.274625539779663 359
1.2838337421417236 359
1.293201208114624 359
1.3027398586273193 358
1.3115615844726562 357
1.3207838535308838 357
1.3299555778503418 358
1.339188575744629 359
1.3485467433929443 359
1.3558738231658936 359
1.3654954433441162 358
1.375631332397461 357
1.384450912475586 357
1.3927690982818604 358
1.4013118743896484 359
1.4106030464172363 359
1.4188604354858398 359
1.428314447402954 358
1.4356930255889893 358
1.445173740386963 357
1.453446865081787 358
1.4639530181884766 359
1.472529411315918 359
1.4822936058044434 358
1.4910006523132324 357
1.4993395805358887 356
1.5085301399230957 356
1.5158536434173584 356
1.5246789455413818 357
1.5343167781829834 358
1.5437967777252197 358
1.5519025325775146 357
1.5611822605133057 357
1.5716700553894043 356
1.58189058303833 357
1.5906641483306885 357
1.5989229679107666 358
1.607473611831665 358
1.6153233051300049 357
1.6242241859436035 357
1.6333744525909424 357
1.6475036144256592 357
1.6553955078125 356
1.6651256084442139 356
1.6745178699493408 357
1.683826208114624 357
1.691972255706787 357
1.7007067203521729 357
1.709416389465332 357
1.7176363468170166 357
1.7253999710083008 357
1.7349152565002441 357
1.744675636291504 356
1.7532546520233154 356
1.7618145942687988 357
1.7712433338165283 357
1.7810683250427246 357
1.7893550395965576 357
1.7975499629974365 357
1.8060028553009033 356
1.8147616386413574 356
1.8231799602508545 356
1.8326280117034912 357
1.8425214290618896 357
1.8508710861206055 357
1.859177827835083 356
1.8770978450775146 355
1.8865704536437988 355
1.8949577808380127 356
1.903536319732666 357
1.9129462242126465 357
1.923051357269287 356
1.9317638874053955 355
1.9417212009429932 355
1.9504189491271973 355
1.9590940475463867 356
1.9686980247497559 357
1.9784972667694092 357
1.9888086318969727 356
1.997133731842041 355
2.0056862831115723 355
2.0158212184906006 355
2.0244903564453125 356
2.0328962802886963 357
2.0476670265197754 357
2.057117223739624 355
2.0665762424468994 354
2.075692653656006 353
2.0844812393188477 353
2.0937325954437256 354
2.1019325256347656 355
2.1111748218536377 355
2.1197636127471924 355
2.127988338470459 355
2.137458562850952 355
2.14540958404541 355
2.154548168182373 355
2.1636428833007812 355
2.1725897789001465 355
2.1825263500213623 355
2.1953113079071045 356
2.2080070972442627 355
2.219294786453247 354
2.231196165084839 353
2.2442431449890137 355
2.255786895751953 356
2.28080415725708 357
2.2958569526672363 354
2.305276870727539 352
2.3137645721435547 351
2.3219456672668457 351
2.3305912017822266 351
2.3394153118133545 353
2.348968029022217 353
2.357701063156128 355
2.367455244064331 355
2.375917911529541 354
2.3847360610961914 353
2.394239664077759 353
2.403104782104492 354
2.4114432334899902 355
2.420506238937378 355
2.4288296699523926 355
2.437701463699341 354
2.451599359512329 354
2.460829019546509 354
2.4714953899383545 354
2.4802908897399902 355
2.4892690181732178 355
2.5003819465637207 354
2.5093746185302734 353
2.517925500869751 353
2.525570869445801 354
2.5350944995880127 355
2.544870615005493 355
2.5532310009002686 354
2.562737226486206 353
2.572474956512451 353
2.580846071243286 354
2.589214324951172 355
2.5990705490112305 355
2.6084423065185547 355
2.61576509475708 355
2.62441349029541 355
2.6328284740448 354
2.641491651535034 354
2.651043176651001 354
2.6596391201019287 354
2.6702983379364014 354
2.6785287857055664 354
2.6858394145965576 354
2.694498300552368 354
2.704432487487793 354
2.712730884552002 354
2.721196413040161 354
2.7294082641601562 354
2.7385764122009277 354
2.745821714401245 354
2.755236864089966 354
2.7650668621063232 354
2.7737627029418945 354
2.782033681869507 354
2.7908124923706055 354
2.800734758377075 354
2.809020519256592 354
2.8171989917755127 354
2.825011968612671 354
2.8343539237976074 354
2.8427727222442627 354
2.8556623458862305 354
2.865325450897217 354
2.8744421005249023 354
2.8828237056732178 354
2.8911938667297363 354
2.9010720252990723 354
2.9093594551086426 354
2.9176440238952637 354
2.9255640506744385 354
2.934663772583008 354
2.942909002304077 354
2.951866388320923 354
2.9606595039367676 354
2.9712045192718506 354
2.979682683944702 354
2.987910747528076 354
2.995514154434204 354
3.0071637630462646 354
3.0149786472320557 354
3.0233805179595947 354
3.0325021743774414 354
3.0408639907836914 354
3.0493063926696777 354
3.0588598251342773 354
3.06902813911438 354
3.078371286392212 354
3.0857393741607666 354
3.09442400932312 354
3.1043591499328613 353
3.1128106117248535 353
3.121151924133301 353
3.1296334266662598 354
3.1390812397003174 354
3.1473441123962402 354
3.155967950820923 353
3.1660332679748535 353
3.1752583980560303 352
3.1838064193725586 353
3.1919403076171875 353
3.201223134994507 353
3.210634231567383 353
3.2195334434509277 354
3.2276387214660645 354
3.2360408306121826 353
3.2449193000793457 353
3.2597877979278564 354
3.2698068618774414 355
3.278517007827759 355
3.2871031761169434 354
3.2951080799102783 353
3.3043763637542725 352
3.3137900829315186 353
3.322528123855591 353
3.331294298171997 354
3.339874029159546 355
3.348400831222534 354
3.3557510375976562 353
3.3659191131591797 353
3.374666452407837 353
3.383206367492676 353
3.391491174697876 353
3.4005308151245117 353
3.409881591796875 354
3.41849422454834 354
3.425835132598877 353
3.43507981300354 353
3.4437108039855957 352
3.451885938644409 353
3.461724042892456 353
3.4714388847351074 353
3.4799017906188965 353
3.4889893531799316 353
3.4976260662078857 352
3.5056655406951904 351
3.5185163021087646 351
3.5258374214172363 352
3.5353071689605713 353
3.5437536239624023 354
3.551955223083496 353
3.561681032180786 352
3.57145357131958 351
3.580012798309326 351
3.588587999343872 352
3.598041296005249 353
3.605680227279663 353
3.6152591705322266 353
3.6279284954071045 352
3.6365628242492676 351
3.6449522972106934 352
3.658034563064575 353
3.668628692626953 353
3.67596697807312 353
3.684911012649536 352
3.6933631896972656 351
3.702955484390259 351
3.7112181186676025 351
3.720595359802246 352
3.7352840900421143 353
3.7438530921936035 353
3.7520008087158203 353
3.7606723308563232 352
3.7715792655944824 351
3.7804646492004395 351
3.788788318634033 351
3.797447443008423 352
3.805537223815918 353
3.8143861293792725 353
3.82350754737854 352
3.832998037338257 351
3.8413538932800293 350
3.8499341011047363 351
3.8637313842773438 352
3.87308669090271 352
3.8813700675964355 351
3.8907177448272705 350
3.899749279022217 350
3.9083261489868164 350
3.9156463146209717 351
3.925459623336792 351
3.934523344039917 352
3.9427733421325684 351
3.9511327743530273 351
3.959707736968994 351
3.9707446098327637 351
3.979249954223633 351
3.9875266551971436 351
3.99727725982666 351
4.00509786605835 351
4.013420104980469 351
4.02442741394043 351
4.032922983169556 351
4.041353940963745 351
4.053994655609131 351
4.064227819442749 351
4.073452949523926 351
4.081817150115967 351
4.090600967407227 351
4.100486516952515 351
4.108811140060425 351
4.116594314575195 351
4.127175569534302 351
4.134982347488403 351
4.143275737762451 351
4.151556968688965 351
4.161156892776489 351
4.170565366744995 351
4.179940938949585 351
4.1884167194366455 351
4.197430849075317 351
4.205266237258911 351
4.213689088821411 351
4.222275018692017 351
4.232538938522339 351
4.240924119949341 351
4.249236583709717 351
4.257474899291992 351
4.27055811882019 351
4.283654451370239 351
4.295813083648682 351
4.308529615402222 351
4.3199262619018555 351
4.333028316497803 351
4.344644784927368 351
4.355522155761719 351
4.36570143699646 350
4.374398708343506 350
4.383549451828003 350
4.392861843109131 350
4.4013965129852295 351
4.411319017410278 350
4.419966697692871 349
4.429905414581299 349
4.4384543895721436 349
4.445785284042358 349
4.459769248962402 350
4.46971583366394 351
4.4796624183654785 350
4.488282203674316 349
4.497148036956787 349
4.505406379699707 349
4.513770580291748 349
4.522321701049805 349
4.5344078540802 349
4.543151140213013 350
4.551435947418213 350
4.56069803237915 349
4.570376396179199 349
4.578809499740601 349
4.5879967212677 349
4.596569776535034 349
4.60478949546814 349
4.613695859909058 349
4.621833086013794 349
4.6319520473480225 349
4.640707015991211 349
4.648998022079468 349
4.6574671268463135 349
4.665998220443726 349
4.674628019332886 349
4.683935880661011 349
4.693022966384888 349
4.701462030410767 349
4.7107093334198 349
4.718969345092773 349
4.727897644042969 349
4.737170219421387 349
4.745176076889038 349
4.753484487533569 349
4.763713121414185 349
4.771880865097046 349
4.780548810958862 349
4.790622711181641 349
4.798959732055664 349
4.8071489334106445 349
4.815509080886841 349
4.824822187423706 349
4.83315634727478 349
4.84256386756897 349
4.85455060005188 349
4.86539888381958 349
4.874305725097656 349
4.882917642593384 349
4.8927226066589355 349
4.903555870056152 349
4.915163993835449 349
4.924475908279419 349
4.932776689529419 349
4.942021131515503 349
4.950664281845093 349
4.961819648742676 349
4.970993995666504 349
4.979372978210449 349
4.989299774169922 349
4.9975197315216064 349
