0 0
0.01244211196899414 0
0.027601957321166992 0
0.0488133430480957 2
0.06540799140930176 7
0.08166718482971191 13
0.09091663360595703 17
0.09929466247558594 21
0.10854125022888184 25
0.11764192581176758 29
0.12627148628234863 32
0.13531923294067383 36
0.14375782012939453 39
0.15268325805664062 41
0.16112017631530762 45
0.16940522193908691 48
0.17860960960388184 51
0.18822216987609863 54
0.19675946235656738 57
0.2057478427886963 60
0.21435832977294922 62
0.22284841537475586 64
0.23114681243896484 68
0.24765634536743164 73
0.2565786838531494 74
0.26486635208129883 77
0.2729666233062744 78
0.2824873924255371 83
0.29196715354919434 86
0.300234317779541 88
0.3090555667877197 91
0.3181781768798828 94
0.3264443874359131 96
0.3360319137573242 99
0.34618711471557617 102
0.35352492332458496 104
0.3622426986694336 106
0.3704946041107178 108
0.37931323051452637 112
0.38891172409057617 114
0.39751315116882324 118
0.40609240531921387 120
0.41565918922424316 122
0.4232807159423828 124
0.43170666694641113 126
0.4485170841217041 131
0.4715409278869629 134
0.5076982975006104 138
0.5395586490631104 150
0.5782487392425537 164
0.6033148765563965 172
0.645287275314331 170
0.6781768798828125 172
0.7048015594482422 180
0.7212677001953125 187
0.7426762580871582 193
0.7605490684509277 197
0.7774271965026855 197
0.7974808216094971 198
0.8183267116546631 202
0.8349394798278809 209
0.8561801910400391 212
0.8677387237548828 214
0.8803484439849854 214
0.8922882080078125 216
0.9074678421020508 220
0.9187591075897217 223
0.9308404922485352 224
0.9467136859893799 225
0.9551272392272949 225
0.9632968902587891 226
0.9721016883850098 228
0.9810867309570312 230
0.989445686340332 231
1.000636100769043 233
1.0093486309051514 234
1.0180413722991943 234
1.0269031524658203 235
1.035132646560669 236
1.0500233173370361 240
1.0587682723999023 241
1.0673532485961914 243
1.0769305229187012 243
1.085252046585083 244
1.093071699142456 244
1.1025855541229248 246
1.1114041805267334 247
1.1196637153625488 248
1.128833293914795 249
1.1373319625854492 250
1.14736008644104 252
1.15678071975708 252
1.1651585102081299 252
1.1734745502471924 254
1.1822867393493652 255
1.19059419631958 256
1.198906660079956 257
1.2089920043945312 258
1.2174670696258545 259
1.225703477859497 260
1.2332735061645508 260
1.24308443069458 261
1.2525129318237305 262
1.2607979774475098 263
1.2691679000854492 264
1.278395414352417 265
1.2866079807281494 265
1.2948176860809326 266
1.3036353588104248 268
1.3127117156982422 268
1.3210246562957764 269
1.329319715499878 270
1.3389689922332764 271
1.3483595848083496 272
1.3580601215362549 272
1.366384506225586 272
1.375112533569336 274
1.382944107055664 274
1.3914165496826172 276
1.3995695114135742 276
1.4095485210418701 277
1.4183504581451416 277
1.4268078804016113 278
1.4359750747680664 279
1.4513988494873047 281
1.460972785949707 282
1.469315767288208 282
1.4784729480743408 282
1.4867210388183594 282
1.4949073791503906 284
1.5028564929962158 285
1.5160491466522217 286
1.5234217643737793 286
1.5321004390716553 286
1.5421648025512695 287
1.5505125522613525 288
1.559676170349121 290
1.5684027671813965 290
1.5774726867675781 291
1.5857532024383545 290
1.5934267044067383 290
1.6022186279296875 291
1.6124029159545898 292
1.6206581592559814 293
1.62892484664917 294
1.6384272575378418 294
1.6477398872375488 294
1.6562981605529785 294
1.6652610301971436 295
1.673705816268921 296
1.6823456287384033 297
1.6908295154571533 297
1.6991450786590576 297
1.7089295387268066 298
1.7175183296203613 298
1.7260777950286865 299
1.7334203720092773 300
1.7436962127685547 300
1.752403736114502 300
1.761568307876587 300
1.7707750797271729 301
1.7792174816131592 302
1.7876965999603271 303
1.7961843013763428 303
1.8051173686981201 303
1.8136413097381592 303
1.82240629196167 303
1.8306221961975098 304
1.840273380279541 306
1.8533964157104492 306
1.862959384918213 306
1.8730168342590332 306
1.882544755935669 306
1.8907992839813232 306
1.899202585220337 308
1.9093337059020996 308
1.9188880920410156 308
1.9272313117980957 308
1.936237096786499 309
1.9463868141174316 310
1.95632004737854 310
1.966238021850586 310
1.9749279022216797 310
1.9826774597167969 311
1.9910244941711426 311
2.002187728881836 312
2.012890100479126 312
2.022501230239868 313
2.030820608139038 313
2.0402777194976807 314
2.0496039390563965 313
2.0583324432373047 312
2.068509817123413 312
2.0769426822662354 314
2.085329055786133 315
2.093174457550049 316
2.102184295654297 316
2.1104626655578613 316
2.1195905208587646 315
2.1282405853271484 315
2.1374940872192383 316
2.1465587615966797 316
2.155337333679199 317
2.163163900375366 317
2.1732139587402344 317
2.181570053100586 317
2.1897523403167725 318
2.1985740661621094 318
2.2080352306365967 318
2.216318368911743 318
2.2253265380859375 318
2.233718156814575 318
2.2475361824035645 320
2.2569055557250977 320
2.2666709423065186 319
2.2926268577575684 319
2.3089444637298584 321
2.3197309970855713 323
2.32865834236145 324
2.337714672088623 324
2.3470280170440674 324
2.3564493656158447 324
2.366044521331787 324
2.376471757888794 325
2.38517427444458 325
2.3929994106292725 324
2.402341604232788 324
2.4105873107910156 324
2.418900966644287 325
2.4283769130706787 326
2.4374470710754395 325
2.4471218585968018 325
2.4553205966949463 325
2.463510751724243 326
2.47343111038208 326
2.482121706008911 326
2.4902994632720947 326
2.4992477893829346 327
2.508685827255249 327
2.517449140548706 327
2.526615619659424 326
2.5357279777526855 326
2.544912338256836 327
2.552696466445923 327
2.562023401260376 328
2.5705387592315674 327
2.57961106300354 327
2.5882620811462402 326
2.59674334526062 327
2.6056900024414062 328
2.6133058071136475 328
2.6221680641174316 328
2.6320910453796387 328
2.641023635864258 328
2.653202772140503 328
2.661695718765259 328
2.670959234237671 328
2.6835532188415527 329
2.692246437072754 329
2.7011587619781494 330
2.709534168243408 329
2.718247175216675 328
2.727623462677002 328
2.736739158630371 329
2.7462270259857178 330
2.753547191619873 331
2.7622334957122803 330
2.7716403007507324 330
2.7809789180755615 330
2.7892041206359863 330
2.79845929145813 330
2.8066582679748535 330
2.8148674964904785 330
2.8226664066314697 331
2.832810878753662 331
2.8421053886413574 331
2.8502819538116455 330
2.858833074569702 330
2.8686683177948 330
2.8769257068634033 331
2.8862874507904053 332
2.893582344055176 332
2.902726650238037 332
2.9109959602355957 331
2.9221277236938477 331
2.9359629154205322 332
2.9483420848846436 332
2.9596402645111084 333
2.972538471221924 332
2.9865660667419434 332
2.9985127449035645 332
3.009673595428467 332
3.019749879837036 332
3.0296590328216553 333
3.0394699573516846 333
3.0528032779693604 333
3.0621628761291504 332
3.0709331035614014 332
3.079270601272583 332
3.0888359546661377 332
3.097642183303833 333
3.106482744216919 333
3.114304780960083 333
3.1226279735565186 332
3.1315598487854004 332
3.1420865058898926 332
3.1504104137420654 333
3.158881902694702 334
3.168104887008667 333
3.176820755004883 333
3.1863441467285156 332
3.194904088973999 332
3.202697515487671 333
3.2110211849212646 334
3.2194173336029053 334
3.2287003993988037 333
3.2382700443267822 332
3.247436046600342 331
3.2556891441345215 332
3.2636771202087402 332
3.272345781326294 333
3.281240463256836 333
3.290583372116089 333
3.2993667125701904 332
3.308055877685547 332
3.316290855407715 332
3.323608636856079 333
3.332887649536133 333
3.3432066440582275 333
3.351515054702759 332
3.3606436252593994 332
3.3688981533050537 333
3.3774704933166504 334
3.3872671127319336 334
3.3966894149780273 333
3.4049980640411377 332
3.4128222465515137 331
3.421100616455078 331
3.429732084274292 332
3.439161777496338 332
3.453198194503784 332
3.4627277851104736 331
3.4711265563964844 331
3.479484796524048 330
3.4894237518310547 330
3.498751640319824 331
3.5073375701904297 332
3.5160064697265625 332
3.523446559906006 332
3.5334956645965576 331
3.5436840057373047 331
3.552279233932495 332
3.5613670349121094 332
3.5695297718048096 332
3.5782668590545654 332
3.5870556831359863 331
3.596931219100952 331
3.605153799057007 331
3.6129021644592285 331
3.621149778366089 332
3.6300363540649414 332
3.6385421752929688 332
3.6484782695770264 331
3.6632955074310303 332
3.6720523834228516 333
3.6804776191711426 333
3.6892285346984863 333
3.699498414993286 332
3.7082693576812744 332
3.7165660858154297 332
3.7250750064849854 332
3.7328743934631348 332
3.7422473430633545 332
3.751399517059326 332
3.760528326034546 332
3.7689545154571533 332
3.7773520946502686 332
3.785411834716797 332
3.7962942123413086 332
3.803602933883667 332
3.8122799396514893 332
3.8206379413604736 332
3.829371929168701 332
3.8380324840545654 332
3.8575968742370605 332
3.8662493228912354 332
3.8735764026641846 332
3.8825013637542725 332
3.892007827758789 332
3.9033782482147217 332
3.913026809692383 332
3.9213805198669434 332
3.9305481910705566 332
3.9389798641204834 332
3.9490838050842285 332
3.958909749984741 332
3.9676601886749268 332
3.9761321544647217 332
3.983469247817993 332
3.993241786956787 332
4.002960920333862 332
4.011229991912842 332
4.019418239593506 332
4.028871774673462 332
4.037250518798828 332
4.046437501907349 332
4.056359052658081 332
4.0637125968933105 332
4.072399616241455 332
4.080619812011719 332
4.089555978775024 332
4.098709344863892 332
4.108201026916504 332
4.116732597351074 332
4.125363826751709 332
4.133145093917847 332
4.142439842224121 332
4.1520116329193115 332
4.160952806472778 332
4.1691575050354 332
4.178013801574707 332
4.186243295669556 332
4.195138454437256 332
4.204997301101685 332
4.212803363800049 332
4.221071481704712 332
4.229722023010254 332
4.238529920578003 332
4.24772834777832 332
4.261211633682251 332
4.269545078277588 332
4.278278112411499 332
4.286680221557617 332
4.295334339141846 332
4.305354118347168 332
4.313145160675049 332
4.322418212890625 332
4.330677032470703 332
4.338940620422363 332
4.348093271255493 332
4.357661962509155 332
4.366180181503296 332
4.373493671417236 332
4.382166624069214 332
4.390969514846802 332
4.399213790893555 332
4.409021377563477 332
4.417596101760864 332
4.426558017730713 332
4.434740781784058 332
4.443708419799805 332
4.452340364456177 332
4.462411403656006 332
4.472744941711426 332
4.481274366378784 332
4.490455865859985 332
4.498720645904541 332
4.508237361907959 332
4.5165040493011475 332
4.525135040283203 332
4.532956838607788 332
4.542528390884399 332
4.550936460494995 332
4.561107397079468 332
4.569315671920776 332
4.578001499176025 332
4.586727142333984 332
4.59488582611084 332
4.602830171585083 332
4.612686634063721 332
4.6220152378082275 332
4.630239963531494 332
4.638576030731201 332
4.6480278968811035 332
4.662156820297241 332
4.670553922653198 332
4.679086446762085 332
4.688159942626953 332
4.696443319320679 331
4.704308748245239 331
4.713749170303345 332
4.723322868347168 332
4.732065439224243 332
4.740530967712402 332
4.749370813369751 332
4.758395671844482 331
4.767688274383545 331
4.776291370391846 330
4.783608913421631 331
4.792894124984741 331
4.80122709274292 331
4.809594631195068 331
4.819593906402588 330
4.828274488449097 330
4.842508792877197 330
4.850806951522827 330
4.859554052352905 330
4.869020700454712 330
4.877470254898071 330
4.886267900466919 330
4.893561124801636 330
4.902407884597778 330
4.910667419433594 330
4.921088695526123 329
4.929356813430786 329
4.938230037689209 329
4.947476387023926 329
4.956806182861328 329
4.966191291809082 329
4.973558664321899 329
4.983246564865112 329
4.9921958446502686 329
