0 0
0.014050483703613281 0
0.030802488327026367 0
0.05181074142456055 2
0.07155394554138184 7
0.09199738502502441 15
0.10080862045288086 20
0.10997748374938965 25
0.11826395988464355 30
0.12624502182006836 35
0.13638019561767578 41
0.14609432220458984 46
0.154557466506958 53
0.16276049613952637 58
0.17191386222839355 64
0.1804964542388916 71
0.18924355506896973 77
0.1986997127532959 84
0.2073068618774414 90
0.2156233787536621 96
0.22404003143310547 104
0.2327098846435547 110
0.24317336082458496 118
0.25196003913879395 124
0.26050686836242676 132
0.2695004940032959 138
0.2778177261352539 144
0.2857551574707031 151
0.2954285144805908 159
0.3044884204864502 167
0.31313157081604004 173
0.3216891288757324 181
0.331784725189209 188
0.3412165641784668 196
0.35071229934692383 204
0.35952210426330566 210
0.3691706657409668 219
0.37659454345703125 226
0.3853592872619629 232
0.39374423027038574 238
0.40402865409851074 244
0.41233277320861816 248
0.4211156368255615 252
0.43013525009155273 258
0.4412863254547119 263
0.45134615898132324 268
0.45967793464660645 272
0.46914196014404297 276
0.4764869213104248 280
0.4906339645385742 285
0.5005917549133301 290
0.5093348026275635 294
0.5167686939239502 298
0.525414228439331 300
0.5354866981506348 304
0.5438344478607178 305
0.5535440444946289 307
0.5619592666625977 308
0.5712954998016357 311
0.5797665119171143 314
0.58799147605896 316
0.5957894325256348 318
0.6057164669036865 321
0.6142053604125977 323
0.6227102279663086 324
0.6327073574066162 326
0.6419706344604492 328
0.651599645614624 331
0.6600143909454346 333
0.6693434715270996 334
0.6766951084136963 335
0.6853682994842529 336
0.6936297416687012 338
0.7036230564117432 339
0.7119622230529785 340
0.7204320430755615 340
0.7292141914367676 340
0.7392034530639648 341
0.7466657161712646 343
0.756249189376831 344
0.765514612197876 345
0.7737932205200195 345
0.7821691036224365 345
0.7911427021026611 345
0.7998263835906982 345
0.8093385696411133 347
0.8167715072631836 348
0.8254001140594482 349
0.8357555866241455 350
0.8446295261383057 350
0.8541789054870605 350
0.8623819351196289 350
0.8716080188751221 351
0.8801348209381104 352
0.893322229385376 354
0.9023137092590332 354
0.9120850563049316 353
0.9206595420837402 352
0.9292581081390381 352
0.9398729801177979 353
0.9482541084289551 354
0.9599957466125488 356
0.9692103862762451 356
0.976654052734375 355
0.985370397567749 354
0.9936380386352539 354
1.0025105476379395 355
1.0122830867767334 356
1.0211069583892822 356
1.0301473140716553 356
1.039515495300293 356
1.0467865467071533 356
1.0554358959197998 356
1.0654621124267578 356
1.0738580226898193 357
1.0821478366851807 357
1.0906858444213867 357
1.0998892784118652 357
1.1093640327453613 358
1.116774559020996 358
1.1257493495941162 358
1.1355259418487549 357
1.144054889678955 357
1.1524131298065186 358
1.1626167297363281 358
1.1712720394134521 358
1.1794652938842773 358
1.1867690086364746 358
1.1958470344543457 358
1.204106092453003 358
1.2136869430541992 358
1.2219507694244385 358
1.2311902046203613 358
1.244781732559204 358
1.2528128623962402 358
1.2630841732025146 358
1.2716541290283203 358
1.2799639701843262 358
1.2939226627349854 358
1.3026981353759766 358
1.3121840953826904 358
1.3207595348358154 358
1.3296947479248047 358
1.3388340473175049 358
1.3474059104919434 358
1.3583760261535645 358
1.3680908679962158 358
1.3758976459503174 358
1.3841800689697266 358
1.3925437927246094 358
1.401996374130249 358
1.410421371459961 358
1.419748306274414 358
1.4280779361724854 358
1.436469316482544 358
1.4451069831848145 358
1.4540605545043945 358
1.4640977382659912 358
1.4723360538482666 358
1.480757474899292 358
1.4892287254333496 358
1.4978265762329102 358
1.5056214332580566 358
1.5152974128723145 358
1.523547887802124 358
1.5326273441314697 358
1.5418992042541504 358
1.5501387119293213 358
1.5592219829559326 358
1.569387674331665 358
1.5766575336456299 358
1.585289478302002 358
1.5940349102020264 358
1.6022670269012451 358
1.6107008457183838 358
1.6199681758880615 358
1.629382848739624 358
1.638408899307251 358
1.6461703777313232 357
1.6553492546081543 357
1.6642394065856934 358
1.6738977432250977 358
1.6821746826171875 358
1.695464849472046 358
1.7037959098815918 357
1.7123031616210938 357
1.7220039367675781 356
1.7313940525054932 356
1.740546703338623 357
1.7492833137512207 358
1.7579984664916992 358
1.7662465572357178 357
1.7757761478424072 357
1.7841684818267822 356
1.7935669422149658 356
1.8019180297851562 357
1.8105850219726562 357
1.8198840618133545 357
1.828822374343872 357
1.8391411304473877 356
1.8466055393218994 356
1.8552587032318115 356
1.8656024932861328 357
1.8753130435943604 357
1.8836042881011963 357
1.892383098602295 356
1.9012072086334229 356
1.909729242324829 356
1.9225666522979736 356
1.9356274604797363 356
1.9466583728790283 356
1.9594035148620605 356
1.9706971645355225 356
1.9827978610992432 355
1.994145154953003 356
2.002358913421631 356
2.012265920639038 356
2.0206921100616455 356
2.030829429626465 356
2.040187120437622 356
2.048403263092041 356
2.056368589401245 356
2.065775156021118 355
2.075424909591675 355
2.0836610794067383 356
2.096328020095825 356
2.105102062225342 356
2.1135995388031006 356
2.122037649154663 356
2.1319169998168945 356
2.141190528869629 356
2.1494603157043457 356
2.1582581996917725 356
2.166527509689331 356
2.1761584281921387 356
2.184776544570923 356
2.1938552856445312 356
2.2021536827087402 356
2.2105865478515625 356
2.2188329696655273 356
2.2292349338531494 356
2.238219976425171 356
2.2459845542907715 356
2.254202365875244 356
2.263415813446045 356
2.2721405029296875 356
2.2816569805145264 356
2.290560245513916 356
2.2987725734710693 356
2.3063552379608154 356
2.3152475357055664 356
2.3246469497680664 356
2.334726333618164 356
2.3428025245666504 356
2.351665735244751 356
2.3606996536254883 356
2.3694522380828857 356
2.3813159465789795 356
2.3900070190429688 356
2.3982388973236084 356
2.406024694442749 356
2.414538860321045 356
2.423748731613159 356
2.4332833290100098 356
2.4422998428344727 356
2.450711488723755 356
2.45963978767395 356
2.4674417972564697 356
2.476292610168457 356
2.4858057498931885 356
2.4992239475250244 356
2.5065364837646484 356
2.5153815746307373 356
2.524228572845459 355
2.5347654819488525 355
2.543078660964966 355
2.5514705181121826 355
2.560520887374878 356
2.5691659450531006 356
2.577934741973877 355
2.5865843296051025 355
2.5957765579223633 355
2.6040494441986084 356
2.6124203205108643 356
2.6215620040893555 355
2.6299972534179688 354
2.640317916870117 354
2.6484179496765137 355
2.6578903198242188 356
2.665769100189209 356
2.674028158187866 356
2.6827001571655273 355
2.692603826522827 354
2.701369285583496 354
2.709770679473877 354
2.717947006225586 354
2.72635555267334 354
2.7363595962524414 354
2.7447702884674072 354
2.752791404724121 354
2.761779546737671 354
2.77016282081604 354
2.7783472537994385 354
2.7883942127227783 354
2.79618763923645 354
2.80452299118042 354
2.8126158714294434 354
2.8219103813171387 354
2.8305435180664062 354
2.841391086578369 354
2.8496479988098145 354
2.8584768772125244 354
2.8662869930267334 354
2.874563694000244 354
2.8846347332000732 354
2.8995981216430664 354
2.907411813735962 354
2.915670871734619 354
2.924342632293701 354
2.932717800140381 354
2.9426841735839844 354
2.9514715671539307 354
2.960644245147705 354
2.9690792560577393 354
2.9763848781585693 354
2.9926726818084717 354
3.0115959644317627 354
3.0293869972229004 354
3.0559134483337402 354
3.0718841552734375 354
3.0806350708007812 354
3.0915699005126953 354
3.1005749702453613 354
3.10960054397583 354
3.1173222064971924 354
3.1259207725524902 354
3.1354851722717285 354
3.1446540355682373 354
3.1535825729370117 354
3.16192889213562 354
3.1701819896698 354
3.178361177444458 354
3.186704397201538 354
3.1973190307617188 354
3.2055389881134033 354
3.213785171508789 354
3.2223799228668213 354
3.242424488067627 354
3.2526814937591553 354
3.262037754058838 354
3.271268129348755 354
3.2794911861419678 354
3.2882344722747803 354
3.303319215774536 354
3.311880111694336 354
3.3212878704071045 353
3.329655408859253 353
3.3390419483184814 353
3.3481907844543457 354
3.3587422370910645 354
3.3663272857666016 354
3.3752355575561523 354
3.3904261589050293 353
3.3998711109161377 353
3.4080710411071777 354
3.4166836738586426 354
3.4258744716644287 354
3.435269832611084 354
3.4436891078948975 353
3.4537241458892822 353
3.4619626998901367 353
3.4704349040985107 354
3.4792063236236572 354
3.488065004348755 353
3.496212959289551 352
3.5056962966918945 352
3.5140438079833984 353
3.5237886905670166 354
3.53214430809021 354
3.5424180030822754 353
3.552381992340088 352
3.561189889907837 351
3.5696604251861572 351
3.5778493881225586 352
3.586538314819336 352
3.595339775085449 353
3.6045069694519043 352
3.613342523574829 352
3.6221120357513428 352
3.6305348873138428 352
3.639842987060547 352
3.6487410068511963 352
3.6579439640045166 353
3.6659152507781982 353
3.674337148666382 352
3.6836421489715576 352
3.691983461380005 352
3.7059333324432373 352
3.715426445007324 353
3.7316808700561523 352
3.741976022720337 351
3.7512340545654297 350
3.760568857192993 350
3.7690961360931396 350
3.7766146659851074 351
3.789057970046997 351
3.7964022159576416 351
3.8063416481018066 351
3.8157432079315186 352
3.8241870403289795 352
3.8345720767974854 351
3.8444814682006836 351
3.85410737991333 351
3.862370252609253 351
3.8713479042053223 352
3.87965989112854 352
3.88836669921875 351
3.896315574645996 351
3.9058241844177246 351
3.9150829315185547 351
3.9234988689422607 352
3.9318389892578125 352
3.9411911964416504 351
3.9501843452453613 350
3.959704875946045 351
3.968029737472534 352
3.976091146469116 352
3.985422372817993 352
3.9956610202789307 351
4.010513067245483 350
4.022615909576416 350
4.035481929779053 352
4.048468589782715 354
4.061366558074951 354
4.072582721710205 353
4.08527135848999 352
4.1019792556762695 351
4.112710952758789 352
4.121561527252197 353
4.130074977874756 354
4.139474630355835 353
4.148404836654663 352
4.156385898590088 351
4.166048765182495 350
4.17446231842041 351
4.183592081069946 352
4.192068338394165 352
4.20051121711731 352
4.209119558334351 351
4.2198872566223145 350
4.228109121322632 350
4.23664927482605 350
4.247362852096558 350
4.255572319030762 350
4.265445709228516 350
4.274755001068115 350
4.283669710159302 350
4.291942358016968 350
4.300319671630859 350
4.308421850204468 350
4.319182634353638 350
4.326458215713501 350
4.3359808921813965 350
4.345154047012329 350
4.355468273162842 350
4.365303993225098 350
4.373512029647827 350
4.3820860385894775 350
4.390676736831665 350
4.399203777313232 350
4.40683650970459 350
4.416763067245483 350
4.425917625427246 350
4.435374975204468 350
4.444109678268433 350
4.452483654022217 350
4.461207866668701 350
4.470418930053711 350
4.479341506958008 350
4.486631870269775 350
4.499993085861206 350
4.508244752883911 350
4.52166748046875 350
4.529973983764648 350
4.539533376693726 350
4.54813814163208 350
4.555941581726074 350
4.564198732376099 350
4.573870897293091 350
4.582777738571167 350
4.591374397277832 350
4.599639415740967 350
4.607392311096191 350
4.61823034286499 350
4.626607179641724 350
4.636159420013428 350
4.64534068107605 350
4.653698444366455 350
4.662316083908081 350
4.671818494796753 350
4.681166648864746 350
4.689614772796631 350
4.697368621826172 350
4.705587863922119 350
4.714198112487793 350
4.7239367961883545 350
4.732838869094849 350
4.742642402648926 350
4.751425743103027 350
4.759656667709351 350
4.76829195022583 350
4.778242349624634 350
4.786196231842041 350
4.794570446014404 350
4.802681922912598 350
4.811993837356567 350
4.821439743041992 350
4.830196857452393 350
4.84033203125 350
4.84950852394104 350
4.856799364089966 350
4.866478443145752 350
4.876547813415527 349
4.885353326797485 349
4.893618822097778 349
4.906395435333252 349
4.915685415267944 349
4.925271511077881 349
4.935562372207642 349
4.9443359375 349
4.952579498291016 349
4.961248874664307 349
4.969503164291382 349
4.979619026184082 349
4.987434387207031 349
4.995774984359741 349
