0 0
0.01382589340209961 0
0.037348270416259766 0
0.05542635917663574 2
0.07312822341918945 6
0.09137368202209473 13
0.10001397132873535 17
0.10851025581359863 22
0.11723661422729492 26
0.12581467628479004 31
0.13591384887695312 38
0.14928007125854492 46
0.16056156158447266 55
0.1745281219482422 63
0.18672466278076172 72
0.20040512084960938 83
0.2133932113647461 91
0.2214064598083496 97
0.23069453239440918 105
0.23957371711730957 111
0.24926090240478516 119
0.25765275955200195 125
0.26632046699523926 133
0.27515196800231934 139
0.28462696075439453 147
0.2942960262298584 155
0.3034396171569824 161
0.311769962310791 168
0.3197486400604248 174
0.32822585105895996 182
0.33771681785583496 189
0.34711456298828125 197
0.35586023330688477 203
0.365267276763916 211
0.37412166595458984 220
0.38605475425720215 228
0.39704227447509766 238
0.40561962127685547 244
0.4142906665802002 253
0.42583203315734863 261
0.4375615119934082 272
0.44814562797546387 281
0.45662522315979004 287
0.4660618305206299 295
0.47548699378967285 302
0.4847545623779297 310
0.49370884895324707 318
0.5050699710845947 325
0.5134179592132568 329
0.5213344097137451 333
0.5295774936676025 336
0.5500972270965576 345
0.5658979415893555 347
0.5743832588195801 348
0.5835247039794922 349
0.5913777351379395 350
0.6017971038818359 351
0.6096835136413574 353
0.6180362701416016 354
0.6263246536254883 355
0.635347843170166 355
0.6437110900878906 355
0.6532649993896484 355
0.6606156826019287 355
0.6698782444000244 357
0.6797573566436768 358
0.6882503032684326 358
0.6964826583862305 357
0.70664381980896 357
0.7154688835144043 357
0.7237894535064697 358
0.7323834896087646 359
0.7402644157409668 359
0.7490489482879639 359
0.7581226825714111 359
0.7672595977783203 358
0.7760007381439209 358
0.7856817245483398 359
0.7940933704376221 359
0.8039429187774658 360
0.8123536109924316 360
0.8202886581420898 359
0.8343791961669922 358
0.843034029006958 358
0.8504078388214111 359
0.8602745532989502 360
0.8700015544891357 361
0.8796036243438721 360
0.887923002243042 359
0.8974459171295166 358
0.9066367149353027 358
0.9153285026550293 359
0.9237527847290039 360
0.9332382678985596 361
0.9406814575195312 361
0.9494879245758057 360
0.9591953754425049 359
0.968062162399292 358
0.976508378982544 358
0.9872369766235352 359
0.9957239627838135 359
1.0072007179260254 359
1.0164992809295654 359
1.0252094268798828 359
1.034060001373291 359
1.042283296585083 359
1.0501248836517334 359
1.0597264766693115 359
1.0685515403747559 359
1.0779516696929932 359
1.086249828338623 359
1.095923662185669 359
1.1043612957000732 359
1.113792896270752 359
1.1219160556793213 359
1.1301352977752686 359
1.1387238502502441 359
1.1467649936676025 359
1.1553759574890137 359
1.1652424335479736 359
1.1736037731170654 359
1.182997465133667 359
1.190354585647583 359
1.199596881866455 359
1.209181308746338 359
1.2174854278564453 359
1.2301771640777588 359
1.2387347221374512 359
1.2473444938659668 359
1.2559490203857422 359
1.2657020092010498 359
1.2739591598510742 359
1.2832884788513184 359
1.2905793190002441 359
1.3001928329467773 359
1.3085949420928955 359
1.31819748878479 359
1.326469898223877 359
1.3360540866851807 359
1.3446152210235596 359
1.353102684020996 359
1.3623464107513428 359
1.370145559310913 359
1.379826545715332 359
1.388160228729248 359
1.3979697227478027 359
1.406226396560669 359
1.4157121181488037 359
1.424051284790039 359
1.4332029819488525 359
1.4405419826507568 359
1.4492368698120117 359
1.4574847221374512 359
1.4676876068115234 359
1.4759652614593506 359
1.4852368831634521 359
1.4943971633911133 359
1.503359317779541 359
1.5106697082519531 359
1.521899938583374 359
1.5303149223327637 359
1.5389645099639893 359
1.54705810546875 359
1.5555922985076904 359
1.5657670497894287 359
1.5740866661071777 359
1.5834827423095703 359
1.5912582874298096 359
1.600750207901001 359
1.609419584274292 359
1.6190822124481201 359
1.6319026947021484 359
1.6398646831512451 359
1.6482646465301514 359
1.6566166877746582 359
1.6667211055755615 359
1.6755776405334473 359
1.684514045715332 359
1.6935546398162842 359
1.701777696609497 359
1.71010160446167 359
1.7195618152618408 359
1.7290451526641846 359
1.737443447113037 359
1.745755672454834 359
1.754075527191162 359
1.763411045074463 359
1.7723543643951416 359
1.7817375659942627 359
1.789548635482788 359
1.7982571125030518 359
1.806506872177124 359
1.8151934146881104 359
1.824449062347412 359
1.8335866928100586 359
1.8418161869049072 359
1.849642276763916 359
1.8580868244171143 359
1.866748571395874 359
1.876183271408081 359
1.885319471359253 359
1.8942651748657227 359
1.9026472568511963 359
1.9106576442718506 359
1.9194495677947998 359
1.9295454025268555 359
1.9378211498260498 359
1.946068525314331 359
1.954514503479004 359
1.9635851383209229 359
1.9731826782226562 359
1.9832324981689453 359
1.9905178546905518 359
1.9996838569641113 359
2.0096797943115234 359
2.017991781234741 359
2.034715414047241 359
2.0433268547058105 359
2.0506062507629395 359
2.0597970485687256 359
2.0681350231170654 359
2.0784366130828857 359
2.0866026878356934 359
2.0959417819976807 359
2.104384422302246 359
2.1135177612304688 358
2.1218488216400146 358
2.1318392753601074 358
2.139636516571045 359
2.148111581802368 359
2.15653657913208 359
2.165789842605591 359
2.175243377685547 358
2.1843857765197754 357
2.1933367252349854 357
2.2006747722625732 358
2.2095017433166504 359
2.2198822498321533 359
2.2338414192199707 358
2.2455244064331055 357
2.256699562072754 356
2.2693734169006348 357
2.2839174270629883 359
2.2958641052246094 360
2.3044192790985107 360
2.312682867050171 360
2.320277214050293 359
2.3305251598358154 358
2.339796304702759 357
2.34824800491333 357
2.356480360031128 358
2.3657331466674805 359
2.3877782821655273 359
2.397347927093506 357
2.4059817790985107 355
2.414714813232422 354
2.4245970249176025 355
2.43949556350708 357
2.448038101196289 358
2.457534074783325 359
2.465900182723999 358
2.474270820617676 357
2.4847776889801025 357
2.495084524154663 356
2.5051958560943604 357
2.5137977600097656 357
2.522188425064087 358
2.5313727855682373 358
2.540493965148926 357
2.5491950511932373 357
2.5581772327423096 357
2.566453456878662 357
2.5753049850463867 357
2.585472822189331 357
2.5945487022399902 357
2.6030142307281494 357
2.610358953475952 357
2.6190991401672363 357
2.6285736560821533 358
2.6382334232330322 358
2.646462917327881 357
2.655304431915283 357
2.6641416549682617 357
2.6731014251708984 357
2.6820404529571533 358
2.691258430480957 358
2.69999361038208 358
2.7085604667663574 357
2.716693162918091 357
2.725306272506714 357
2.7343544960021973 358
2.7438595294952393 358
2.752092123031616 358
2.760552406311035 357
2.769505500793457 357
2.7784829139709473 357
2.7866334915161133 357
2.796508312225342 357
2.805156946182251 357
2.8135643005371094 357
2.8213298320770264 357
2.8306167125701904 357
2.8454437255859375 357
2.8538877964019775 357
2.8633086681365967 357
2.87058424949646 357
2.880126476287842 357
2.889535427093506 358
2.8991174697875977 358
2.907362699508667 357
2.9159207344055176 357
2.9244089126586914 357
2.9337170124053955 357
2.9437873363494873 357
2.9519479274749756 357
2.9597408771514893 357
2.9684431552886963 357
2.9784932136535645 357
2.9866278171539307 358
2.997312068939209 358
3.006657600402832 357
3.0154101848602295 357
3.023854970932007 357
3.0329954624176025 357
3.0424246788024902 357
3.05025053024292 357
3.0591483116149902 357
3.067812442779541 357
3.0760912895202637 357
3.085399866104126 356
3.0953891277313232 356
3.1037111282348633 357
3.1120572090148926 357
3.1201722621917725 357
3.1293833255767822 357
3.137655019760132 357
3.146726369857788 357
3.155486583709717 356
3.1644368171691895 356
3.1730411052703857 356
3.182067394256592 357
3.19004225730896 357
3.2000067234039307 357
3.208402395248413 357
3.216562509536743 357
3.22533917427063 356
3.239285469055176 357
3.248711109161377 357
3.2572760581970215 357
3.266009569168091 357
3.274718761444092 356
3.284052610397339 356
3.2923033237457275 357
3.3031115531921387 357
3.3104422092437744 357
3.3191325664520264 356
3.328101396560669 356
3.336361885070801 356
3.3453187942504883 356
3.354727029800415 357
3.3638620376586914 357
3.3720784187316895 357
3.387592315673828 356
3.39663028717041 356
3.406083345413208 356
3.415102481842041 356
3.42362904548645 357
3.4322965145111084 357
3.440167188644409 357
3.4501874446868896 356
3.4587149620056152 356
3.467970609664917 356
3.476567268371582 357
3.485856533050537 357
3.495227098464966 357
3.5044445991516113 356
3.513658046722412 356
3.5235986709594727 356
3.532372236251831 357
3.5404560565948486 357
3.5505621433258057 357
3.5592501163482666 356
3.568413734436035 355
3.5776567459106445 355
3.586299180984497 356
3.595520496368408 357
3.6050894260406494 358
3.613607406616211 358
3.621896982192993 357
3.630553960800171 357
3.6444449424743652 357
3.6539011001586914 357
3.663273334503174 357
3.6706087589263916 357
3.679992198944092 357
3.6885592937469482 356
3.6977896690368652 356
3.7071166038513184 357
3.7159464359283447 357
3.7244668006896973 357
3.7336249351501465 356
3.742013454437256 355
3.749997615814209 355
3.7604355812072754 356
3.7692222595214844 357
3.778695583343506 357
3.7870302200317383 357
3.7958450317382812 356
3.805612802505493 355
3.8140671253204346 355
3.822361469268799 355
3.8305299282073975 356
3.8395538330078125 356
3.8479316234588623 357
3.857443332672119 356
3.866328477859497 356
3.8751463890075684 355
3.88399076461792 356
3.8932292461395264 357
3.900665521621704 357
3.910222053527832 356
3.919057607650757 355
3.928058385848999 355
3.93645977973938 355
3.945202589035034 356
3.95377779006958 356
3.9644861221313477 356
3.9729812145233154 356
3.982417106628418 356
3.990213394165039 356
3.9993057250976562 355
4.008549451828003 355
4.017277240753174 356
4.0278027057647705 357
4.040094375610352 357
4.0487096309661865 356
4.057478904724121 355
4.068453311920166 354
4.077332973480225 355
4.086316823959351 355
4.09567928314209 356
4.104109525680542 356
4.113672494888306 355
4.122025728225708 354
4.13053297996521 354
4.1393883228302 355
4.147912502288818 356
4.156281232833862 356
4.166216850280762 355
4.175153970718384 355
4.184096097946167 354
4.193143129348755 355
4.20192289352417 355
4.209757328033447 356
4.2193827629089355 356
4.228196144104004 356
4.236499309539795 355
4.245345115661621 355
4.25372576713562 355
4.264054775238037 355
4.272340297698975 355
4.281800270080566 355
4.289804697036743 356
4.302167892456055 355
4.315069198608398 354
4.326425790786743 354
4.338234186172485 355
4.349830389022827 356
4.362409830093384 357
4.375634431838989 356
4.387789964675903 354
4.400694131851196 353
4.409716606140137 353
4.4193103313446045 353
4.429393768310547 354
4.443470001220703 356
4.451748609542847 357
4.460630416870117 356
4.473071813583374 355
4.482635736465454 354
4.490338087081909 354
4.500523567199707 355
4.509225845336914 356
4.518689155578613 357
4.528046131134033 356
4.538193225860596 355
4.547291040420532 355
4.555862188339233 355
4.5650904178619385 355
4.574755430221558 356
4.584710121154785 356
4.593862295150757 356
4.602127552032471 355
4.610138416290283 355
4.619785308837891 355
4.629920482635498 355
4.639300584793091 355
4.647520065307617 355
4.65588641166687 356
4.665228605270386 356
4.67539644241333 355
4.6847357749938965 354
4.693681478500366 354
4.701885938644409 354
4.70972204208374 354
4.718210935592651 355
4.72845196723938 355
4.737014532089233 355
4.745503664016724 355
4.753817319869995 354
4.7632386684417725 354
4.772281169891357 354
4.7819085121154785 355
4.789873361587524 355
4.798722505569458 355
4.807018041610718 354
4.815601587295532 354
4.825530529022217 354
4.833818435668945 354
4.846741676330566 355
4.855843544006348 355
4.865185976028442 355
4.874418020248413 354
4.883904933929443 353
4.893296957015991 353
4.90067458152771 354
4.909497976303101 355
4.9180498123168945 355
4.927897691726685 354
4.936299562454224 353
4.945175647735596 353
4.9534525871276855 354
4.962358474731445 355
4.970341444015503 356
4.983406066894531 355
4.992346286773682 354
