0 0
0.013483047485351562 0
0.03017282485961914 0
0.04927229881286621 2
0.0661158561706543 6
0.08544015884399414 13
0.0987234115600586 19
0.1073002815246582 23
0.11582326889038086 26
0.1253345012664795 28
0.1337296962738037 30
0.1429736614227295 32
0.15211176872253418 36
0.1640012264251709 39
0.17534399032592773 42
0.1874997615814209 46
0.20743799209594727 50
0.22012901306152344 54
0.2324199676513672 59
0.24440908432006836 63
0.25748515129089355 66
0.26743173599243164 66
0.2774982452392578 67
0.2858903408050537 68
0.29433679580688477 71
0.30382800102233887 74
0.3132755756378174 76
0.32216954231262207 79
0.33051085472106934 80
0.3397228717803955 82
0.34813475608825684 84
0.35768580436706543 87
0.36600661277770996 89
0.3754429817199707 91
0.38396382331848145 92
0.392331600189209 94
0.40018606185913086 97
0.41033291816711426 99
0.41979050636291504 101
0.4281308650970459 102
0.4374427795410156 104
0.4458127021789551 105
0.45531153678894043 107
0.46362924575805664 109
0.4718453884124756 111
0.47978758811950684 112
0.4881269931793213 115
0.4966392517089844 117
0.5061278343200684 119
0.5153379440307617 120
0.524646520614624 122
0.533881664276123 124
0.5421664714813232 126
0.5500073432922363 127
0.5597264766693115 128
0.569150447845459 130
0.5775115489959717 131
0.5859875679016113 132
0.5998797416687012 137
0.6096956729888916 140
0.6194064617156982 143
0.6277909278869629 144
0.6366443634033203 145
0.64544677734375 146
0.6537413597106934 147
0.6633856296539307 150
0.6722712516784668 152
0.680452823638916 154
0.6891658306121826 156
0.6979446411132812 157
0.7074410915374756 158
0.7157986164093018 160
0.7260141372680664 161
0.7355265617370605 164
0.7444782257080078 166
0.7529714107513428 166
0.7621262073516846 167
0.7704904079437256 168
0.7793402671813965 169
0.7896239757537842 172
0.7994894981384277 173
0.8090407848358154 174
0.8181469440460205 175
0.8264963626861572 176
0.8359055519104004 178
0.8443937301635742 180
0.8530452251434326 181
0.86210036277771 182
0.8705127239227295 182
0.8792784214019775 182
0.8876917362213135 183
0.8966631889343262 185
0.9054820537567139 186
0.9152326583862305 187
0.9245035648345947 188
0.9335839748382568 189
0.9417681694030762 190
0.9496631622314453 192
0.9580249786376953 194
0.9682607650756836 195
0.9766585826873779 196
0.9853310585021973 196
0.9987039566040039 198
1.0073192119598389 199
1.0170872211456299 201
1.0262126922607422 202
1.0357370376586914 203
1.0440762042999268 204
1.0523450374603271 204
1.0602378845214844 206
1.070075273513794 207
1.078563928604126 208
1.0872042179107666 209
1.0962555408477783 210
1.1047453880310059 211
1.114271640777588 212
1.1237680912017822 213
1.1330974102020264 214
1.140451431274414 214
1.1496810913085938 216
1.1581249237060547 216
1.1678953170776367 218
1.1762590408325195 219
1.1850128173828125 220
1.193744421005249 220
1.2021400928497314 221
1.2099614143371582 222
1.2202866077423096 223
1.2291128635406494 224
1.2375915050506592 224
1.2460219860076904 225
1.2544856071472168 226
1.2630667686462402 228
1.2723448276519775 229
1.2803161144256592 229
1.28975248336792 230
1.299555778503418 230
1.3079769611358643 232
1.3182275295257568 233
1.3265702724456787 234
1.3360915184020996 234
1.3446922302246094 235
1.3533451557159424 235
1.3620285987854004 236
1.370650053024292 236
1.379380702972412 237
1.3881034851074219 239
1.400620460510254 240
1.4096729755401611 241
1.419992208480835 241
1.4289968013763428 241
1.4378902912139893 241
1.4461987018585205 242
1.4563360214233398 244
1.4652152061462402 246
1.4752252101898193 247
1.4835870265960693 247
1.4918146133422852 247
1.5000393390655518 248
1.5092477798461914 249
1.5185272693634033 250
1.5279889106750488 251
1.5373153686523438 251
1.5457205772399902 251
1.5542540550231934 251
1.563323736190796 252
1.5734803676605225 253
1.5817906856536865 254
1.5896327495574951 255
1.5985498428344727 255
1.6067345142364502 255
1.615405559539795 256
1.6255335807800293 258
1.6351344585418701 259
1.64345383644104 260
1.651289701461792 260
1.6604888439178467 259
1.6697468757629395 258
1.6793522834777832 259
1.6878249645233154 260
1.6967504024505615 262
1.7055385112762451 262
1.7138423919677734 262
1.7254631519317627 262
1.7337720394134521 262
1.7422759532928467 263
1.750429630279541 264
1.7597568035125732 265
1.7681024074554443 266
1.777550220489502 265
1.7860052585601807 265
1.7997033596038818 264
1.8103587627410889 266
1.8202295303344727 267
1.8301398754119873 268
1.8385238647460938 268
1.8466386795043945 268
1.8552591800689697 267
1.8634908199310303 268
1.8732600212097168 269
1.8823702335357666 270
1.890181541442871 271
1.8992810249328613 271
1.9075517654418945 270
1.9179413318634033 270
1.9274473190307617 270
1.9359190464019775 271
1.9445037841796875 272
1.953432321548462 273
1.9607598781585693 273
1.9698479175567627 272
1.979386568069458 272
1.9880547523498535 272
1.9964556694030762 273
2.0065650939941406 275
2.015709638595581 276
2.025170087814331 276
2.034696102142334 275
2.043302536010742 274
2.052156448364258 275
2.0601580142974854 276
2.0685834884643555 276
2.078137159347534 276
2.0878703594207764 275
2.096281051635742 275
2.104757070541382 276
2.1176435947418213 277
2.1260385513305664 277
2.1355178356170654 276
2.1438794136047363 276
2.152132034301758 276
2.1600749492645264 276
2.1684377193450928 277
2.1784327030181885 278
2.187896966934204 278
2.200558662414551 278
2.209920883178711 278
2.219503402709961 278
2.22788405418396 278
2.24501633644104 280
2.2562732696533203 280
2.267458200454712 281
2.280179738998413 280
2.2936434745788574 279
2.3052291870117188 279
2.318410634994507 280
2.3296008110046387 280
2.3400495052337646 281
2.349135160446167 280
2.3576743602752686 280
2.3659472465515137 280
2.3750574588775635 280
2.3837547302246094 281
2.3932559490203857 282
2.4020209312438965 282
2.4098711013793945 281
2.41969633102417 280
2.4281668663024902 280
2.438077926635742 280
2.4462697505950928 281
2.4551548957824707 281
2.463751792907715 282
2.472977876663208 281
2.4817891120910645 281
2.490501642227173 281
2.499811887741089 282
2.508125066757202 282
2.516740322113037 282
2.525756359100342 282
2.5347607135772705 282
2.5442404747009277 283
2.5523838996887207 283
2.560192346572876 283
2.569404363632202 282
2.577756643295288 282
2.5860626697540283 282
2.5961244106292725 283
2.6095569133758545 283
2.619206666946411 282
2.6277692317962646 282
2.6365325450897217 282
2.646057605743408 283
2.6550850868225098 283
2.6634063720703125 284
2.6723854541778564 283
2.680293083190918 283
2.6890714168548584 282
2.698700428009033 283
2.707207441329956 283
2.715902328491211 283
2.7259089946746826 282
2.7353365421295166 282
2.744593620300293 282
2.7530343532562256 283
2.7605173587799072 283
2.7698216438293457 283
2.7782418727874756 283
2.786486864089966 283
2.7975716590881348 282
2.8058931827545166 282
2.814487934112549 283
2.824531316757202 283
2.835352897644043 282
2.844708204269409 282
2.8533284664154053 282
2.860610008239746 283
2.869779109954834 283
2.8781893253326416 283
2.886539936065674 282
2.8970537185668945 282
2.905538558959961 282
2.913869619369507 282
2.923241376876831 283
2.9319589138031006 283
2.9398128986358643 283
2.949321985244751 282
2.9580435752868652 282
2.9672648906707764 282
2.9756298065185547 283
2.984361171722412 283
2.9933414459228516 283
3.00779128074646 282
3.0165340900421143 282
3.0259053707122803 282
3.0350911617279053 283
3.0434978008270264 283
3.0530145168304443 283
3.060326099395752 282
3.069488048553467 282
3.077979564666748 282
3.0862503051757812 282
3.095381259918213 282
3.1046998500823975 282
3.1133008003234863 281
3.125136375427246 281
3.1350507736206055 281
3.1434335708618164 282
3.152629852294922 282
3.1606674194335938 282
3.169581413269043 281
3.179245710372925 281
3.1875417232513428 281
3.1966137886047363 282
3.206092357635498 281
3.2146809101104736 281
3.2239675521850586 281
3.2334322929382324 281
3.243889808654785 281
3.253460645675659 281
3.2623047828674316 281
3.270142078399658 280
3.2785751819610596 280
3.287022829055786 280
3.2961130142211914 280
3.3057291507720947 280
3.314340829849243 280
3.32369327545166 280
3.3323471546173096 280
3.3401317596435547 279
3.3486785888671875 279
3.3580222129821777 279
3.3672709465026855 279
3.375873565673828 279
3.3904685974121094 279
3.3996775150299072 278
3.4150524139404297 279
3.4244790077209473 280
3.434023141860962 280
3.442302703857422 280
3.4501256942749023 280
3.460353136062622 279
3.469089984893799 279
3.477356195449829 278
3.485832452774048 279
3.4951376914978027 279
3.5044798851013184 279
3.5127573013305664 279
3.5220069885253906 278
3.530531167984009 278
3.539241313934326 278
3.5475809574127197 278
3.557060956954956 278
3.5659313201904297 278
3.574394464492798 277
3.583021879196167 276
3.5904054641723633 276
3.5997776985168457 277
3.6094062328338623 277
3.6190311908721924 277
3.6279149055480957 276
3.6363484859466553 276
3.6451025009155273 276
3.6534230709075928 276
3.6635427474975586 276
3.6713645458221436 275
3.6798110008239746 275
3.6881699562072754 275
3.697314500808716 276
3.7057859897613525 276
3.715334177017212 276
3.725940227508545 275
3.7345263957977295 274
3.7433509826660156 274
3.752361536026001 275
3.762148857116699 275
3.7701640129089355 275
3.778548240661621 274
3.787213087081909 274
3.7961161136627197 273
3.8101112842559814 273
3.8197479248046875 274
3.829284191131592 274
3.8377175331115723 274
3.846019744873047 274
3.8546268939971924 273
3.864492654800415 272
3.8730294704437256 271
3.880392074584961 272
3.889275312423706 272
3.8984169960021973 272
3.9066216945648193 273
3.9178287982940674 272
3.927239418029785 272
3.935594081878662 272
3.9439051151275635 271
3.952202081680298 270
3.9621493816375732 270
3.97006893157959 270
3.9785728454589844 271
3.987262487411499 271
3.9963228702545166 270
4.0051188468933105 270
4.014275312423706 269
4.024759769439697 270
4.033529996871948 270
4.041744232177734 270
4.049638748168945 269
4.059046030044556 268
4.068171262741089 268
4.076453447341919 268
4.085171461105347 268
4.094261169433594 268
4.10236120223999 268
4.110190153121948 268
4.120468616485596 267
4.129658460617065 266
4.138013601303101 266
4.146330833435059 266
4.155683994293213 266
4.16535758972168 266
4.173698663711548 266
4.181883096694946 266
4.1901445388793945 266
4.198650121688843 265
4.212134599685669 265
4.223676443099976 265
4.231947898864746 265
4.2399046421051025 265
4.2482075691223145 264
4.259334087371826 264
4.26927638053894 264
4.2776939868927 264
4.286129951477051 264
4.29542350769043 263
4.3037567138671875 262
4.311949729919434 262
4.325727939605713 263
4.337600946426392 264
4.3491997718811035 264
4.360729217529297 263
4.3746178150177 262
4.385770559310913 261
4.39667010307312 261
4.405410289764404 262
4.413909673690796 262
4.425030708312988 262
4.433389902114868 261
4.440715551376343 260
4.449405908584595 260
4.458574295043945 260
4.4667441844940186 260
4.476227521896362 260
4.484696626663208 259
4.493568420410156 258
4.50179386138916 258
4.509668827056885 258
4.519269227981567 258
4.5294716358184814 258
4.537785768508911 257
4.546262502670288 256
4.5556745529174805 256
4.564075708389282 256
4.573655366897583 257
4.581991195678711 257
4.590381383895874 256
4.5991504192352295 255
4.611735582351685 254
4.622025012969971 255
4.632344007492065 256
4.640514373779297 257
4.649215459823608 257
4.657862663269043 256
4.666203260421753 255
4.675895690917969 255
4.684450626373291 255
4.693776845932007 255
4.702130556106567 255
4.710010051727295 255
4.720299005508423 254
4.729796648025513 255
4.739058971405029 256
4.747333526611328 256
4.756548881530762 255
4.766246795654297 254
4.775761842727661 254
4.784642934799194 254
4.793198585510254 254
4.800555944442749 254
4.809323310852051 254
4.819261074066162 252
4.828495740890503 252
4.8375630378723145 252
4.846498250961304 253
4.855260848999023 253
4.863551139831543 252
4.871791362762451 251
4.882195711135864 250
4.890058279037476 251
4.8985724449157715 252
4.907747507095337 252
4.916030645370483 252
4.925501108169556 251
4.935239791870117 250
4.944276332855225 249
4.952662944793701 249
4.960327863693237 249
4.969484567642212 249
4.978716850280762 249
4.987233638763428 248
4.995831727981567 248
