0 0
0.013698816299438477 0
0.030740976333618164 0
0.05038595199584961 2
0.07423877716064453 8
0.08705306053161621 14
0.09683585166931152 17
0.10604357719421387 19
0.11441445350646973 21
0.12294793128967285 22
0.1307816505432129 23
0.1408090591430664 24
0.15048885345458984 27
0.1588585376739502 29
0.16796612739562988 31
0.17650556564331055 33
0.18500924110412598 34
0.19800853729248047 35
0.2075023651123047 37
0.21602225303649902 38
0.2247612476348877 41
0.23305487632751465 42
0.24341106414794922 43
0.252455472946167 45
0.2603030204772949 46
0.26886630058288574 49
0.27876901626586914 51
0.28696751594543457 51
0.2965505123138428 52
0.30605506896972656 53
0.3144106864929199 55
0.32265543937683105 57
0.330608606338501 58
0.33934974670410156 59
0.3496849536895752 60
0.35822415351867676 61
0.36670351028442383 63
0.3758738040924072 65
0.3843655586242676 67
0.3938736915588379 69
0.40215420722961426 69
0.4116048812866211 70
0.41987037658691406 70
0.42830514907836914 72
0.43654894828796387 73
0.4463639259338379 76
0.45596766471862793 79
0.46438074111938477 83
0.47293758392333984 84
0.4809451103210449 85
0.4897894859313965 86
0.4993128776550293 87
0.5077974796295166 89
0.5161752700805664 90
0.5245628356933594 93
0.5326893329620361 94
0.5404798984527588 94
0.550830602645874 95
0.5596022605895996 96
0.568178653717041 99
0.5764808654785156 100
0.5849628448486328 101
0.5984301567077637 103
0.606856107711792 105
0.6163561344146729 108
0.6253447532653809 109
0.6336910724639893 110
0.6410155296325684 111
0.6534314155578613 113
0.662100076675415 115
0.6700444221496582 117
0.6795167922973633 118
0.6909911632537842 119
0.70546555519104 119
0.7166190147399902 120
0.7284197807312012 123
0.7402815818786621 125
0.756350040435791 127
0.7693989276885986 127
0.7801914215087891 128
0.7884995937347412 129
0.7967014312744141 131
0.8065364360809326 133
0.8153314590454102 134
0.8235983848571777 135
0.8321428298950195 135
0.8401126861572266 136
0.8500220775604248 138
0.8595643043518066 139
0.8684277534484863 141
0.876861572265625 141
0.8859584331512451 142
0.8952534198760986 143
0.9043335914611816 145
0.913379430770874 146
0.923997163772583 148
0.9322342872619629 148
0.9401719570159912 148
0.9496235847473145 149
0.9589591026306152 151
0.9675498008728027 152
0.9761316776275635 153
0.9847640991210938 155
0.9984266757965088 155
1.0083725452423096 156
1.016725778579712 157
1.026068925857544 158
1.0347352027893066 160
1.0434377193450928 161
1.0525054931640625 162
1.0623722076416016 163
1.0702290534973145 163
1.0786941051483154 164
1.0869147777557373 166
1.0974907875061035 167
1.106762170791626 168
1.115504264831543 169
1.1242480278015137 169
1.132643222808838 170
1.140566349029541 171
1.1500587463378906 172
1.1601247787475586 173
1.1687357425689697 174
1.1769232749938965 175
1.1855792999267578 175
1.1953203678131104 176
1.2036054134368896 177
1.2130458354949951 177
1.2206859588623047 178
1.2299668788909912 179
1.2384228706359863 181
1.2469017505645752 182
1.256960153579712 183
1.2665760517120361 183
1.275406837463379 183
1.283918857574463 183
1.2925851345062256 185
1.3005321025848389 186
1.3101749420166016 188
1.3185596466064453 189
1.327878713607788 189
1.336320400238037 189
1.3452837467193604 189
1.3552603721618652 191
1.3645567893981934 193
1.3730583190917969 193
1.3807435035705566 194
1.390134334564209 194
1.4049227237701416 195
1.414569616317749 197
1.4244184494018555 199
1.4336185455322266 200
1.4410505294799805 201
1.450667381286621 201
1.4600870609283447 200
1.469780445098877 201
1.4781990051269531 202
1.4864919185638428 203
1.4955172538757324 204
1.503875970840454 204
1.5134425163269043 204
1.5223407745361328 204
1.5304677486419678 205
1.5388696193695068 207
1.5483524799346924 208
1.5575664043426514 209
1.5667352676391602 209
1.575584888458252 209
1.5840821266174316 209
1.5934333801269531 210
1.6021208763122559 211
1.6100032329559326 213
1.619607925415039 213
1.6280086040496826 214
1.636340856552124 214
1.645052433013916 215
1.6547508239746094 215
1.6633875370025635 216
1.6726288795471191 217
1.6804723739624023 217
1.6896116733551025 218
1.6979413032531738 218
1.706470012664795 219
1.7166171073913574 219
1.7254745960235596 219
1.733839511871338 220
1.7421050071716309 221
1.7505743503570557 222
1.7592480182647705 222
1.7687575817108154 221
1.776973009109497 221
1.7864699363708496 222
1.7949800491333008 224
1.808051586151123 225
1.8183495998382568 225
1.8269970417022705 225
1.835752248764038 225
1.8440966606140137 225
1.8543426990509033 227
1.8626811504364014 229
1.8721258640289307 231
1.8806884288787842 231
1.8897366523742676 232
1.8981525897979736 231
1.9064691066741943 231
1.9157354831695557 231
1.9250438213348389 233
1.9343092441558838 235
1.944718599319458 236
1.9545495510101318 237
1.9629230499267578 236
1.9722671508789062 236
1.9806485176086426 237
1.9894301891326904 237
1.9978289604187012 239
2.0080580711364746 239
2.0176219940185547 238
2.026927947998047 238
2.035581350326538 239
2.0439810752868652 240
2.0540263652801514 241
2.062272548675537 241
2.070284128189087 241
2.0802407264709473 241
2.0885279178619385 242
2.096921443939209 243
2.1056129932403564 244
2.1152827739715576 245
2.1245760917663574 244
2.1330599784851074 244
2.140742301940918 244
2.150620460510254 246
2.159421443939209 247
2.1678361892700195 247
2.17732310295105 246
2.1866061687469482 245
2.195410966873169 246
2.208285331726074 248
2.2170093059539795 249
2.2265982627868652 249
2.235356330871582 249
2.2438321113586426 249
2.253666877746582 249
2.260974645614624 250
2.269784688949585 251
2.279919147491455 253
2.2884297370910645 253
2.2967135906219482 253
2.305569887161255 252
2.3143808841705322 252
2.3226256370544434 253
2.332125663757324 255
2.34004545211792 255
2.35017466545105 255
2.3584885597229004 255
2.3669440746307373 256
2.375704050064087 257
2.385528564453125 258
2.393806219100952 258
2.4015860557556152 258
2.4099180698394775 259
2.4192495346069336 259
2.429396867752075 259
2.4379920959472656 260
2.4490067958831787 261
2.4575228691101074 260
2.4659807682037354 260
2.4743595123291016 260
2.484736919403076 261
2.4929962158203125 261
2.500626564025879 261
2.5093889236450195 261
2.5182785987854004 261
2.526968002319336 262
2.5365920066833496 263
2.545768976211548 264
2.555356502532959 264
2.563838481903076 263
2.5721065998077393 263
2.5822412967681885 263
2.590054750442505 264
2.5985281467437744 266
2.6121177673339844 267
2.6202170848846436 266
2.6295535564422607 265
2.639007091522217 265
2.648740768432617 265
2.656876564025879 265
2.6657567024230957 266
2.67415189743042 267
2.684317111968994 269
2.6926939487457275 269
2.7006099224090576 269
2.709805727005005 269
2.7181248664855957 269
2.72654390335083 270
2.736201286315918 271
2.7449841499328613 271
2.7542736530303955 271
2.7625043392181396 271
2.774355173110962 271
2.788154125213623 272
2.7994790077209473 273
2.8122780323028564 274
2.8237521648406982 273
2.836583137512207 271
2.8484818935394287 270
2.856853723526001 270
2.86601185798645 271
2.8750364780426025 272
2.883758306503296 273
2.8933348655700684 273
2.900709867477417 272
2.910148859024048 271
2.9185497760772705 271
2.9267842769622803 272
2.936338424682617 273
2.9456589221954346 274
2.956345558166504 275
2.9662206172943115 275
2.975548505783081 275
2.983891487121582 274
2.993454933166504 274
3.006166458129883 275
3.0154385566711426 275
3.0239710807800293 275
3.032144069671631 275
3.0433647632598877 275
3.052370548248291 275
3.0601632595062256 275
3.0685479640960693 276
3.0776424407958984 277
3.086331367492676 277
3.095738649368286 276
3.1041440963745117 275
3.113562822341919 275
3.120983600616455 276
3.129772663116455 277
3.138065814971924 277
3.1493546962738037 276
3.157794713973999 276
3.166081190109253 276
3.1750481128692627 277
3.1835720539093018 277
3.192436933517456 277
3.20027494430542 277
3.2097861766815186 278
3.21840500831604 278
3.2266314029693604 278
3.2352800369262695 278
3.2450075149536133 278
3.256551504135132 278
3.265376567840576 278
3.2750027179718018 278
3.2834858894348145 278
3.2924916744232178 278
3.300354242324829 278
3.310537099838257 279
3.3195910453796387 279
3.3280887603759766 279
3.336347818374634 279
3.346430778503418 278
3.355886220932007 278
3.365041494369507 279
3.3815951347351074 280
3.390011787414551 281
3.399564743041992 280
3.41367506980896 279
3.4216208457946777 278
3.430156946182251 278
3.4397270679473877 279
3.4502155780792236 280
3.458733320236206 280
3.466930627822876 279
3.476224422454834 279
3.4846532344818115 278
3.4932923316955566 279
3.502511739730835 279
3.5110089778900146 280
3.51985502243042 280
3.5281684398651123 280
3.5364484786987305 279
3.5463578701019287 279
3.5556178092956543 280
3.5641822814941406 281
3.573676824569702 281
3.581005096435547 280
3.5897862911224365 279
3.5994629859924316 279
3.608525514602661 279
3.616781234741211 280
3.6257317066192627 280
3.6341590881347656 281
3.6434292793273926 279
3.6537394523620605 279
3.661571979522705 280
3.670551061630249 281
3.679379940032959 281
3.6878292560577393 280
3.6963112354278564 279
3.706413507461548 279
3.7149057388305664 279
3.723424196243286 279
3.730855703353882 280
3.7403359413146973 280
3.7505710124969482 280
3.7602970600128174 279
3.768704652786255 280
3.778075695037842 280
3.7864420413970947 280
3.795041561126709 279
3.808961868286133 279
3.817570924758911 280
3.826268434524536 281
3.834970235824585 281
3.8441104888916016 281
3.8558719158172607 281
3.8643875122070312 280
3.874207019805908 280
3.8834116458892822 280
3.890739917755127 280
3.899411678314209 280
3.9093093872070312 280
3.917555809020996 280
3.926096200942993 280
3.934359312057495 280
3.943618059158325 279
3.95353364944458 280
3.960909366607666 281
3.9704365730285645 280
3.97895884513855 279
3.987644672393799 279
3.9962193965911865 279
4.006035089492798 280
4.014537572860718 280
4.022653579711914 280
4.030477285385132 279
4.039774417877197 279
4.049566030502319 279
4.059518814086914 280
4.068492412567139 280
4.076794147491455 280
4.085503101348877 279
4.093877792358398 279
4.102576732635498 279
4.112192392349243 279
4.1200172901153564 279
4.128463506698608 279
4.137791872024536 279
4.146163463592529 278
4.156618356704712 278
4.165966033935547 278
4.174736499786377 279
4.183361530303955 279
4.19069242477417 279
4.199387788772583 278
4.21468710899353 277
4.223551988601685 277
4.230909585952759 277
4.2404704093933105 278
4.254558563232422 278
4.263840198516846 277
4.273037910461426 276
4.280680894851685 275
4.289570093154907 276
4.298006534576416 277
4.307028532028198 278
4.316651344299316 278
4.325371503829956 277
4.334248304367065 276
4.342635631561279 275
4.352366924285889 275
4.36098575592041 277
4.370686769485474 277
4.3795006275177 278
4.390225172042847 277
4.3988282680511475 276
4.408207416534424 276
4.417768955230713 276
4.426081895828247 277
4.435421705245972 277
4.4437525272369385 277
4.45263147354126 276
4.462214469909668 275
4.470886468887329 275
4.479578971862793 275
4.48783540725708 275
4.496196985244751 275
4.505392551422119 275
4.514770030975342 275
4.523443937301636 275
4.530914545059204 274
4.539992332458496 274
4.549482345581055 274
4.557786703109741 273
4.567837238311768 273
4.576634168624878 273
4.585521936416626 274
4.593923807144165 274
4.602991580963135 273
4.616441011428833 272
4.62531852722168 272
4.63394021987915 272
4.642304420471191 273
4.650885105133057 273
4.659707069396973 272
4.669444799423218 271
4.677743196487427 272
4.686094284057617 272
4.694409132003784 271
4.703874349594116 271
4.712102890014648 271
4.720699310302734 271
4.729463338851929 271
4.7383270263671875 271
4.746766090393066 271
4.756120204925537 271
4.769788980484009 269
4.782942771911621 270
4.79054856300354 271
4.7998127937316895 271
4.808164596557617 271
4.816453695297241 270
4.826350212097168 269
4.835700988769531 268
4.8448710441589355 268
4.857872486114502 269
4.87235426902771 270
4.884828090667725 269
4.897563457489014 268
4.9095354080200195 267
4.922982454299927 268
4.933589696884155 270
4.940987586975098 271
4.950671911239624 271
4.959463357925415 271
4.968170642852783 271
4.977781534194946 270
4.9867308139801025 269
4.995455741882324 270
