0 0
0.01726222038269043 0
0.031700849533081055 0
0.0580904483795166 3
0.07192254066467285 7
0.0867164134979248 12
0.09517860412597656 16
0.10462689399719238 21
0.11208200454711914 25
0.12105226516723633 30
0.1293785572052002 34
0.13932108879089355 41
0.14769887924194336 47
0.15626287460327148 52
0.16489934921264648 58
0.1739177703857422 65
0.18467378616333008 72
0.19217777252197266 78
0.2014782428741455 84
0.20985913276672363 91
0.21816730499267578 98
0.22705793380737305 103
0.23731780052185059 111
0.24571728706359863 119
0.25492143630981445 125
0.2623131275177002 131
0.27178502082824707 139
0.2812659740447998 146
0.29085850715637207 153
0.2993960380554199 160
0.30870771408081055 168
0.31729650497436523 174
0.3257102966308594 182
0.3361995220184326 190
0.34627509117126465 198
0.35575413703918457 206
0.36425161361694336 213
0.37350964546203613 221
0.3822202682495117 226
0.391751766204834 233
0.40030741691589355 238
0.40915799140930176 243
0.41781139373779297 249
0.4263129234313965 254
0.4349195957183838 260
0.44486284255981445 266
0.4522123336791992 272
0.46616482734680176 275
0.47550272941589355 279
0.485123872756958 282
0.494901180267334 287
0.5036187171936035 291
0.5114824771881104 293
0.5197746753692627 296
0.5281391143798828 299
0.5376718044281006 302
0.5471956729888916 305
0.5555355548858643 308
0.5647873878479004 310
0.5735852718353271 313
0.5822350978851318 315
0.5917699337005615 317
0.6007726192474365 319
0.6098380088806152 320
0.6182863712310791 322
0.6269927024841309 324
0.6357078552246094 326
0.6467685699462891 328
0.656172513961792 329
0.6656160354614258 329
0.6750156879425049 330
0.6840088367462158 331
0.6938936710357666 334
0.7029526233673096 335
0.7112147808074951 336
0.7197721004486084 336
0.7280316352844238 336
0.7371847629547119 338
0.7476775646209717 339
0.7561559677124023 340
0.7651712894439697 342
0.7747557163238525 343
0.7850186824798584 343
0.7946505546569824 343
0.8029532432556152 343
0.8119790554046631 344
0.8211021423339844 346
0.8309030532836914 348
0.8413255214691162 348
0.8520724773406982 348
0.8650617599487305 348
0.8747773170471191 349
0.8837573528289795 351
0.8917505741119385 352
0.902076244354248 353
0.9108364582061768 352
0.9192037582397461 352
0.9276564121246338 351
0.9367296695709229 350
0.9457557201385498 351
0.9547910690307617 352
0.9621906280517578 354
0.9718647003173828 354
0.9818003177642822 353
0.9902973175048828 353
1.0006184577941895 353
1.0089564323425293 354
1.017716407775879 356
1.0262339115142822 356
1.0350713729858398 356
1.0423729419708252 356
1.0519020557403564 357
1.0607049465179443 358
1.0701708793640137 358
1.0794332027435303 357
1.0877923965454102 356
1.0962624549865723 356
1.1061949729919434 356
1.1146583557128906 356
1.121985673904419 357
1.1307928562164307 358
1.1400222778320312 358
1.1493818759918213 357
1.157783031463623 356
1.1671791076660156 356
1.176058053970337 356
1.1853084564208984 357
1.193695068359375 358
1.203794002532959 359
1.2117977142333984 359
1.2203269004821777 358
1.2283575534820557 358
1.2376716136932373 358
1.246065378189087 358
1.2596392631530762 359
1.2689087390899658 359
1.2779912948608398 358
1.28757643699646 358
1.2961108684539795 357
1.3062310218811035 358
1.3150279521942139 358
1.3223745822906494 359
1.3317508697509766 359
1.3403098583221436 358
1.3483366966247559 358
1.3597800731658936 358
1.3693184852600098 358
1.3783066272735596 359
1.391098976135254 358
1.400709867477417 358
1.409778118133545 358
1.417994499206543 358
1.4266929626464844 358
1.4362304210662842 358
1.4450554847717285 359
1.4543378353118896 358
1.4620082378387451 358
1.4711072444915771 358
1.4802045822143555 358
1.4882829189300537 358
1.4988958835601807 358
1.5092074871063232 358
1.5174775123596191 358
1.525963306427002 358
1.5350348949432373 358
1.5423319339752197 358
1.5509467124938965 358
1.5603320598602295 358
1.569049596786499 358
1.5773124694824219 358
1.587148904800415 358
1.595400094985962 358
1.6039824485778809 358
1.6134312152862549 358
1.6213469505310059 358
1.6301968097686768 358
1.6383042335510254 358
1.6469461917877197 358
1.6553130149841309 358
1.6691536903381348 358
1.6777174472808838 358
1.6876819133758545 358
1.6969478130340576 358
1.70517897605896 358
1.714590311050415 358
1.721909523010254 358
1.730886459350586 358
1.7392511367797852 358
1.7475061416625977 358
1.7557647228240967 358
1.7660696506500244 358
1.7742869853973389 358
1.7823822498321533 358
1.7916350364685059 358
1.8010516166687012 358
1.8101212978363037 358
1.8182787895202637 358
1.8268811702728271 358
1.835705280303955 358
1.8439691066741943 358
1.8517060279846191 358
1.861860990524292 358
1.8707537651062012 358
1.8797008991241455 358
1.887885332107544 358
1.8981778621673584 358
1.909705400466919 358
1.9221630096435547 358
1.9349322319030762 358
1.9461569786071777 358
1.957148790359497 358
1.970642328262329 358
1.9847168922424316 358
1.9956140518188477 358
2.00618839263916 358
2.016071319580078 358
2.0243356227874756 358
2.032989025115967 358
2.041337728500366 358
2.049722194671631 358
2.061978340148926 358
2.0717787742614746 358
2.081324815750122 358
2.0897016525268555 358
2.0991880893707275 358
2.1074578762054443 358
2.1169204711914062 358
2.125187397003174 358
2.134021043777466 358
2.141763210296631 358
2.150120973587036 358
2.158306837081909 358
2.1686367988586426 358
2.1771674156188965 358
2.1861093044281006 358
2.1943321228027344 358
2.20347261428833 358
2.211296558380127 358
2.220879554748535 358
2.229102849960327 358
2.237889528274536 358
2.2463276386260986 358
2.2547593116760254 358
2.2620584964752197 358
2.2720043659210205 358
2.281651020050049 358
2.2901246547698975 357
2.299774408340454 357
2.3081204891204834 357
2.3167412281036377 358
2.3261666297912598 358
2.335203170776367 357
2.3435044288635254 356
2.351428270339966 356
2.359708547592163 357
2.3696701526641846 358
2.378207206726074 358
2.387524127960205 357
2.3966596126556396 356
2.4057085514068604 356
2.4138669967651367 356
2.422903537750244 356
2.431109666824341 356
2.4400582313537598 357
2.4483020305633545 357
2.45715069770813 357
2.471247911453247 356
2.480764150619507 356
2.489138126373291 356
2.497493028640747 356
2.506826162338257 356
2.5153086185455322 356
2.526747703552246 356
2.5349621772766113 356
2.543882131576538 356
2.551607370376587 356
2.559786081314087 356
2.568068742752075 356
2.578352451324463 356
2.58758807182312 356
2.59596586227417 356
2.6039750576019287 356
2.61370849609375 356
2.6214773654937744 356
2.63082218170166 356
2.6392056941986084 356
2.6479568481445312 356
2.656658887863159 356
2.664896249771118 356
2.6721456050872803 356
2.683455228805542 356
2.691204309463501 356
2.6996281147003174 356
2.709188938140869 356
2.7175023555755615 356
2.726949453353882 356
2.7351832389831543 356
2.7439637184143066 356
2.7517383098602295 356
2.760185480117798 356
2.7682886123657227 356
2.778214693069458 356
2.7875053882598877 356
2.79573917388916 356
2.8039591312408447 356
2.8133692741394043 356
2.8214313983917236 356
2.8311245441436768 356
2.8393805027008057 356
2.8478479385375977 356
2.8562958240509033 356
2.8682570457458496 356
2.87939715385437 356
2.8878602981567383 356
2.8963048458099365 356
2.904757499694824 356
2.9138946533203125 356
2.9216554164886475 356
2.9310152530670166 356
2.9394781589508057 356
2.948265790939331 356
2.9569647312164307 356
2.9651939868927 356
2.9733715057373047 356
2.9849131107330322 356
2.992205858230591 356
3.000992774963379 356
3.0096635818481445 356
3.017906427383423 356
3.0272419452667236 356
3.0370259284973145 356
3.046060562133789 356
3.0546815395355225 356
3.061985969543457 356
3.070643186569214 356
3.080045223236084 356
3.089588165283203 356
3.097890615463257 356
3.1063358783721924 356
3.115341901779175 356
3.1234850883483887 356
3.131272315979004 356
3.1407017707824707 356
3.1495604515075684 356
3.1577932834625244 356
3.1662094593048096 356
3.1753087043762207 356
3.18557071685791 356
3.1937921047210693 356
3.201566219329834 356
3.210660934448242 356
3.219052314758301 356
3.2273123264312744 356
3.236905097961426 356
3.245882034301758 356
3.2539889812469482 356
3.266098737716675 356
3.2750725746154785 356
3.2846548557281494 356
3.293626308441162 356
3.3015363216400146 356
3.310828447341919 356
3.3260207176208496 356
3.3343417644500732 356
3.3448917865753174 356
3.3521766662597656 356
3.3609726428985596 355
3.3695015907287598 355
3.388169288635254 356
3.3971052169799805 357
3.4056286811828613 358
3.4153499603271484 357
3.423689603805542 356
3.4316210746765137 356
3.4443485736846924 356
3.451901912689209 356
3.4603219032287598 356
3.468384265899658 356
3.4776673316955566 356
3.4871790409088135 356
3.4974119663238525 355
3.5063228607177734 355
3.5153255462646484 354
3.5235283374786377 355
3.5317938327789307 355
3.541693925857544 355
3.550041913986206 354
3.558310031890869 354
3.5669705867767334 355
3.57572603225708 355
3.5850677490234375 355
3.59401798248291 355
3.6020750999450684 354
3.6113736629486084 354
3.619615316390991 355
3.627990961074829 355
3.637162446975708 355
3.6471736431121826 354
3.65590238571167 354
3.6683833599090576 354
3.6779682636260986 354
3.6874914169311523 355
3.697164297103882 355
3.706235408782959 355
3.7148942947387695 354
3.7223477363586426 354
3.73102068901062 354
3.740633964538574 354
3.7496516704559326 354
3.757882595062256 354
3.7663087844848633 354
3.775576591491699 354
3.78484845161438 353
3.7922286987304688 353
3.8017687797546387 354
3.811213493347168 354
3.81949782371521 355
3.827848196029663 354
3.8369200229644775 354
3.8469738960266113 354
3.8552305698394775 354
3.8634183406829834 354
3.8719451427459717 355
3.88146710395813 355
3.8897531032562256 354
3.899576425552368 354
3.9081647396087646 354
3.9167966842651367 354
3.925042152404785 354
3.9323601722717285 353
3.9422199726104736 353
3.9518251419067383 354
3.9607176780700684 354
3.968935489654541 354
3.9812071323394775 354
3.992271900177002 354
4.006909370422363 354
4.019080638885498 353
4.030714750289917 354
4.044698476791382 355
4.057195425033569 355
4.075079679489136 352
4.088824272155762 351
4.100076675415039 352
4.109084844589233 352
4.1175031661987305 354
4.1261887550354 354
4.134814500808716 353
4.143611192703247 352
4.152373552322388 352
4.161038160324097 353
4.170274019241333 354
4.179442644119263 354
4.187700271606445 353
4.196685552597046 352
4.206238746643066 352
4.214750528335571 352
4.222069025039673 353
4.230903625488281 354
4.239806175231934 354
4.248053073883057 353
4.257846832275391 352
4.266666650772095 352
4.275473594665527 352
4.284759044647217 353
4.292218208312988 354
4.301036357879639 354
4.310768365859985 353
4.319344758987427 352
4.3277482986450195 352
4.337101221084595 352
4.34532904624939 353
4.35535454750061 354
4.363677740097046 354
4.3719260692596436 353
4.3867340087890625 352
4.395007133483887 352
4.403836727142334 352
4.412374258041382 352
4.421035289764404 352
4.429227828979492 352
4.43817663192749 353
4.446940898895264 353
4.473669528961182 352
4.482274293899536 351
4.491168260574341 351
4.499825954437256 352
4.510106086730957 353
4.518829822540283 354
4.528331279754639 354
4.537636041641235 352
4.546211004257202 352
4.554779529571533 352
4.563875436782837 352
4.572283506393433 352
4.581716299057007 353
4.590175628662109 353
4.598340034484863 353
4.607599496841431 352
4.617189407348633 352
4.625442266464233 352
4.63458776473999 352
4.641910552978516 353
4.650835275650024 353
4.660703659057617 352
4.669734716415405 352
4.678263187408447 352
4.687445640563965 352
4.6962175369262695 352
4.705676555633545 352
4.7155656814575195 353
4.72518253326416 353
4.733726501464844 352
4.741871118545532 352
4.750303745269775 351
4.7592456340789795 352
4.768986225128174 352
4.777780771255493 352
4.7872374057769775 352
4.7962610721588135 352
4.805881500244141 352
4.816171407699585 352
4.825392961502075 352
4.834046840667725 352
4.842176675796509 352
4.850784778594971 352
4.860722303390503 352
4.875292062759399 352
4.884039640426636 352
4.891923666000366 352
4.901158332824707 352
4.909570693969727 352
4.919194221496582 352
4.927502870559692 352
4.936756610870361 352
4.945002555847168 352
4.952335834503174 352
4.960887670516968 352
4.9709296226501465 352
4.980981349945068 352
4.989250183105469 352
4.997516393661499 352
