0 0
0.0211637020111084 0
0.04978179931640625 0
0.06981062889099121 3
0.0863807201385498 7
0.09779977798461914 10
0.10606527328491211 15
0.11421561241149902 19
0.12329864501953125 23
0.13163518905639648 27
0.14091181755065918 33
0.1482083797454834 38
0.15840435028076172 45
0.16699767112731934 50
0.17542457580566406 55
0.18372726440429688 61
0.194580078125 70
0.2032604217529297 75
0.2123723030090332 83
0.22149038314819336 89
0.22964739799499512 96
0.2373948097229004 101
0.2468128204345703 108
0.2562880516052246 116
0.2643930912017822 123
0.2731337547302246 129
0.28141164779663086 135
0.2902204990386963 143
0.2991485595703125 151
0.30742931365966797 155
0.3162343502044678 163
0.32540154457092285 170
0.3338022232055664 176
0.34212446212768555 185
0.35186290740966797 193
0.3612830638885498 199
0.36860203742980957 205
0.3772768974304199 212
0.38622522354125977 220
0.39574337005615234 228
0.40401124954223633 235
0.415759801864624 245
0.42621827125549316 253
0.4353294372558594 259
0.44363975524902344 267
0.45378947257995605 276
0.4629049301147461 282
0.47107529640197754 289
0.47823071479797363 295
0.48738574981689453 301
0.49627232551574707 308
0.5043160915374756 314
0.5130534172058105 319
0.5223371982574463 326
0.5301961898803711 331
0.5380167961120605 335
0.54730224609375 340
0.5568671226501465 345
0.5651476383209229 349
0.5735952854156494 352
0.5817530155181885 356
0.5902295112609863 359
0.599168062210083 361
0.6071863174438477 363
0.6153099536895752 365
0.6245110034942627 367
0.63315749168396 369
0.6412830352783203 370
0.6508452892303467 371
0.6600589752197266 371
0.6677553653717041 372
0.6758706569671631 372
0.6845173835754395 372
0.6932468414306641 372
0.7032217979431152 372
0.712984561920166 372
0.7222294807434082 371
0.7301759719848633 371
0.7378177642822266 371
0.7459986209869385 371
0.7571170330047607 370
0.7651903629302979 369
0.7733986377716064 369
0.782257080078125 369
0.7901744842529297 368
0.797835111618042 368
0.8072018623352051 367
0.8201854228973389 367
0.8284542560577393 366
0.8371865749359131 366
0.845447301864624 365
0.856271505355835 365
0.8642621040344238 365
0.8729822635650635 364
0.8815035820007324 364
0.8891487121582031 364
0.8972365856170654 363
0.9062597751617432 363
0.9152953624725342 363
0.9233803749084473 363
0.9322733879089355 363
0.9401185512542725 363
0.9483976364135742 362
0.9609498977661133 362
0.9681179523468018 362
0.976395845413208 362
0.9852969646453857 362
0.993640661239624 362
1.0017893314361572 362
1.0111215114593506 362
1.0197625160217285 362
1.027355432510376 362
1.0359554290771484 362
1.044037103652954 362
1.0530831813812256 362
1.0631797313690186 362
1.071265697479248 362
1.0784227848052979 362
1.0874862670898438 362
1.0980350971221924 362
1.1111679077148438 362
1.1230263710021973 362
1.1343636512756348 362
1.1454308032989502 362
1.1605401039123535 362
1.1724917888641357 362
1.1841652393341064 362
1.1930477619171143 362
1.2011513710021973 362
1.2100379467010498 362
1.2236790657043457 362
1.232342004776001 362
1.2412731647491455 362
1.2498993873596191 362
1.2600417137145996 362
1.2676441669464111 362
1.2757387161254883 362
1.2841970920562744 362
1.2928998470306396 362
1.3009774684906006 362
1.3081369400024414 362
1.3180534839630127 362
1.326111078262329 362
1.3341858386993408 362
1.343308925628662 362
1.352182149887085 362
1.3619024753570557 362
1.3699588775634766 362
1.3775858879089355 362
1.3863959312438965 362
1.3943755626678467 362
1.4028894901275635 362
1.4122247695922852 362
1.4200947284698486 362
1.427738904953003 362
1.4358813762664795 362
1.4453754425048828 362
1.4535446166992188 362
1.4636924266815186 362
1.4721028804779053 362
1.481149673461914 362
1.4883008003234863 362
1.49656081199646 362
1.504441261291504 362
1.5142078399658203 362
1.5225379467010498 362
1.5309813022613525 362
1.5381379127502441 362
1.5478081703186035 362
1.5568249225616455 362
1.5657942295074463 362
1.5739147663116455 362
1.583050012588501 362
1.5912792682647705 362
1.5984611511230469 362
1.60709547996521 362
1.621290683746338 362
1.6284339427947998 362
1.6370394229888916 362
1.6468822956085205 362
1.6564104557037354 362
1.6644394397735596 362
1.6737375259399414 362
1.6824884414672852 362
1.6905779838562012 362
1.6979765892028809 362
1.7060647010803223 362
1.7150630950927734 362
1.7259509563446045 362
1.7345585823059082 362
1.7434701919555664 362
1.752213716506958 362
1.7611145973205566 362
1.7698462009429932 362
1.778205394744873 362
1.7863984107971191 362
1.7955803871154785 362
1.8039944171905518 362
1.8135426044464111 362
1.8229095935821533 362
1.8310868740081787 362
1.8399028778076172 362
1.8480210304260254 362
1.8580043315887451 362
1.8663623332977295 362
1.8762805461883545 362
1.8851923942565918 362
1.8935067653656006 362
1.901707410812378 362
1.9114103317260742 362
1.9202120304107666 362
1.9278664588928223 362
1.9359643459320068 362
1.9456267356872559 362
1.9562575817108154 362
1.9642529487609863 362
1.97359037399292 362
1.9821293354034424 362
1.991088628768921 362
1.9982292652130127 362
2.009169101715088 362
2.0173394680023193 362
2.031079053878784 362
2.0382542610168457 362
2.0474746227264404 362
2.061779022216797 362
2.0697684288024902 362
2.0797362327575684 362
2.0874059200286865 362
2.095515251159668 362
2.103642702102661 362
2.1125993728637695 362
2.1210570335388184 362
2.1299550533294678 362
2.1378026008605957 362
2.1463265419006348 362
2.1557936668395996 362
2.1641125679016113 362
2.1725003719329834 362
2.1824228763580322 362
2.1908085346221924 362
2.1980605125427246 362
2.2062270641326904 362
2.214919328689575 362
2.2231483459472656 362
2.2330563068389893 362
2.2422447204589844 362
2.250124931335449 362
2.259908437728882 362
2.267695903778076 362
2.2776925563812256 362
2.285827875137329 362
2.29404616355896 362
2.3029603958129883 362
2.311725616455078 362
2.3198184967041016 362
2.328200340270996 362
2.3365132808685303 362
2.345085859298706 362
2.353240489959717 362
2.3628501892089844 362
2.3710811138153076 362
2.3810524940490723 362
2.388228178024292 362
2.3965275287628174 362
2.40444016456604 362
2.4135777950286865 362
2.425440549850464 362
2.4345874786376953 362
2.4434328079223633 362
2.451751947402954 362
2.460603952407837 362
2.468423366546631 362
2.4774742126464844 362
2.4865286350250244 362
2.494556427001953 362
2.503007173538208 362
2.51173996925354 362
2.519726276397705 362
2.5273373126983643 362
2.536384344100952 362
2.545278787612915 362
2.553527593612671 362
2.5625922679901123 362
2.5718913078308105 362
2.5799753665924072 362
2.5883617401123047 362
2.5968613624572754 362
2.605445146560669 362
2.6137752532958984 362
2.6219124794006348 362
2.62998628616333 362
2.6399621963500977 361
2.647735595703125 361
2.6582469940185547 361
2.667243719100952 361
2.6759517192840576 361
2.685340642929077 360
2.6934545040130615 360
2.7015578746795654 360
2.710270404815674 359
2.7214276790618896 359
2.7290873527526855 359
2.7395858764648438 359
2.7473158836364746 358
2.756099224090576 358
2.764150619506836 357
2.7749247550964355 357
2.783142566680908 357
2.792330741882324 357
2.8002569675445557 357
2.808501958847046 357
2.8169946670532227 357
2.8285531997680664 356
2.8383800983428955 356
2.846999406814575 356
2.856250286102295 356
2.8642916679382324 355
2.8738105297088623 355
2.88425874710083 355
2.8936872482299805 355
2.901906967163086 355
2.911062240600586 355
2.9182240962982178 355
2.9271926879882812 355
2.9352664947509766 355
2.9469621181488037 355
2.9560370445251465 355
2.9641482830047607 355
2.9735984802246094 355
2.9817440509796143 355
2.9910900592803955 355
2.9982664585113525 355
3.0082132816314697 355
3.016514301300049 355
3.0244200229644775 355
3.0330970287323 355
3.04302978515625 355
3.051145076751709 355
3.0599887371063232 355
3.0676252841949463 355
3.07692813873291 355
3.084608316421509 355
3.094001293182373 355
3.103025197982788 355
3.111186981201172 355
3.118312358856201 355
3.1265664100646973 355
3.1344969272613525 355
3.1442034244537354 355
3.152920961380005 355
3.161849021911621 355
3.1712331771850586 355
3.1829612255096436 355
3.1950509548187256 355
3.2070670127868652 355
3.218154191970825 355
3.235342025756836 355
3.247556686401367 355
3.2608559131622314 355
3.2714693546295166 355
3.2785871028900146 355
3.2954607009887695 355
3.3040504455566406 355
3.3123297691345215 355
3.320955753326416 355
3.3281424045562744 355
3.337493658065796 355
3.3468503952026367 355
3.3556768894195557 355
3.3637943267822266 355
3.372972011566162 355
3.381098985671997 355
3.3896496295928955 355
3.398149013519287 355
3.4071009159088135 355
3.4151721000671387 355
3.4235165119171143 355
3.4316606521606445 355
3.440887212753296 355
3.4497785568237305 355
3.458355188369751 355
3.467252731323242 355
3.4753406047821045 355
3.4835364818573 355
3.492257595062256 355
3.5018510818481445 355
3.509892225265503 355
3.5205867290496826 355
3.5280520915985107 355
3.5370161533355713 355
3.5450875759124756 355
3.5544538497924805 355
3.5634818077087402 355
3.5724098682403564 355
3.5805327892303467 355
3.588463306427002 355
3.597003698348999 355
3.6065151691436768 355
3.6144464015960693 355
3.622962713241577 355
3.635720729827881 355
3.6439192295074463 355
3.653362512588501 355
3.6633732318878174 355
3.6721789836883545 355
3.6800777912139893 355
3.687849760055542 355
3.6969802379608154 355
3.7065489292144775 355
3.7144503593444824 355
3.7229843139648438 355
3.7311081886291504 355
3.7397847175598145 355
3.747429609298706 355
3.757636070251465 355
3.7661211490631104 355
3.7742502689361572 355
3.7825429439544678 355
3.790884256362915 355
3.8000926971435547 355
3.808560371398926 355
3.817272186279297 355
3.825305938720703 355
3.8340790271759033 355
3.8424408435821533 355
3.850555419921875 355
3.8608882427215576 355
3.8691494464874268 355
3.8773651123046875 355
3.8854715824127197 355
3.89363694190979 355
3.903212308883667 355
3.912283182144165 355
3.9201884269714355 355
3.9278647899627686 355
3.936506748199463 355
3.9445931911468506 355
3.9531474113464355 355
3.9632184505462646 355
3.9721271991729736 355
3.9800899028778076 355
3.987724542617798 355
3.99600887298584 355
4.005903720855713 355
4.0140061378479 355
4.023180246353149 355
4.036245584487915 355
4.044330596923828 355
4.053120374679565 355
4.067472457885742 355
4.075802326202393 355
4.083942174911499 355
4.092178106307983 355
4.101362943649292 355
4.110183000564575 355
4.121929168701172 355
4.130605697631836 355
4.137985944747925 355
4.1461334228515625 355
4.154394626617432 355
4.165099382400513 355
4.174377202987671 355
4.182925701141357 355
4.191073179244995 355
4.199700355529785 355
4.207472085952759 355
4.216548204421997 355
4.224428653717041 355
4.233299732208252 355
4.241415023803711 355
4.248595952987671 355
4.257888078689575 355
4.267695665359497 355
4.275817394256592 355
4.283944129943848 355
4.2924723625183105 355
4.301349639892578 355
4.30991268157959 355
4.3183205127716064 355
4.326871633529663 355
4.335632801055908 355
4.343745231628418 355
4.352185249328613 355
4.362586975097656 355
4.371088981628418 355
4.37825608253479 355
4.386799335479736 355
4.395280122756958 355
4.403470277786255 355
4.413394927978516 355
4.421568870544434 355
4.433992385864258 355
4.442430734634399 355
4.450857400894165 355
4.4595725536346436 355
4.469638109207153 355
4.477433681488037 355
4.485559701919556 355
4.493734359741211 355
4.502868413925171 355
4.510972023010254 355
4.519907712936401 355
4.528168678283691 355
4.536855459213257 355
4.544569730758667 355
4.553072690963745 355
4.562441110610962 355
4.571702718734741 355
4.579753637313843 354
4.587405681610107 354
4.596853733062744 354
4.604556560516357 354
4.613626003265381 354
4.622906684875488 354
4.631435871124268 354
4.639116048812866 354
4.64718222618103 354
4.657321453094482 353
4.667196273803711 353
4.675336837768555 353
4.684521436691284 353
4.694532871246338 352
4.703042268753052 352
4.711271524429321 351
4.721376895904541 351
4.729995012283325 351
4.737636566162109 351
4.745823383331299 351
4.753916025161743 350
4.7635862827301025 350
4.773153781890869 350
4.781292676925659 349
4.788477897644043 349
4.797513008117676 349
4.805742025375366 349
4.813891887664795 349
4.8237528800964355 349
4.836940288543701 349
4.845111608505249 349
4.85363507270813 349
4.863143682479858 349
4.871976137161255 349
4.880045652389526 349
4.887701511383057 349
4.896945476531982 349
4.9049072265625 349
4.913201570510864 349
4.922938108444214 349
4.931591987609863 349
4.939643144607544 349
4.94734525680542 349
4.956426620483398 349
4.965417861938477 349
4.974336624145508 349
4.9829936027526855 349
4.991089105606079 349
4.999743461608887 349
