0 0
0.014344215393066406 0
0.035538434982299805 0
0.05056262016296387 2
0.06963086128234863 6
0.09258866310119629 16
0.10297298431396484 21
0.11188387870788574 25
0.12024259567260742 29
0.1295630931854248 35
0.14227771759033203 45
0.15178823471069336 50
0.1602165699005127 55
0.16911697387695312 62
0.17683959007263184 67
0.1856248378753662 73
0.19621849060058594 81
0.20565557479858398 88
0.2142183780670166 94
0.22258400917053223 102
0.23199248313903809 108
0.24114203453063965 115
0.2517356872558594 123
0.2617766857147217 131
0.2711503505706787 139
0.2797529697418213 145
0.2872183322906494 152
0.29677629470825195 160
0.30631327629089355 166
0.31474757194519043 174
0.3230705261230469 181
0.3325035572052002 189
0.34248924255371094 195
0.35219430923461914 203
0.36094188690185547 212
0.3703022003173828 218
0.3787422180175781 226
0.38671374320983887 233
0.3964195251464844 239
0.40570998191833496 248
0.414081335067749 254
0.4225046634674072 263
0.4311048984527588 269
0.4414496421813965 277
0.4509928226470947 286
0.45958423614501953 293
0.4684934616088867 301
0.47649216651916504 307
0.4849884510040283 317
0.5003402233123779 327
0.5086314678192139 334
0.5169503688812256 341
0.525637149810791 347
0.535881757736206 353
0.5442321300506592 357
0.5535485744476318 362
0.5622050762176514 365
0.5716359615325928 367
0.5800249576568604 369
0.5883817672729492 370
0.5963325500488281 370
0.6063976287841797 369
0.6147091388702393 367
0.6231262683868408 365
0.6330134868621826 363
0.6428263187408447 361
0.6524009704589844 361
0.660846471786499 360
0.6700754165649414 360
0.6782939434051514 360
0.6861097812652588 360
0.6946232318878174 360
0.7044737339019775 360
0.7127242088317871 360
0.7211589813232422 360
0.7296295166015625 360
0.7399749755859375 359
0.7486922740936279 359
0.7583191394805908 360
0.7685842514038086 360
0.7764022350311279 360
0.7847084999084473 360
0.7929344177246094 360
0.8028535842895508 359
0.8117351531982422 359
0.8200414180755615 359
0.8282318115234375 359
0.8382682800292969 359
0.846099853515625 359
0.8559699058532715 359
0.8647093772888184 359
0.8730905055999756 359
0.8819012641906738 359
0.8942322731018066 359
0.9043638706207275 359
0.9127912521362305 359
0.9215919971466064 359
0.9307105541229248 359
0.9399087429046631 359
0.9477262496948242 359
0.9567759037017822 359
0.9660553932189941 359
0.9743866920471191 359
0.9826231002807617 359
0.9914977550506592 359
1.0003058910369873 359
1.0098865032196045 359
1.017756700515747 359
1.0259318351745605 359
1.0359992980957031 359
1.044301986694336 359
1.0526378154754639 359
1.0622034072875977 359
1.0715346336364746 359
1.079810619354248 359
1.0870857238769531 359
1.0957536697387695 359
1.1042349338531494 359
1.1137793064117432 359
1.1221306324005127 359
1.1310839653015137 359
1.1403419971466064 359
1.1485645771026611 359
1.1568236351013184 359
1.166717767715454 359
1.1756069660186768 359
1.18388032913208 359
1.192260980606079 359
1.2014756202697754 359
1.2105472087860107 359
1.2188076972961426 359
1.2265830039978027 358
1.236969232559204 358
1.2456932067871094 358
1.254572868347168 358
1.2644710540771484 358
1.2746739387512207 358
1.2837128639221191 358
1.295936107635498 358
1.304962396621704 357
1.3146862983703613 357
1.3230910301208496 358
1.332275629043579 358
1.34157133102417 359
1.350043773651123 358
1.3588037490844727 357
1.3687937259674072 357
1.3766155242919922 357
1.3850009441375732 358
1.3931782245635986 358
1.4025342464447021 358
1.4111511707305908 357
1.4205148220062256 357
1.4287383556365967 357
1.4388179779052734 358
1.4466159343719482 358
1.4549798965454102 358
1.4658148288726807 357
1.4743387699127197 357
1.4825963973999023 357
1.4910430908203125 357
1.499831199645996 358
1.5072152614593506 358
1.5167236328125 358
1.5251824855804443 357
1.5351567268371582 357
1.5432076454162598 357
1.5518686771392822 357
1.560117244720459 358
1.5700085163116455 358
1.578221082687378 358
1.5860285758972168 357
1.5945179462432861 357
1.6031017303466797 357
1.6117854118347168 357
1.621056079864502 357
1.6295745372772217 358
1.6396238803863525 358
1.6469783782958984 358
1.655837059020996 357
1.6647117137908936 357
1.6745624542236328 357
1.6827538013458252 357
1.6951379776000977 358
1.7041935920715332 358
1.7128064632415771 357
1.722449779510498 357
1.732527494430542 357
1.7456419467926025 357
1.7568349838256836 357
1.7717597484588623 357
1.7832155227661133 357
1.795159101486206 358
1.8067853450775146 358
1.816734790802002 357
1.8262438774108887 357
1.8362634181976318 357
1.8445982933044434 357
1.8528003692626953 356
1.8615293502807617 356
1.8716578483581543 357
1.8800735473632812 357
1.8883380889892578 357
1.8963959217071533 357
1.9054930210113525 357
1.9136948585510254 357
1.9229192733764648 357
1.9322903156280518 357
1.9417407512664795 357
1.95015549659729 356
1.9583446979522705 356
1.9664561748504639 357
1.9763877391815186 357
1.9846704006195068 357
1.992865800857544 356
2.0022671222686768 356
2.012343406677246 356
2.020735502243042 356
2.0301320552825928 357
2.0399656295776367 357
2.0477733612060547 357
2.056091070175171 357
2.0649898052215576 356
2.0751402378082275 355
2.083465099334717 355
2.096095085144043 357
2.1055545806884766 357
2.1139588356018066 357
2.1223857402801514 357
2.1366899013519287 357
2.148832321166992 357
2.1587650775909424 356
2.1677956581115723 356
2.1783359050750732 356
2.1863045692443848 356
2.1969025135040283 357
2.205866575241089 357
2.2141268253326416 357
2.2224202156066895 356
2.232487916946411 355
2.241753339767456 355
2.2509891986846924 356
2.25990891456604 357
2.268674373626709 357
2.2785754203796387 356
2.2864325046539307 356
2.294727325439453 355
2.303199291229248 355
2.3120741844177246 356
2.320376396179199 356
2.329881191253662 357
2.3398594856262207 357
2.3471686840057373 356
2.355799436569214 356
2.364715337753296 355
2.3730804920196533 355
2.3829615116119385 356
2.3916404247283936 357
2.4001851081848145 357
2.4084084033966064 356
2.4162447452545166 356
2.4246068000793457 355
2.4355580806732178 355
2.44395112991333 355
2.4523444175720215 356
2.460808038711548 357
2.4697325229644775 357
2.4770703315734863 356
2.4866271018981934 355
2.500558614730835 355
2.508822202682495 356
2.5167715549468994 357
2.5256052017211914 357
2.536396026611328 356
2.5446977615356445 355
2.5530683994293213 355
2.5617430210113525 354
2.570930004119873 355
2.579221487045288 356
2.5894694328308105 356
2.596834897994995 356
2.6058857440948486 355
2.614285945892334 355
2.6225426197052 355
2.6318154335021973 355
2.6419901847839355 355
2.650249481201172 355
2.658353328704834 355
2.6664624214172363 355
2.674981117248535 355
2.683074951171875 355
2.692948579788208 355
2.7024242877960205 355
2.7107319831848145 355
2.718834400177002 355
2.7266194820404053 355
2.738811492919922 355
2.7465968132019043 355
2.754910945892334 355
2.7663040161132812 355
2.774625062942505 355
2.782895565032959 355
2.7927839756011963 355
2.8021388053894043 355
2.8104865550994873 355
2.8187103271484375 355
2.8264763355255127 355
2.8371517658233643 355
2.845820426940918 355
2.854241371154785 355
2.863131046295166 355
2.871772289276123 355
2.8800275325775146 355
2.8892104625701904 355
2.903019428253174 355
2.911931037902832 355
2.920337200164795 355
2.9295220375061035 355
2.9395673274993896 355
2.946906566619873 355
2.955585479736328 355
2.964609384536743 355
2.973021984100342 355
2.9816555976867676 355
2.990875720977783 355
2.9997570514678955 355
3.0070533752441406 355
3.0157246589660645 355
3.023942232131958 355
3.0337047576904297 355
3.0437817573547363 355
3.0521373748779297 355
3.060441493988037 354
3.069596529006958 354
3.0769457817077637 354
3.085571527481079 354
3.100950241088867 354
3.1091513633728027 354
3.1166999340057373 354
3.125152587890625 354
3.1348698139190674 354
3.144232749938965 354
3.153754949569702 354
3.1627659797668457 354
3.1714835166931152 354
3.179725408554077 354
3.1870481967926025 354
3.1969408988952637 354
3.20609188079834 354
3.214571237564087 354
3.2229325771331787 354
3.2319583892822266 354
3.2411327362060547 354
3.250487804412842 354
3.2586772441864014 354
3.267136335372925 354
3.2768657207489014 354
3.2855489253997803 354
3.299759864807129 354
3.3083698749542236 354
3.316366672515869 354
3.3247244358062744 354
3.341078042984009 354
3.3504385948181152 354
3.3586854934692383 354
3.3670287132263184 354
3.375734567642212 354
3.383997917175293 354
3.3925201892852783 354
3.4030075073242188 354
3.4117043018341064 354
3.4200079441070557 354
3.4286060333251953 354
3.4371888637542725 354
3.4458847045898438 354
3.455495595932007 354
3.4642763137817383 354
3.472546100616455 354
3.4810681343078613 354
3.4896466732025146 354
3.4996206760406494 354
3.506993532180786 354
3.5158438682556152 354
3.5240890979766846 354
3.5326013565063477 354
3.541769027709961 354
3.5509755611419678 354
3.5595037937164307 353
3.5683915615081787 353
3.5764687061309814 354
3.584872007369995 354
3.593034267425537 354
3.6030476093292236 353
3.612352132797241 353
3.6207330226898193 353
3.6300764083862305 353
3.6394309997558594 353
3.646778106689453 353
3.6564459800720215 353
3.6657307147979736 353
3.6739540100097656 353
3.6823394298553467 353
3.690934896469116 353
3.704571008682251 353
3.7137856483459473 353
3.722317695617676 353
3.7316882610321045 353
3.7419228553771973 353
3.750387668609619 353
3.760338306427002 353
3.768624782562256 353
3.776442766189575 353
3.78696346282959 353
3.796429395675659 353
3.8059444427490234 353
3.817159414291382 353
3.830413341522217 353
3.8426623344421387 353
3.854945421218872 353
3.866846799850464 353
3.8791959285736084 353
3.8907017707824707 353
3.9025955200195312 353
3.9159600734710693 353
3.9245951175689697 353
3.934662342071533 353
3.9428913593292236 353
3.951645612716675 353
3.961456298828125 353
3.9697134494781494 353
3.9770774841308594 352
3.985816717147827 352
3.9949259757995605 353
4.003485918045044 353
4.012749195098877 353
4.0214855670928955 352
4.030381917953491 352
4.039718866348267 352
4.047020673751831 352
4.055857181549072 352
4.06561541557312 352
4.073776006698608 352
4.082133054733276 352
4.090414047241211 352
4.102951288223267 352
4.112597465515137 352
4.121969223022461 352
4.136135816574097 352
4.144447565078735 352
4.152704238891602 353
4.16251802444458 353
4.171202182769775 353
4.179699659347534 352
4.187055349349976 352
4.196318864822388 351
4.204650640487671 351
4.214191675186157 352
4.222930669784546 352
4.232558488845825 352
4.241814613342285 352
4.250136137008667 352
4.259624004364014 351
4.268687963485718 351
4.276477336883545 351
4.284853935241699 352
4.295116186141968 352
4.3034586906433105 352
4.3126561641693115 351
4.321205377578735 351
4.330938816070557 351
4.340193748474121 351
4.348339557647705 351
4.3569111824035645 351
4.366483926773071 351
4.374902248382568 352
4.383040904998779 352
4.392152786254883 351
4.400399208068848 351
4.408606290817261 351
4.418268442153931 351
4.426748037338257 351
4.4359965324401855 352
4.444378614425659 352
4.452661514282227 351
4.461914777755737 351
4.47152304649353 351
4.479827880859375 351
4.487119913101196 351
4.496210336685181 351
4.508816957473755 351
4.518355369567871 351
4.527009725570679 351
4.537173509597778 351
4.54576849937439 351
4.5539562702178955 351
4.562662839889526 351
4.572166919708252 351
4.580505132675171 351
4.589748382568359 351
4.597039461135864 351
4.605713129043579 351
4.61396050453186 351
4.6239166259765625 351
4.632823467254639 351
4.642151832580566 351
4.6507017612457275 351
4.659893751144409 351
4.6688854694366455 351
4.676703453063965 351
4.685454368591309 351
4.694000720977783 351
4.70238471031189 351
4.7109644412994385 351
4.7201220989227295 351
4.728872776031494 351
4.739201068878174 351
4.746740341186523 351
4.75598406791687 351
4.764330625534058 351
4.773918390274048 351
4.782390832901001 351
4.791576623916626 351
4.800460577011108 351
4.810459852218628 351
4.818701982498169 351
4.828509092330933 351
4.838592052459717 351
4.84637188911438 351
4.8551108837127686 351
4.863468647003174 351
4.872742414474487 351
4.881469249725342 351
4.8905253410339355 351
4.901965379714966 351
4.91170334815979 351
4.920860290527344 351
4.9304022789001465 351
4.9401867389678955 351
4.948375225067139 351
4.956930637359619 351
4.965583562850952 351
4.974738121032715 351
4.983009338378906 351
4.992351531982422 350
