0 0
0.01789402961730957 0
0.03643918037414551 0
0.05241823196411133 2
0.0752401351928711 7
0.09634661674499512 15
0.10929322242736816 21
0.12056326866149902 25
0.13384461402893066 29
0.14650964736938477 33
0.15804457664489746 36
0.16937041282653809 39
0.1822681427001953 43
0.19473791122436523 47
0.2051999568939209 50
0.21367788314819336 52
0.22195124626159668 55
0.22985386848449707 56
0.23943352699279785 58
0.24920368194580078 61
0.25766658782958984 64
0.26600170135498047 67
0.275362491607666 69
0.2836596965789795 71
0.29384779930114746 73
0.30384182929992676 76
0.3122241497039795 79
0.32012009620666504 80
0.3285377025604248 82
0.34052467346191406 85
0.3500521183013916 87
0.3585216999053955 90
0.3668644428253174 92
0.37620973587036133 94
0.3852195739746094 95
0.3943595886230469 97
0.40421557426452637 99
0.41246867179870605 101
0.4203925132751465 104
0.42928147315979004 106
0.43922948837280273 107
0.44760656356811523 109
0.45673084259033203 111
0.46540284156799316 113
0.47856998443603516 117
0.48824381828308105 119
0.49667811393737793 120
0.5068414211273193 121
0.5157711505889893 123
0.5246050357818604 125
0.5331401824951172 128
0.5419416427612305 130
0.5499987602233887 131
0.5597779750823975 133
0.5691726207733154 134
0.5775537490844727 135
0.5860052108764648 137
0.5953805446624756 140
0.6054277420043945 143
0.6138279438018799 145
0.6220862865447998 146
0.6299595832824707 147
0.6395392417907715 149
0.6486039161682129 151
0.6580822467803955 153
0.6666519641876221 155
0.6760983467102051 157
0.6845803260803223 159
0.6938958168029785 160
0.7030951976776123 161
0.7121834754943848 163
0.7200901508331299 165
0.7287483215332031 167
0.7379775047302246 169
0.746286153793335 169
0.7558002471923828 169
0.7643473148345947 170
0.7734150886535645 171
0.7807908058166504 173
0.7902407646179199 175
0.79874587059021 176
0.8092448711395264 177
0.8175978660583496 179
0.8259971141815186 181
0.8353726863861084 183
0.8444502353668213 184
0.8538532257080078 184
0.8634705543518066 184
0.8766264915466309 186
0.885467529296875 188
0.8951601982116699 190
0.9045913219451904 192
0.9138691425323486 193
0.9221386909484863 193
0.9300732612609863 194
0.9391686916351318 196
0.9474289417266846 197
0.9563167095184326 198
0.9666991233825684 200
0.9754106998443604 201
0.9837818145751953 202
0.9932518005371094 203
1.001983642578125 205
1.010657787322998 206
1.0193698406219482 207
1.0278880596160889 208
1.0368340015411377 208
1.0456860065460205 209
1.054596185684204 211
1.0640318393707275 213
1.0733602046966553 214
1.0807018280029297 214
1.0904262065887451 215
1.0995445251464844 215
1.1078572273254395 217
1.1173889636993408 218
1.1258459091186523 219
1.134706735610962 220
1.1434531211853027 221
1.1508207321166992 221
1.1601030826568604 223
1.170250415802002 224
1.179089069366455 225
1.1877362728118896 226
1.1965346336364746 227
1.2061092853546143 228
1.2157845497131348 229
1.2241899967193604 231
1.233067274093628 231
1.240539789199829 231
1.249330759048462 232
1.2581787109375 233
1.268287181854248 235
1.2813856601715088 237
1.2921326160430908 238
1.3007512092590332 237
1.3096508979797363 237
1.3192548751831055 238
1.3276679515838623 239
1.3364863395690918 241
1.3453314304351807 242
1.3548448085784912 243
1.3667693138122559 243
1.3755195140838623 243
1.3840413093566895 243
1.3936374187469482 245
1.4025168418884277 247
1.410409927368164 249
1.4200890064239502 249
1.4291892051696777 249
1.4382295608520508 249
1.4466187953948975 251
1.4554362297058105 252
1.464848279953003 253
1.4743478298187256 254
1.4827322959899902 255
1.4919788837432861 255
1.5005862712860107 255
1.509375810623169 255
1.518371820449829 256
1.5266830921173096 257
1.5360453128814697 259
1.5446221828460693 260
1.5533084869384766 261
1.560662031173706 261
1.5718371868133545 260
1.5802221298217773 260
1.5898773670196533 261
1.599255084991455 262
1.6075570583343506 263
1.615896224975586 264
1.6255888938903809 265
1.6344854831695557 265
1.642798900604248 265
1.650399923324585 265
1.659062147140503 266
1.6686489582061768 268
1.687941074371338 270
1.6973130702972412 270
1.7058660984039307 270
1.7141914367675781 270
1.7237331867218018 271
1.732818603515625 273
1.7404842376708984 274
1.7493712902069092 275
1.7576427459716797 275
1.7663030624389648 274
1.7761664390563965 274
1.7845993041992188 274
1.7939965724945068 275
1.8033528327941895 276
1.8108155727386475 277
1.8208436965942383 278
1.831921100616455 279
1.8397610187530518 279
1.8485958576202393 280
1.8567898273468018 280
1.8668618202209473 281
1.8772969245910645 281
1.8856966495513916 281
1.8956890106201172 282
1.904045820236206 283
1.9123940467834473 283
1.9202659130096436 283
1.9303574562072754 284
1.9392361640930176 285
1.947690725326538 286
1.9560296535491943 286
1.9653446674346924 285
1.9742391109466553 285
1.9838902950286865 285
1.9938459396362305 287
2.002422332763672 288
2.012464761734009 289
2.0202746391296387 289
2.0303146839141846 288
2.0392065048217773 287
2.0476624965667725 287
2.0575664043426514 289
2.0665338039398193 289
2.0754196643829346 289
2.090522289276123 289
2.0998353958129883 290
2.109309673309326 291
2.1176035404205322 293
2.1264731884002686 293
2.1362781524658203 291
2.144845724105835 291
2.153441905975342 291
2.162280559539795 292
2.1745429039001465 294
2.1886184215545654 295
2.2005016803741455 294
2.2132723331451416 293
2.225222587585449 293
2.2385523319244385 294
2.250166416168213 296
2.261852502822876 297
2.2697393894195557 297
2.278080940246582 297
2.2894811630249023 297
2.298272132873535 297
2.3065075874328613 297
2.3152120113372803 297
2.32354474067688 299
2.332312822341919 299
2.3419129848480225 299
2.349865674972534 298
2.3592782020568848 299
2.3676388263702393 299
2.377551794052124 300
2.3887534141540527 300
2.3976926803588867 301
2.406179428100586 301
2.4146251678466797 301
2.4231255054473877 300
2.4319441318511963 300
2.440568447113037 301
2.4500956535339355 302
2.4599475860595703 303
2.4685513973236084 302
2.4768218994140625 301
2.4938573837280273 301
2.502056837081909 301
2.5100111961364746 302
2.5185298919677734 303
2.527991533279419 305
2.5376296043395996 305
2.5459988117218018 305
2.554452419281006 305
2.5633604526519775 305
2.570695400238037 305
2.5794317722320557 306
2.590710401535034 307
2.599656105041504 307
2.607969045639038 307
2.6162312030792236 307
2.6255831718444824 307
2.633896589279175 307
2.6435163021087646 307
2.65138578414917 308
2.660290002822876 309
2.6687519550323486 309
2.677116870880127 308
2.685688018798828 307
2.696356773376465 308
2.7052340507507324 309
2.713688850402832 309
2.721897602081299 309
2.730241537094116 309
2.7386631965637207 309
2.7480804920196533 310
2.757422924041748 310
2.765998601913452 310
2.7744638919830322 310
2.7825028896331787 310
2.793699264526367 310
2.8020219802856445 311
2.8100016117095947 311
2.818352222442627 311
2.827662467956543 311
2.83597469329834 311
2.845463275909424 312
2.853908061981201 312
2.863223075866699 312
2.870539903640747 312
2.885239601135254 312
2.896834135055542 312
2.9056203365325928 312
2.9138739109039307 313
2.922846555709839 313
2.9304280281066895 313
2.9391775131225586 313
2.9485700130462646 313
2.958251714706421 313
2.9664907455444336 313
2.9752180576324463 313
2.9836344718933105 313
2.993112325668335 314
3.003297805786133 315
3.0106234550476074 315
3.0194528102874756 314
3.0281026363372803 313
3.036384105682373 314
3.0452558994293213 315
3.055265426635742 315
3.063695192337036 314
3.071998357772827 313
3.079955577850342 313
3.089399576187134 314
3.098799228668213 315
3.1071743965148926 315
3.1157262325286865 315
3.1252496242523193 314
3.133687734603882 313
3.141881227493286 314
3.150611639022827 315
3.159999132156372 315
3.1683273315429688 315
3.176633834838867 315
3.1854236125946045 315
3.195216417312622 315
3.204467296600342 315
3.2125279903411865 315
3.221837282180786 316
3.2302048206329346 316
3.23858642578125 316
3.2476894855499268 315
3.258265256881714 315
3.266587972640991 315
3.275297164916992 315
3.2893335819244385 316
3.297899007797241 317
3.307781457901001 317
3.3161556720733643 317
3.325458288192749 316
3.333867311477661 316
3.342036485671997 317
3.352376699447632 317
3.363619327545166 317
3.371429204940796 317
3.3797645568847656 316
3.3899576663970947 316
3.4092330932617188 318
3.417590618133545 319
3.4265458583831787 319
3.435286283493042 319
3.4435484409332275 319
3.4513792991638184 318
3.4618282318115234 318
3.4696578979492188 318
3.477957248687744 318
3.4880521297454834 319
3.496351480484009 319
3.506021738052368 318
3.5153439044952393 317
3.5245213508605957 317
3.5327844619750977 318
3.5405185222625732 319
3.549462080001831 319
3.5593016147613525 319
3.567587375640869 318
3.576049327850342 318
3.584498167037964 318
3.594240427017212 318
3.6024556159973145 318
3.6128058433532715 318
3.621870279312134 318
3.6297075748443604 318
3.6381921768188477 318
3.6464033126831055 318
3.6553173065185547 318
3.6647799015045166 318
3.673232316970825 318
3.680570125579834 318
3.698031425476074 318
3.7075674533843994 318
3.716104745864868 318
3.7254109382629395 318
3.7337076663970947 318
3.7419161796569824 318
3.752246856689453 318
3.7607669830322266 318
3.7696638107299805 318
3.7780094146728516 318
3.788191318511963 318
3.796506404876709 318
3.8063461780548096 318
3.8180229663848877 318
3.8263094425201416 318
3.8348069190979004 318
3.843404531478882 318
3.8523173332214355 318
3.8607847690582275 318
3.8695027828216553 318
3.8777804374694824 318
3.8866918087005615 318
3.8959813117980957 318
3.9045822620391846 318
3.913984775543213 318
3.9237797260284424 318
3.9320061206817627 318
3.939872980117798 318
3.948171854019165 318
3.957841634750366 318
3.967381715774536 318
3.9757332801818848 318
3.984639883041382 318
3.9939231872558594 318
4.002167224884033 318
4.00999641418457 318
4.020121335983276 318
4.0295069217681885 318
4.037768363952637 318
4.04607629776001 318
4.0551745891571045 318
4.064469575881958 318
4.072771072387695 318
4.080381393432617 318
4.095166921615601 318
4.103624105453491 318
4.111432075500488 318
4.121910572052002 318
4.130267858505249 318
4.138643503189087 318
4.1471734046936035 318
4.156284332275391 318
4.16588568687439 318
4.174171686172485 318
4.183242559432983 318
4.192186117172241 318
4.199996471405029 318
4.208522081375122 318
4.218295335769653 318
4.227326393127441 318
4.235674858093262 318
4.244752883911133 318
4.25661039352417 318
4.269629001617432 318
4.282325983047485 318
4.295637607574463 318
4.30713963508606 318
4.3208582401275635 318
4.332770586013794 318
4.340374946594238 318
4.349462032318115 318
4.357738018035889 318
4.3660569190979 318
4.375504016876221 317
4.384832382202148 318
4.3942413330078125 319
4.402792692184448 319
4.410401344299316 318
4.420820713043213 317
4.429553270339966 316
4.438490390777588 316
4.447726726531982 317
4.456154823303223 317
4.464615106582642 317
4.47387433052063 316
4.483274459838867 315
4.497359991073608 315
4.506101131439209 316
4.515390872955322 317
4.524792194366455 317
4.533820152282715 316
4.542048215866089 315
4.550713300704956 315
4.5594258308410645 315
4.567878723144531 316
4.577574253082275 316
4.586613178253174 316
4.595802307128906 315
4.604155540466309 315
4.613292694091797 315
4.6206724643707275 315
4.630224943161011 314
4.63957142829895 314
4.648681640625 314
4.656846046447754 314
4.665684700012207 315
4.675307273864746 314
4.684216260910034 313
4.693681240081787 313
4.701944351196289 313
4.709766864776611 314
4.718781232833862 315
4.728234767913818 314
4.736538410186768 313
4.746333599090576 312
4.754843473434448 313
4.763543367385864 313
4.771384000778198 314
4.781954288482666 313
4.79039740562439 313
4.799269676208496 312
4.8079917430877686 312
4.816656827926636 313
4.8276448249816895 313
4.8367087841033936 313
4.8458778858184814 313
4.854236841201782 312
4.8625054359436035 312
4.870460271835327 312
4.880566120147705 311
4.8952295780181885 311
4.903679609298706 311
4.912372350692749 312
4.9204018115997314 312
4.93012261390686 311
4.9387476444244385 311
4.948505163192749 311
4.956695795059204 311
4.965334177017212 310
4.973744630813599 310
4.983686685562134 310
4.992852687835693 311
