0 0
0.011730194091796875 0
0.02687978744506836 0
0.04620242118835449 1
0.06959772109985352 7
0.086639404296875 17
0.10956001281738281 26
0.1284928321838379 39
0.14251327514648438 47
0.15150809288024902 52
0.1598808765411377 58
0.16866850852966309 65
0.17656898498535156 71
0.18532490730285645 76
0.19536209106445312 83
0.2040541172027588 89
0.21268296241760254 97
0.22338461875915527 105
0.23281002044677734 113
0.24244379997253418 120
0.25105714797973633 127
0.25969958305358887 133
0.2686939239501953 141
0.2767016887664795 147
0.2855370044708252 153
0.2955207824707031 161
0.30420517921447754 169
0.3127598762512207 176
0.3219907283782959 183
0.3314015865325928 191
0.3408632278442383 199
0.34958839416503906 205
0.3569984436035156 212
0.3662881851196289 218
0.37482309341430664 227
0.38339734077453613 233
0.39294934272766113 241
0.40234971046447754 248
0.4109487533569336 256
0.42131662368774414 264
0.42971110343933105 273
0.4386718273162842 279
0.4482569694519043 287
0.4616434574127197 297
0.47068333625793457 306
0.47948122024536133 312
0.4869201183319092 317
0.49809837341308594 324
0.5063250064849854 327
0.5158271789550781 331
0.5242173671722412 334
0.5329961776733398 336
0.5416579246520996 339
0.5509445667266846 341
0.5594782829284668 343
0.5685107707977295 345
0.5764548778533936 347
0.5848476886749268 347
0.5944235324859619 348
0.6049966812133789 350
0.6144313812255859 352
0.622797966003418 353
0.6319243907928467 353
0.6402320861816406 353
0.6497230529785156 353
0.6575603485107422 355
0.6664745807647705 355
0.6748642921447754 356
0.6830112934112549 356
0.6917576789855957 357
0.7016687393188477 357
0.7104451656341553 357
0.7198648452758789 357
0.7285678386688232 357
0.7365140914916992 358
0.7461941242218018 358
0.7547032833099365 358
0.7637841701507568 359
0.7721285820007324 359
0.7804272174835205 359
0.7886571884155273 359
0.7986602783203125 359
0.806879997253418 359
0.8163728713989258 359
0.824561357498169 359
0.8333730697631836 359
0.8416957855224609 359
0.850975751876831 359
0.8638794422149658 359
0.8724770545959473 360
0.8810677528381348 360
0.8897266387939453 360
0.9029290676116943 359
0.9159457683563232 359
0.9286832809448242 360
0.9401271343231201 361
0.952866792678833 361
0.9650070667266846 360
0.9765996932983398 358
0.98697829246521 358
0.99623703956604 358
1.0058784484863281 359
1.0157420635223389 360
1.02398681640625 360
1.0327627658843994 360
1.0414512157440186 359
1.0498902797698975 359
1.0592961311340332 360
1.0681419372558594 361
1.0760836601257324 361
1.0843899250030518 360
1.0926268100738525 359
1.1023974418640137 359
1.1117496490478516 359
1.122605562210083 359
1.132143497467041 360
1.1404459476470947 360
1.1486411094665527 360
1.1580612659454346 359
1.1663546562194824 359
1.174818992614746 360
1.1829445362091064 360
1.1915535926818848 361
1.2004435062408447 360
1.2099015712738037 360
1.2190299034118652 359
1.2280981540679932 359
1.236100435256958 360
1.2444345951080322 361
1.2527689933776855 360
1.2684917449951172 359
1.2764334678649902 358
1.2850289344787598 358
1.2943670749664307 358
1.3025732040405273 359
1.3121681213378906 359
1.3220970630645752 360
1.330930471420288 360
1.3394038677215576 359
1.346726655960083 359
1.3563411235809326 359
1.3655586242675781 359
1.3737993240356445 359
1.3821310997009277 359
1.3905847072601318 359
1.3995707035064697 359
1.4086153507232666 359
1.4185314178466797 360
1.4282035827636719 360
1.4360644817352295 360
1.4443585872650146 359
1.4526886940002441 359
1.4624896049499512 360
1.471376895904541 361
1.4797089099884033 361
1.4870407581329346 360
1.4962329864501953 359
1.504537582397461 359
1.5147509574890137 359
1.5244660377502441 360
1.5328373908996582 360
1.5415234565734863 360
1.5497708320617676 360
1.5583438873291016 359
1.5669143199920654 359
1.5755457878112793 359
1.5838737487792969 360
1.5929431915283203 361
1.6016182899475098 360
1.6108183860778809 359
1.6208698749542236 359
1.630765438079834 360
1.6390259265899658 361
1.646693468093872 361
1.661691665649414 360
1.6702101230621338 359
1.678382396697998 359
1.6863431930541992 358
1.69588041305542 359
1.7041985988616943 359
1.7149720191955566 359
1.7240526676177979 359
1.732717752456665 358
1.7415311336517334 358
1.7497684955596924 358
1.7585926055908203 358
1.7676618099212646 359
1.7760701179504395 359
1.7844865322113037 359
1.7930591106414795 359
1.8016963005065918 359
1.809894323348999 359
1.8229267597198486 359
1.8327436447143555 359
1.8414177894592285 359
1.8497869968414307 359
1.858482837677002 359
1.8669867515563965 359
1.878371000289917 359
1.8861587047576904 359
1.8957180976867676 359
1.903949499130249 359
1.9123494625091553 359
1.9233734607696533 359
1.9337410926818848 359
1.942002534866333 359
1.9503817558288574 359
1.9593274593353271 359
1.9683191776275635 359
1.9761064052581787 359
1.9843487739562988 359
1.9929678440093994 359
2.0015602111816406 359
2.0116477012634277 359
2.0224268436431885 359
2.030830144882202 359
2.039379358291626 359
2.0466928482055664 359
2.0559329986572266 359
2.0700929164886475 359
2.0782456398010254 359
2.0861294269561768 359
2.0948946475982666 359
2.1030259132385254 359
2.1116278171539307 359
2.122256278991699 359
2.130911111831665 359
2.139850378036499 359
2.147557497024536 359
2.156294107437134 359
2.164517402648926 359
2.174104928970337 359
2.1823575496673584 359
2.1917147636413574 359
2.199899673461914 359
2.2076456546783447 359
2.216580867767334 359
2.2265431880950928 359
2.2348697185516357 359
2.243881940841675 359
2.252272129058838 359
2.261077880859375 359
2.2695555686950684 359
2.27854061126709 359
2.28692626953125 359
2.2955782413482666 359
2.3038856983184814 359
2.312281608581543 359
2.3229713439941406 359
2.331584930419922 359
2.339803457260132 359
2.3483829498291016 359
2.3567376136779785 359
2.365328788757324 359
2.374579906463623 359
2.3827879428863525 359
2.3921236991882324 359
2.4003653526306152 359
2.408529281616211 359
2.4185776710510254 359
2.4281961917877197 359
2.4361581802368164 359
2.4470226764678955 359
2.456372022628784 359
2.468736171722412 359
2.478233814239502 359
2.486576557159424 359
2.4954137802124023 359
2.503570318222046 359
2.5118212699890137 359
2.5217766761779785 359
2.5309653282165527 359
2.5394747257232666 359
2.5481269359588623 359
2.556605815887451 359
2.5653316974639893 359
2.5735435485839844 359
2.582667827606201 359
2.5917348861694336 359
2.5999581813812256 359
2.6081058979034424 359
2.6167967319488525 359
2.6257896423339844 359
2.6350150108337402 359
2.6430165767669678 359
2.652524709701538 359
2.660938024520874 359
2.669541120529175 359
2.676823616027832 359
2.6868669986724854 359
2.6955814361572266 359
2.7037529945373535 359
2.711944818496704 359
2.7215492725372314 359
2.730849266052246 359
2.7390785217285156 359
2.746626138687134 359
2.756009340286255 359
2.7642698287963867 359
2.7725095748901367 359
2.7820522785186768 359
2.791321039199829 359
2.799511671066284 359
2.8068108558654785 359
2.8161678314208984 359
2.8254892826080322 359
2.8345909118652344 359
2.842730760574341 359
2.8521595001220703 359
2.865618944168091 359
2.8740129470825195 359
2.883937120437622 359
2.892256021499634 359
2.900566577911377 359
2.908606767654419 359
2.9189586639404297 359
2.926487922668457 359
2.9360289573669434 359
2.944314479827881 359
2.954397678375244 359
2.9630844593048096 359
2.9728376865386963 359
2.9859845638275146 359
2.997685432434082 359
3.0096499919891357 359
3.0228116512298584 359
3.0356481075286865 359
3.0468246936798096 359
3.056469202041626 359
3.0655317306518555 359
3.0736477375030518 359
3.082698106765747 359
3.0923330783843994 359
3.100677013397217 359
3.1086628437042236 359
3.1184170246124268 359
3.1261675357818604 359
3.1344025135040283 359
3.1437807083129883 359
3.1525776386260986 359
3.161604404449463 359
3.1698567867279053 359
3.17708158493042 359
3.186218023300171 359
3.1955769062042236 359
3.203779458999634 359
3.2121987342834473 359
3.2220306396484375 359
3.2302441596984863 359
3.2396745681762695 359
3.246946334838867 359
3.255913734436035 359
3.2684543132781982 359
3.276440382003784 359
3.2856616973876953 359
3.294997215270996 359
3.303020477294922 359
3.311586380004883 359
3.3207242488861084 359
3.3287086486816406 359
3.336574077606201 359
3.3527560234069824 359
3.361393928527832 359
3.370077610015869 359
3.3782002925872803 359
3.386558771133423 359
3.3962175846099854 359
3.4044532775878906 359
3.4143569469451904 359
3.422623872756958 359
3.4310789108276367 359
3.4396157264709473 359
3.4498538970947266 359
3.457686185836792 359
3.4695520401000977 359
3.4768388271331787 359
3.486145496368408 359
3.4956789016723633 359
3.5039238929748535 359
3.5123491287231445 359
3.5222034454345703 359
3.5305662155151367 359
3.538663148880005 359
3.5489397048950195 359
3.55655574798584 359
3.564990520477295 359
3.5736403465270996 359
3.5825002193450928 359
3.5909230709075928 359
3.6003055572509766 359
3.6085543632507324 359
3.6182005405426025 359
3.6259899139404297 359
3.6344411373138428 359
3.6426992416381836 359
3.6526296138763428 359
3.6647379398345947 359
3.674053907394409 359
3.6828677654266357 359
3.6917648315429688 359
3.7009854316711426 359
3.709451198577881 359
3.7194206714630127 359
3.726729393005371 359
3.73551344871521 359
3.7437479496002197 359
3.7536301612854004 359
3.7620320320129395 359
3.770709276199341 359
3.779595375061035 359
3.7868783473968506 359
3.795520544052124 359
3.8045785427093506 359
3.8207509517669678 359
3.83154296875 359
3.8399569988250732 359
3.850107192993164 359
3.8583340644836426 359
3.8662726879119873 359
3.876039743423462 359
3.8855390548706055 359
3.893765449523926 359
3.902827739715576 359
3.911945343017578 359
3.921020984649658 359
3.9298863410949707 359
3.9402050971984863 359
3.9494378566741943 359
3.958533525466919 359
3.966303825378418 359
3.974545955657959 359
3.9842090606689453 359
3.992607831954956 359
4.001974582672119 359
4.011395692825317 359
4.0205793380737305 359
4.0286571979522705 359
4.036423921585083 359
4.045400619506836 359
4.05474591255188 359
4.066039562225342 359
4.075555324554443 359
4.084599256515503 359
4.092916011810303 359
4.101531982421875 359
4.111780166625977 359
4.121009111404419 359
4.129457235336304 359
4.136735200881958 359
4.145954847335815 359
4.155388116836548 359
4.163621187210083 359
4.183012962341309 359
4.20005202293396 359
4.220834016799927 359
4.239655256271362 359
4.258688688278198 359
4.266558885574341 359
4.274888515472412 359
4.283857107162476 359
4.292825937271118 359
4.301732778549194 359
4.311840534210205 359
4.3208558559417725 359
4.329293489456177 359
4.336632490158081 359
4.345918416976929 359
4.35428524017334 359
4.363815546035767 359
4.3721020221710205 359
4.3813722133636475 359
4.390126466751099 359
4.398328542709351 359
4.406159400939941 359
4.418199062347412 359
4.425976991653442 359
4.434297800064087 359
4.444215536117554 359
4.45246958732605 359
4.462005138397217 359
4.475008487701416 359
4.483577251434326 359
4.492542743682861 359
4.500948667526245 359
4.5107951164245605 359
4.519885540008545 359
4.528053283691406 359
4.535981893539429 359
4.545013189315796 359
4.55305027961731 359
4.5624473094940186 359
4.570946216583252 359
4.579907417297363 359
4.588051795959473 359
4.596380710601807 359
4.604743719100952 359
4.61576509475708 359
4.624026536941528 359
4.632266283035278 359
4.6416425704956055 359
4.650043249130249 359
4.658222913742065 359
4.666841268539429 359
4.675873041152954 359
4.684190034866333 359
4.692425727844238 359
4.7015485763549805 359
4.710783958435059 359
4.720966339111328 359
4.729453086853027 359
4.7368128299713135 359
4.745988368988037 359
4.754275560379028 359
4.762485980987549 359
4.772214889526367 359
4.7814836502075195 359
4.789753198623657 359
4.797082424163818 359
4.806380271911621 359
4.821702480316162 359
4.830061912536621 359
4.838222980499268 359
4.846445560455322 359
4.854813575744629 359
4.862886190414429 359
4.876652240753174 359
4.885480642318726 359
4.894024848937988 359
4.90288519859314 359
4.9119861125946045 359
4.92222785949707 359
4.930719614028931 359
4.939743757247925 359
4.947021484375 359
4.9583165645599365 359
4.96616268157959 359
4.976020097732544 359
4.984286546707153 359
4.99254584312439 359
