0 0
0.015092134475708008 0
0.0343174934387207 0
0.053693532943725586 3
0.07598614692687988 8
0.08981657028198242 14
0.0991363525390625 17
0.10749459266662598 21
0.11585450172424316 26
0.1256873607635498 31
0.13420891761779785 37
0.14437007904052734 44
0.1548776626586914 50
0.16413164138793945 57
0.17276716232299805 62
0.18021631240844727 68
0.1898193359375 75
0.20380282402038574 86
0.21209454536437988 91
0.22020244598388672 97
0.23021841049194336 105
0.23976755142211914 113
0.24820661544799805 119
0.25743699073791504 125
0.265841007232666 133
0.2747647762298584 139
0.2831592559814453 146
0.2934532165527344 154
0.30177760124206543 162
0.3097360134124756 166
0.31822800636291504 174
0.32769346237182617 183
0.34404635429382324 196
0.35268521308898926 202
0.3624274730682373 210
0.3700826168060303 217
0.37894392013549805 224
0.38735008239746094 230
0.3975107669830322 238
0.4058973789215088 246
0.4147369861602783 253
0.42345380783081055 260
0.43178319931030273 267
0.4397091865539551 273
0.4492487907409668 279
0.46363019943237305 289
0.4719278812408447 294
0.47980833053588867 297
0.4882645606994629 300
0.4982028007507324 304
0.5063984394073486 307
0.515794038772583 311
0.5255346298217773 314
0.5348243713378906 317
0.5441370010375977 320
0.5530235767364502 322
0.5630092620849609 325
0.5703232288360596 328
0.5818746089935303 330
0.5902717113494873 332
0.6052935123443604 334
0.6139476299285889 335
0.6230566501617432 336
0.6304099559783936 338
0.6392903327941895 340
0.6488816738128662 342
0.6590476036071777 342
0.6673476696014404 343
0.6756386756896973 344
0.6841433048248291 345
0.6933982372283936 347
0.7029786109924316 349
0.7103896141052246 350
0.719247579574585 350
0.7278783321380615 350
0.7361724376678467 350
0.7461419105529785 350
0.7556061744689941 352
0.7649996280670166 354
0.7733161449432373 356
0.7815487384796143 358
0.7899892330169678 358
0.7995262145996094 358
0.8078267574310303 357
0.8162863254547119 357
0.8255741596221924 358
0.8340864181518555 359
0.8432981967926025 359
0.8526918888092041 359
0.8628287315368652 358
0.8702468872070312 358
0.8790676593780518 358
0.8877534866333008 359
0.8962397575378418 360
0.9058539867401123 360
0.9143214225769043 360
0.9234697818756104 360
0.9316086769104004 359
0.939690113067627 359
0.9495446681976318 358
0.959470272064209 360
0.9679243564605713 360
0.9762661457061768 360
0.9848864078521729 360
0.9940791130065918 360
1.0076241493225098 360
1.015972375869751 359
1.0255753993988037 359
1.034102201461792 359
1.0421199798583984 359
1.0515429973602295 359
1.0621285438537598 360
1.0699536800384521 359
1.0788514614105225 359
1.089106798171997 358
1.0974881649017334 359
1.1070475578308105 360
1.115626573562622 361
1.1248657703399658 360
1.133312463760376 360
1.1414453983306885 359
1.149374008178711 359
1.1600430011749268 359
1.1688323020935059 360
1.1773247718811035 360
1.1862027645111084 360
1.194805383682251 360
1.2030103206634521 360
1.2120115756988525 359
1.2204275131225586 359
1.2290737628936768 359
1.2375178337097168 359
1.2457482814788818 359
1.256188154220581 359
1.2655045986175537 359
1.2737619876861572 359
1.2819759845733643 359
1.2901530265808105 359
1.2989680767059326 359
1.3079917430877686 359
1.3161695003509521 359
1.3255021572113037 359
1.3337299823760986 359
1.3419110774993896 359
1.3496649265289307 359
1.3616406917572021 359
1.3695478439331055 359
1.377772331237793 359
1.3864471912384033 359
1.3950414657592773 359
1.407970666885376 359
1.4163947105407715 359
1.4256715774536133 359
1.4341249465942383 359
1.4423737525939941 359
1.4509942531585693 359
1.4610559940338135 359
1.4692492485046387 359
1.47763991355896 359
1.4867122173309326 359
1.4952847957611084 359
1.503537654876709 359
1.5129659175872803 359
1.5215885639190674 359
1.5293662548065186 359
1.5377867221832275 359
1.545971393585205 359
1.5554254055023193 359
1.5659682750701904 359
1.5747427940368652 359
1.5834290981292725 359
1.5915839672088623 359
1.6020569801330566 359
1.611046314239502 359
1.6199054718017578 359
1.62870192527771 359
1.6367592811584473 359
1.6451382637023926 359
1.6543543338775635 359
1.6644539833068848 359
1.6728386878967285 359
1.6800909042358398 359
1.689202070236206 359
1.6973955631256104 359
1.705653429031372 359
1.7157771587371826 359
1.724186897277832 359
1.7323460578918457 359
1.7399184703826904 359
1.748936653137207 359
1.7581431865692139 359
1.7679710388183594 359
1.7763197422027588 359
1.7854540348052979 359
1.7937161922454834 359
1.8056061267852783 359
1.8155758380889893 359
1.8241033554077148 359
1.8327889442443848 359
1.8400981426239014 359
1.8493752479553223 359
1.8584272861480713 359
1.8678200244903564 359
1.876046895980835 359
1.8851678371429443 359
1.8935532569885254 359
1.9016962051391602 359
1.909501552581787 359
1.9194788932800293 359
1.927778720855713 359
1.9378278255462646 359
1.9496753215789795 359
1.9626920223236084 359
1.9756650924682617 359
1.9875602722167969 359
1.998676061630249 359
2.0118727684020996 359
2.0257492065429688 359
2.037321090698242 359
2.0459818840026855 359
2.0549402236938477 359
2.0648415088653564 359
2.074202060699463 359
2.0832505226135254 359
2.0909950733184814 359
2.099161148071289 359
2.1087851524353027 359
2.1176764965057373 359
2.127131462097168 359
2.1355440616607666 359
2.1440582275390625 359
2.1531035900115967 359
2.1620278358459473 359
2.169801950454712 359
2.1802327632904053 359
2.188900947570801 359
2.197253704071045 359
2.209366798400879 359
2.2182130813598633 359
2.2275311946868896 359
2.2358715534210205 359
2.244328498840332 359
2.253565788269043 359
2.2627227306365967 359
2.2700705528259277 359
2.2802186012268066 359
2.2888851165771484 359
2.2971746921539307 359
2.3054418563842773 359
2.3143882751464844 359
2.3241827487945557 359
2.3324055671691895 359
2.339928388595581 359
2.349224328994751 359
2.3583600521087646 359
2.366443634033203 359
2.3759665489196777 359
2.3853237628936768 359
2.393604278564453 359
2.401770830154419 359
2.409716844558716 359
2.4187517166137695 359
2.4277162551879883 359
2.4361023902893066 359
2.4452593326568604 359
2.4641692638397217 359
2.4750213623046875 359
2.48573637008667 359
2.494394063949585 359
2.5028650760650635 359
2.5101678371429443 359
2.5217649936676025 359
2.5303378105163574 359
2.5391080379486084 359
2.547832727432251 359
2.5563652515411377 359
2.565561294555664 359
2.5748610496520996 359
2.5855979919433594 359
2.593963861465454 359
2.6020500659942627 359
2.6152124404907227 359
2.6236047744750977 359
2.6331417560577393 359
2.6404340267181396 359
2.6497457027435303 359
2.6592061519622803 359
2.667607069015503 359
2.675966739654541 359
2.686347484588623 359
2.6949448585510254 359
2.7031586170196533 359
2.712017297744751 359
2.7197766304016113 359
2.7280795574188232 359
2.737619638442993 359
2.7463998794555664 359
2.7549965381622314 359
2.7639849185943604 359
2.772066831588745 359
2.7820146083831787 359
2.790288209915161 359
2.7990853786468506 359
2.8073318004608154 359
2.8161978721618652 359
2.824897289276123 359
2.8340651988983154 359
2.8428876399993896 359
2.850221872329712 359
2.8598241806030273 359
2.868168830871582 359
2.8773767948150635 359
2.886385202407837 359
2.8949806690216064 359
2.9032320976257324 359
2.911888837814331 358
2.9200069904327393 358
2.9292795658111572 359
2.938929319381714 360
2.9483835697174072 360
2.957469940185547 359
2.9658284187316895 358
2.975349187850952 357
2.9837684631347656 357
2.9938178062438965 358
3.0020434856414795 360
3.015125274658203 360
3.0235044956207275 360
3.031691312789917 360
3.042980909347534 359
3.0517024993896484 358
3.063241958618164 358
3.071068048477173 359
3.079824924468994 360
3.092106342315674 360
3.100405216217041 360
3.1096303462982178 359
3.118119716644287 358
3.126227378845215 357
3.135139226913452 357
3.144810199737549 358
3.1532955169677734 358
3.162363052368164 359
3.1699392795562744 359
3.1793429851531982 358
3.1889193058013916 358
3.197687864303589 359
3.206042528152466 359
3.215298891067505 359
3.223576784133911 358
3.2319672107696533 358
3.2420270442962646 358
3.249791145324707 358
3.2597975730895996 358
3.2688045501708984 358
3.2778563499450684 358
3.2860517501831055 358
3.2956011295318604 358
3.3038442134857178 358
3.313114881515503 358
3.3204214572906494 358
3.3362882137298584 358
3.3470544815063477 358
3.3561768531799316 358
3.3655354976654053 358
3.3744542598724365 358
3.382982015609741 358
3.390281915664673 358
3.399871587753296 358
3.414242744445801 358
3.422882080078125 358
3.4302079677581787 358
3.439608335494995 358
3.4492452144622803 358
3.4587514400482178 358
3.466947078704834 358
3.4757046699523926 358
3.4847400188446045 358
3.4930315017700195 358
3.502934694290161 358
3.5131208896636963 358
3.5220749378204346 358
3.5298311710357666 358
3.53904390335083 358
3.5482571125030518 358
3.556910514831543 358
3.5658490657806396 358
3.5753111839294434 358
3.5836079120635986 358
3.591878890991211 358
3.602823257446289 358
3.6120193004608154 358
3.6198081970214844 358
3.628131628036499 358
3.6363677978515625 358
3.6456260681152344 358
3.6551125049591064 358
3.664275884628296 358
3.6731488704681396 358
3.6804401874542236 358
3.689180850982666 358
3.698723316192627 358
3.7077243328094482 358
3.715986490249634 358
3.724453926086426 358
3.732941150665283 358
3.7416911125183105 358
3.751533269882202 358
3.7603249549865723 358
3.7689638137817383 358
3.777587890625 358
3.7862730026245117 358
3.7949140071868896 358
3.804960012435913 358
3.8176615238189697 358
3.8260297775268555 358
3.83497953414917 358
3.8436453342437744 358
3.853149890899658 358
3.86197566986084 358
3.8704564571380615 358
3.8792574405670166 358
3.887502670288086 358
3.8967807292938232 358
3.9069533348083496 358
3.9157702922821045 358
3.924208164215088 358
3.9328348636627197 358
3.9415717124938965 358
3.9493699073791504 358
3.9595465660095215 358
3.9679887294769287 358
3.9772489070892334 358
3.985551595687866 358
3.9941518306732178 358
4.0037853717803955 358
4.0144054889678955 358
4.025760889053345 358
4.0388267040252686 358
4.049840688705444 358
4.065510272979736 358
4.07700252532959 358
4.088242292404175 358
4.099888324737549 357
4.1146931648254395 358
4.123636960983276 358
4.131885290145874 358
4.140268087387085 358
4.148943901062012 358
4.159243822097778 358
4.16761326789856 358
4.176393985748291 357
4.185118913650513 357
4.193395137786865 357
4.202003002166748 358
4.215303421020508 358
4.2244627475738525 358
4.233221530914307 357
4.242029428482056 357
4.24992561340332 356
4.259807109832764 357
4.269192695617676 358
4.277601003646851 358
4.285858392715454 358
4.294734001159668 357
4.303421974182129 356
4.312967300415039 356
4.320314884185791 356
4.328985691070557 357
4.337844610214233 358
4.346224784851074 358
4.355096340179443 358
4.365566968917847 357
4.374930381774902 356
4.383301496505737 356
4.3910744190216064 357
4.399430751800537 358
4.408390283584595 358
4.41787314414978 357
4.426994800567627 357
4.436114549636841 356
4.4448418617248535 357
4.453309774398804 357
4.463603734970093 358
4.472893714904785 357
4.4803009033203125 357
4.489262580871582 356
4.497596502304077 356
4.5067298412323 357
4.51606822013855 357
4.524773597717285 357
4.5337278842926025 357
4.5419230461120605 357
4.549701929092407 357
4.559265851974487 356
4.5693278312683105 356
4.577724933624268 357
4.586199522018433 358
4.5951151847839355 358
4.604219198226929 357
4.617581844329834 356
4.627471208572388 356
4.636775493621826 356
4.6454408168792725 357
4.654176950454712 358
4.664732456207275 358
4.673726558685303 357
4.6820900440216064 356
4.689990282058716 356
4.6984124183654785 356
4.707566261291504 357
4.717174530029297 357
4.725466966629028 357
4.734922885894775 357
4.743364095687866 357
4.75152850151062 357
4.760029315948486 356
4.77018404006958 356
4.778951168060303 356
4.787246942520142 357
4.795646667480469 357
4.80492377281189 358
4.813211917877197 357
4.822838544845581 356
4.830272436141968 356
4.839929819107056 356
4.848237991333008 357
4.85704493522644 358
4.866445064544678 358
4.875988245010376 357
4.884878873825073 356
4.8933680057525635 356
4.90241003036499 356
4.909953832626343 357
4.919681787490845 357
4.928123474121094 357
4.93643856048584 357
4.9450671672821045 357
4.953465700149536 356
4.962925434112549 356
4.972959041595459 356
4.980249404907227 357
4.988984823226929 357
4.997699499130249 357
