0 0
0.017275094985961914 0
0.03391456604003906 0
0.05423116683959961 3
0.0704958438873291 8
0.08393216133117676 12
0.09191370010375977 15
0.10111045837402344 18
0.11114025115966797 20
0.11958694458007812 21
0.1286015510559082 24
0.1378636360168457 26
0.1461656093597412 28
0.15439581871032715 31
0.16234326362609863 33
0.17186903953552246 35
0.18147540092468262 37
0.18990516662597656 38
0.1982250213623047 39
0.20807623863220215 42
0.21761679649353027 45
0.22614145278930664 48
0.23601675033569336 50
0.24428915977478027 51
0.25678157806396484 54
0.26538586616516113 55
0.27433156967163086 58
0.28343963623046875 60
0.2917935848236084 62
0.3001213073730469 64
0.31060004234313965 67
0.31877803802490234 68
0.3275728225708008 69
0.3377876281738281 71
0.34650683403015137 72
0.35509276390075684 74
0.3624868392944336 76
0.3718721866607666 78
0.3815152645111084 80
0.39002394676208496 82
0.39838528633117676 82
0.4085061550140381 85
0.41814374923706055 88
0.42673563957214355 90
0.4366719722747803 93
0.44519519805908203 94
0.4526193141937256 95
0.46239614486694336 97
0.4717378616333008 98
0.48015356063842773 100
0.4898567199707031 102
0.49811744689941406 104
0.5076925754547119 106
0.5176973342895508 108
0.5264289379119873 110
0.5360414981842041 111
0.544398307800293 112
0.5522375106811523 115
0.5606086254119873 117
0.5697975158691406 118
0.5781800746917725 119
0.587799072265625 120
0.5961716175079346 121
0.6053268909454346 123
0.6143875122070312 126
0.6222825050354004 128
0.6307494640350342 130
0.6413040161132812 131
0.6525101661682129 132
0.6625304222106934 134
0.6719989776611328 136
0.6805019378662109 138
0.6897954940795898 139
0.6981344223022461 140
0.7073945999145508 142
0.7173535823822021 144
0.725637674331665 146
0.7347755432128906 147
0.7440826892852783 147
0.7520294189453125 148
0.7602896690368652 149
0.7695343494415283 150
0.7778370380401611 152
0.7861592769622803 154
0.7958714962005615 156
0.8053574562072754 158
0.8187351226806641 158
0.8275294303894043 160
0.8366093635559082 162
0.8460695743560791 164
0.854316234588623 165
0.8621923923492432 166
0.8713135719299316 166
0.8796272277832031 168
0.8880772590637207 168
0.8983514308929443 170
0.9071345329284668 172
0.9161789417266846 173
0.9254903793334961 174
0.9342014789581299 175
0.9433720111846924 176
0.9517438411712646 177
0.9600944519042969 178
0.9711952209472656 180
0.9799339771270752 182
0.9883146286010742 183
0.9984004497528076 183
1.0073864459991455 184
1.016322135925293 184
1.0256214141845703 186
1.0344574451446533 188
1.0453410148620605 189
1.0575158596038818 190
1.066577672958374 190
1.0753049850463867 190
1.0827546119689941 191
1.0915699005126953 193
1.1015880107879639 195
1.1110901832580566 196
1.1194050312042236 196
1.1284170150756836 197
1.1377475261688232 198
1.1472246646881104 200
1.1557657718658447 201
1.1644573211669922 202
1.1723287105560303 202
1.1811015605926514 203
1.1895740032196045 204
1.1995792388916016 205
1.2079384326934814 206
1.2171471118927002 207
1.2254579067230225 208
1.2350561618804932 209
1.2423970699310303 209
1.2521100044250488 210
1.2606093883514404 210
1.2697944641113281 212
1.278085708618164 213
1.2916061878204346 214
1.301781177520752 215
1.3113317489624023 216
1.319620132446289 216
1.327946662902832 217
1.338176965713501 218
1.346817970275879 218
1.3563215732574463 220
1.3665330410003662 221
1.3777756690979004 223
1.389312505722046 223
1.4034109115600586 223
1.4177532196044922 224
1.4301996231079102 227
1.4415061473846436 230
1.4594004154205322 232
1.4711380004882812 232
1.4797594547271729 232
1.488335132598877 232
1.4976146221160889 232
1.5072474479675293 234
1.5163536071777344 236
1.5248115062713623 238
1.534400224685669 238
1.54219651222229 239
1.5511384010314941 238
1.560331106185913 239
1.5693762302398682 240
1.5777597427368164 241
1.5860471725463867 242
1.5951919555664062 242
1.6026360988616943 242
1.6138598918914795 242
1.6217842102050781 242
1.6306335926055908 244
1.6387758255004883 246
1.6476104259490967 246
1.6571831703186035 247
1.6663482189178467 247
1.6752231121063232 248
1.6838018894195557 249
1.6916561126708984 250
1.700300693511963 251
1.7106266021728516 251
1.719273328781128 250
1.7282798290252686 250
1.7368035316467285 250
1.7458434104919434 251
1.754204511642456 253
1.7643980979919434 254
1.772228479385376 255
1.780630350112915 255
1.7892794609069824 255
1.7980966567993164 256
1.806731939315796 258
1.8173298835754395 259
1.8261139392852783 260
1.8344967365264893 260
1.8422985076904297 260
1.8511865139007568 261
1.865828275680542 264
1.8741586208343506 265
1.8820891380310059 266
1.8906221389770508 266
1.8999357223510742 266
1.9100193977355957 266
1.919806957244873 267
1.9291255474090576 269
1.9378199577331543 270
1.9471123218536377 271
1.9554030895233154 271
1.9656577110290527 272
1.9738779067993164 272
1.9817328453063965 272
1.990034580230713 273
1.9993031024932861 274
2.010056972503662 276
2.019735097885132 276
2.0284008979797363 275
2.03718900680542 274
2.0459516048431396 275
2.0542399883270264 276
2.0643815994262695 277
2.072370767593384 277
2.0807888507843018 276
2.089538812637329 276
2.0982472896575928 276
2.10675311088562 278
2.117187976837158 279
2.1261587142944336 280
2.1343941688537598 281
2.1422343254089355 282
2.151543140411377 282
2.160562753677368 281
2.1699626445770264 281
2.1782114505767822 282
2.1867570877075195 282
2.1958048343658447 283
2.204007863998413 283
2.212804079055786 282
2.222409248352051 282
2.23134183883667 282
2.239673137664795 283
2.248030185699463 284
2.2604825496673584 284
2.270146369934082 284
2.278524875640869 284
2.287285566329956 285
2.296160936355591 286
2.304431200027466 287
2.313822031021118 287
2.3225975036621094 286
2.331796646118164 286
2.3400461673736572 286
2.348255157470703 286
2.357534170150757 288
2.365933656692505 289
2.3754634857177734 290
2.3827762603759766 291
2.392096757888794 291
2.400484323501587 291
2.4100992679595947 292
2.4196550846099854 292
2.430541515350342 293
2.4395813941955566 293
2.448054313659668 294
2.4579250812530518 294
2.4664106369018555 294
2.475754737854004 295
2.483961343765259 295
2.4922564029693604 295
2.500603437423706 295
2.5094189643859863 296
2.518355369567871 296
2.5284080505371094 297
2.537151336669922 297
2.5454535484313965 298
2.553354501724243 298
2.5624983310699463 298
2.5722029209136963 298
2.5805790424346924 298
2.589878559112549 298
2.5981533527374268 300
2.6067426204681396 300
2.616013526916504 300
2.6260509490966797 300
2.6343064308166504 300
2.64208984375 301
2.6505908966064453 302
2.664297580718994 302
2.6738998889923096 301
2.681943416595459 300
2.691624402999878 300
2.699882745742798 301
2.708404779434204 302
2.717954158782959 303
2.7279653549194336 303
2.7364280223846436 302
2.745217800140381 301
2.75260853767395 301
2.762242317199707 302
2.7707512378692627 302
2.7801272869110107 303
2.7890994548797607 303
2.797487497329712 302
2.8060245513916016 302
2.8153955936431885 303
2.8241474628448486 304
2.8327128887176514 305
2.8414535522460938 304
2.8499510288238525 303
2.8586583137512207 303
2.867971181869507 303
2.877432107925415 303
2.8858110904693604 304
2.8947246074676514 305
2.9025533199310303 305
2.9120187759399414 305
2.921294927597046 305
2.930771827697754 305
2.9403393268585205 306
2.9485702514648438 306
2.9577853679656982 307
2.9667272567749023 307
2.975489854812622 306
2.9851016998291016 306
2.993922233581543 307
3.001749277114868 308
3.011232852935791 308
3.0199460983276367 307
3.0295677185058594 307
3.037916660308838 308
3.046581506729126 308
3.060018301010132 309
3.0683982372283936 310
3.0777575969696045 310
3.0880324840545654 309
3.0965628623962402 308
3.105340003967285 308
3.114394187927246 308
3.1226418018341064 309
3.1321494579315186 310
3.140625 311
3.148792266845703 310
3.1582019329071045 310
3.1668245792388916 309
3.1758980751037598 308
3.185774803161621 309
3.1939587593078613 310
3.201878070831299 310
3.2113101482391357 311
3.2202517986297607 310
3.2286977767944336 310
3.2382776737213135 310
3.2466516494750977 310
3.2557082176208496 311
3.2640023231506348 312
3.2719244956970215 312
3.2810277938842773 312
3.2910172939300537 312
3.2988078594207764 312
3.3074021339416504 312
3.316683530807495 312
3.325767755508423 312
3.3352506160736084 312
3.34957218170166 314
3.358351707458496 314
3.3672211170196533 314
3.3754611015319824 314
3.385655403137207 314
3.3939428329467773 314
3.401737689971924 314
3.4119858741760254 314
3.4211578369140625 315
3.4296181201934814 316
3.4386584758758545 315
3.448617935180664 314
3.467735528945923 315
3.4803171157836914 317
3.494399309158325 319
3.505790948867798 319
3.5187482833862305 318
3.5311169624328613 317
3.541154384613037 317
3.5496902465820312 318
3.558394432067871 319
3.5671896934509277 320
3.575493097305298 320
3.5840952396392822 320
3.5927813053131104 320
3.6014366149902344 320
3.6106324195861816 320
3.6198716163635254 320
3.6283462047576904 321
3.6370975971221924 321
3.64654803276062 321
3.6553573608398438 322
3.6633129119873047 322
3.671597719192505 322
3.67986798286438 321
3.6901371479034424 321
3.69856595993042 321
3.7075045108795166 322
3.7176618576049805 322
3.7259862422943115 322
3.734159469604492 322
3.742691993713379 322
3.7521018981933594 323
3.76102352142334 323
3.76963210105896 323
3.7779572010040283 322
3.7878360748291016 322
3.7973151206970215 322
3.8056716918945312 323
3.818727731704712 324
3.827970504760742 324
3.8363428115844727 324
3.8457608222961426 323
3.855219841003418 322
3.8684511184692383 323
3.877342700958252 324
3.886669397354126 325
3.8970947265625 325
3.9053871631622314 325
3.9154093265533447 324
3.923384189605713 324
3.9343631267547607 324
3.942166805267334 325
3.9525389671325684 325
3.961245536804199 325
3.9695188999176025 325
3.9778409004211426 325
3.987086772918701 325
3.9973480701446533 325
4.008606433868408 325
4.021339416503906 325
4.029554128646851 326
4.037997007369995 326
4.0479819774627686 325
4.05656099319458 324
4.065279960632324 324
4.072605609893799 325
4.0823469161987305 326
4.091114282608032 326
4.101192951202393 326
4.110121726989746 326
4.11857008934021 326
4.127359867095947 325
4.135734558105469 325
4.143951177597046 325
4.153968811035156 326
4.161913871765137 326
4.170215606689453 326
4.178408622741699 325
4.187911510467529 325
4.196197748184204 325
4.205636262893677 325
4.21580696105957 326
4.2239978313446045 326
4.23174262046814 325
4.24018120765686 325
4.250517129898071 325
4.2586424350738525 326
4.271780967712402 326
4.281148910522461 326
4.289514780044556 326
4.298356056213379 326
4.307940244674683 326
4.318004131317139 326
4.3263373374938965 326
4.334424257278442 326
4.342179536819458 326
4.352206468582153 326
4.360550880432129 326
4.368829250335693 326
4.377472400665283 326
4.386526107788086 326
4.394811630249023 326
4.404418230056763 326
4.415592908859253 326
4.423320055007935 326
4.431649208068848 326
4.441261291503906 326
4.449979066848755 326
4.459390640258789 326
4.467711448669434 326
4.475972652435303 326
4.485394239425659 326
4.492724418640137 326
4.501370906829834 326
4.512449264526367 326
4.521071910858154 326
4.529321908950806 326
4.537747144699097 326
4.547053337097168 326
4.556074619293213 326
4.564294338226318 326
4.572099208831787 326
4.5813093185424805 326
4.589536428451538 326
4.597820997238159 326
4.607830762863159 326
4.617648124694824 326
4.625857830047607 326
4.634046792984009 326
4.641888856887817 326
4.650624990463257 326
4.66006064414978 326
4.672318935394287 326
4.681584119796753 326
4.689988136291504 326
4.698293924331665 326
4.70767617225647 326
4.717184782028198 326
4.7257161140441895 326
4.733872413635254 326
4.741654872894287 326
4.750185966491699 326
4.759579658508301 326
4.76789402961731 326
4.776814699172974 326
4.785455226898193 326
4.7927634716033936 326
4.801562786102295 326
4.812350749969482 326
4.821022272109985 326
4.829144239425659 326
4.837595701217651 326
4.846742391586304 326
4.855218172073364 326
4.864284992218018 326
4.872031211853027 326
4.881304025650024 326
4.889573335647583 326
4.8978798389434814 326
4.906426906585693 326
4.917189121246338 326
4.925651788711548 326
4.933807849884033 326
4.942132949829102 326
4.9533655643463135 326
4.962310075759888 326
4.9711527824401855 326
4.979900360107422 326
4.9881086349487305 326
4.996570587158203 326
