0 0
0.01219487190246582 0
0.030343055725097656 0
0.050196170806884766 3
0.06973600387573242 8
0.08586287498474121 14
0.09550952911376953 18
0.10382914543151855 22
0.11204242706298828 26
0.12082719802856445 29
0.12965965270996094 32
0.13928532600402832 35
0.14745759963989258 38
0.1554429531097412 40
0.16485095024108887 44
0.1749439239501953 47
0.1839432716369629 50
0.19345784187316895 54
0.20175862312316895 56
0.21035218238830566 60
0.21908855438232422 63
0.22894525527954102 66
0.23801493644714355 69
0.24594712257385254 71
0.2544102668762207 74
0.26331496238708496 76
0.2723665237426758 80
0.2816586494445801 82
0.29163312911987305 86
0.30022335052490234 89
0.3129289150238037 93
0.32140493392944336 95
0.3310277462005615 98
0.3407759666442871 102
0.3491053581237793 104
0.35641026496887207 106
0.36539268493652344 108
0.374666690826416 112
0.38277673721313477 114
0.3929789066314697 116
0.40143275260925293 118
0.40981078147888184 120
0.4180638790130615 123
0.4269695281982422 125
0.43583083152770996 128
0.4452400207519531 130
0.4536881446838379 133
0.4628136157989502 136
0.4712488651275635 138
0.4807131290435791 140
0.4910316467285156 142
0.49932026863098145 143
0.5075464248657227 146
0.5155799388885498 147
0.5244057178497314 150
0.532477617263794 152
0.5420122146606445 154
0.5507948398590088 156
0.5600841045379639 158
0.5688583850860596 160
0.5776925086975098 162
0.5855250358581543 163
0.5955905914306641 166
0.6039457321166992 168
0.6121790409088135 170
0.6209020614624023 171
0.6301250457763672 173
0.6384479999542236 174
0.6477468013763428 176
0.6561827659606934 178
0.6649179458618164 180
0.673973798751831 183
0.6822352409362793 184
0.6914389133453369 185
0.7009778022766113 187
0.7135055065155029 189
0.7229526042938232 191
0.7324788570404053 193
0.7422304153442383 195
0.7518832683563232 196
0.761000394821167 198
0.7692949771881104 200
0.778101921081543 202
0.7859344482421875 204
0.7960476875305176 205
0.8047661781311035 206
0.8132162094116211 206
0.8222429752349854 208
0.8309216499328613 210
0.8393130302429199 212
0.8488435745239258 214
0.8575992584228516 215
0.8654329776763916 216
0.8749737739562988 217
0.8832685947418213 218
0.8946669101715088 221
0.9076159000396729 224
0.9196832180023193 226
0.9317328929901123 226
0.9433882236480713 226
0.9576711654663086 228
0.9693946838378906 230
0.981703519821167 234
0.9916296005249023 235
1.0011510848999023 236
1.0094189643859863 237
1.0175886154174805 238
1.0259857177734375 239
1.0344374179840088 240
1.0427894592285156 241
1.0534632205963135 242
1.0617656707763672 243
1.0702357292175293 244
1.0795924663543701 246
1.0888569355010986 246
1.0962600708007812 246
1.105821132659912 248
1.1197700500488281 250
1.1280696392059326 250
1.1360163688659668 251
1.144852876663208 252
1.1548020839691162 253
1.1631526947021484 254
1.1716229915618896 256
1.1818127632141113 257
1.1910691261291504 258
1.200000286102295 258
1.2094078063964844 258
1.2175421714782715 259
1.225853443145752 260
1.2346916198730469 262
1.2441306114196777 263
1.253953456878662 264
1.2621333599090576 264
1.2708289623260498 264
1.2797846794128418 265
1.2913506031036377 266
1.3009312152862549 268
1.3102216720581055 269
1.319126844406128 269
1.3264565467834473 270
1.3352105617523193 270
1.343613862991333 270
1.3529622554779053 272
1.3620765209197998 273
1.3708548545837402 274
1.3800842761993408 275
1.3889732360839844 275
1.3962552547454834 276
1.4061405658721924 277
1.415022373199463 278
1.42376708984375 278
1.4320027828216553 278
1.4407670497894287 279
1.4493803977966309 280
1.4593214988708496 280
1.467505931854248 282
1.476379632949829 282
1.4856228828430176 283
1.493891716003418 284
1.5021562576293945 284
1.5158452987670898 284
1.5249552726745605 285
1.533581256866455 286
1.5430636405944824 287
1.552304744720459 288
1.5618367195129395 288
1.570336103439331 288
1.5796210765838623 288
1.5889880657196045 289
1.5963916778564453 290
1.6052141189575195 291
1.614443063735962 292
1.6233043670654297 292
1.6316018104553223 292
1.6400609016418457 293
1.6480934619903564 294
1.6570844650268555 294
1.666121482849121 295
1.6754841804504395 295
1.6853978633880615 296
1.6937711238861084 296
1.7019782066345215 296
1.711998701095581 296
1.721243143081665 296
1.729660987854004 298
1.7378978729248047 298
1.745706558227539 298
1.7574682235717773 299
1.766129493713379 299
1.7757179737091064 299
1.7849271297454834 300
1.7932360172271729 300
1.8015685081481934 301
1.810004711151123 301
1.8201589584350586 302
1.828843116760254 301
1.8363122940063477 301
1.8449466228485107 301
1.8536756038665771 302
1.8633177280426025 302
1.8715956211090088 302
1.8810129165649414 303
1.8902466297149658 304
1.898759126663208 304
1.9061107635498047 304
1.9218287467956543 304
1.930370569229126 304
1.9389276504516602 305
1.9462928771972656 306
1.9556210041046143 306
1.9649708271026611 306
1.9739758968353271 306
1.9831929206848145 306
1.9916114807128906 306
2.000004768371582 306
2.009821653366089 307
2.0196008682250977 308
2.0278186798095703 308
2.0356316566467285 308
2.0438802242279053 308
2.0527989864349365 308
2.061234712600708 308
2.0709714889526367 309
2.0801587104797363 310
2.089292526245117 310
2.0974864959716797 310
2.105471134185791 309
2.1151225566864014 310
2.1247591972351074 310
2.1331915855407715 310
2.141470432281494 310
2.150191068649292 310
2.1584548950195312 311
2.166213035583496 312
2.177658796310425 311
2.185943365097046 311
2.194746971130371 310
2.202976703643799 310
2.2112486362457275 311
2.2213191986083984 312
2.2296392917633057 312
2.2378756999969482 312
2.2456912994384766 312
2.2550430297851562 312
2.2644197940826416 312
2.2749221324920654 312
2.283818483352661 312
2.2920751571655273 312
2.300734281539917 313
2.3091681003570557 313
2.3234405517578125 313
2.332214117050171 312
2.3414063453674316 312
2.3507845401763916 312
2.3589930534362793 312
2.3662941455841064 313
2.379460334777832 313
2.3876848220825195 313
2.3956003189086914 313
2.4039506912231445 312
2.4130592346191406 313
2.4222629070281982 314
2.431072473526001 314
2.439307928085327 314
2.4489705562591553 314
2.4562766551971436 314
2.4649288654327393 314
2.475140333175659 314
2.4837019443511963 314
2.4920828342437744 314
2.5007505416870117 314
2.5090856552124023 315
2.5180041790008545 315
2.527729034423828 314
2.53555965423584 314
2.5438361167907715 314
2.552913188934326 314
2.5612356662750244 314
2.5739951133728027 314
2.5839762687683105 315
2.592189073562622 315
2.6008708477020264 314
2.6092543601989746 314
2.6180760860443115 314
2.6270716190338135 314
2.635237455368042 314
2.6436479091644287 315
2.6523656845092773 314
2.66098952293396 314
2.6694118976593018 314
2.680084466934204 314
2.6883656978607178 314
2.695934295654297 314
2.704371690750122 314
2.7131924629211426 314
2.7258193492889404 314
2.7353577613830566 314
2.7447030544281006 314
2.7529799938201904 314
2.76133394241333 314
2.7703757286071777 314
2.782092571258545 314
2.790994644165039 314
2.7991833686828613 314
2.8064749240875244 314
2.8156309127807617 314
2.823824167251587 314
2.8331804275512695 314
2.8414902687072754 314
2.8507914543151855 314
2.859046697616577 314
2.866316795349121 314
2.875716209411621 314
2.8857617378234863 314
2.8940958976745605 314
2.902334690093994 314
2.911694049835205 314
2.9201157093048096 314
2.929666042327881 314
2.939114570617676 314
2.9488840103149414 314
2.956164836883545 314
2.9648232460021973 314
2.9774436950683594 314
2.989741086959839 314
3.001124858856201 314
3.0127220153808594 314
3.0236785411834717 314
3.037569522857666 314
3.0495338439941406 314
3.058042526245117 314
3.065821647644043 314
3.0757570266723633 314
3.085221290588379 314
3.0936050415039062 314
3.1018640995025635 314
3.110978126525879 314
3.1228203773498535 314
3.131395101547241 314
3.1410067081451416 314
3.1502792835235596 314
3.158889055252075 314
3.1662001609802246 314
3.17748761177063 314
3.186084270477295 314
3.194736957550049 314
3.202975034713745 314
3.211942672729492 314
3.2203993797302246 314
3.2288448810577393 314
3.2378592491149902 314
3.247082471847534 314
3.255225896835327 314
3.2634289264678955 314
3.2718563079833984 314
3.2830493450164795 314
3.2922914028167725 314
3.3009748458862305 314
3.309516191482544 314
3.3176791667938232 314
3.3254592418670654 314
3.3419408798217773 314
3.3503763675689697 314
3.3588428497314453 314
3.3661375045776367 314
3.375600576400757 314
3.3839778900146484 314
3.393641471862793 314
3.40189528465271 314
3.4109561443328857 314
3.4194400310516357 313
3.4276773929595947 313
3.435518980026245 313
3.445798873901367 313
3.454296827316284 313
3.46240496635437 313
3.4710235595703125 313
3.4799673557281494 313
3.488079071044922 312
3.4975550174713135 312
3.505425453186035 312
3.5148370265960693 312
3.5270681381225586 313
3.535383701324463 312
3.5457394123077393 312
3.555190086364746 311
3.5635104179382324 311
3.5733039379119873 312
3.585451126098633 312
3.5949230194091797 312
3.6031787395477295 312
3.6122217178344727 311
3.6209263801574707 310
3.630002021789551 310
3.6404225826263428 311
3.6496777534484863 312
3.6579015254974365 312
3.6658360958099365 312
3.675523281097412 311
3.6839747428894043 311
3.6949992179870605 310
3.703303098678589 310
3.7121756076812744 311
3.720956563949585 311
3.729217529296875 311
3.737043619155884 310
3.747008800506592 310
3.755383253097534 310
3.763681650161743 310
3.7736849784851074 309
3.782012462615967 309
3.7907817363739014 309
3.7999958992004395 310
3.809110164642334 310
3.816458225250244 309
3.825186252593994 309
3.8335084915161133 308
3.8427646160125732 309
3.8519980907440186 310
3.8611438274383545 310
3.869588851928711 309
3.879513740539551 308
3.887737989425659 308
3.895604133605957 308
3.905634880065918 308
3.9138989448547363 308
3.9259393215179443 308
3.9348626136779785 308
3.9437124729156494 308
3.9532828330993652 307
3.9616222381591797 306
3.970768451690674 306
3.9797720909118652 307
3.9881174564361572 308
3.9961767196655273 308
4.006312131881714 306
4.014987230300903 306
4.0232720375061035 306
4.03164005279541 306
4.040753602981567 306
4.049123525619507 305
4.059138059616089 305
4.066484212875366 305
4.077601194381714 305
4.085439920425415 305
4.093749284744263 305
4.1035096645355225 305
4.111933469772339 304
4.12041974067688 304
4.128904819488525 304
4.1377339363098145 304
4.145571231842041 303
4.155127763748169 303
4.16344690322876 303
4.1739866733551025 303
4.182279109954834 303
4.19091010093689 303
4.199956178665161 303
4.211186170578003 302
4.219555139541626 302
4.2277915477752686 302
4.236360549926758 302
4.244968891143799 302
4.253216028213501 302
4.262263059616089 301
4.271852731704712 300
4.2813966274261475 300
4.289830207824707 301
4.298404216766357 301
4.308829069137573 301
4.316168785095215 300
4.329342603683472 299
4.3380560874938965 298
4.345996618270874 299
4.355807781219482 300
4.364405155181885 300
4.374941825866699 300
4.383214950561523 298
4.39154577255249 298
4.399836540222168 298
4.410281419754028 298
4.4187726974487305 298
4.426076650619507 298
4.435188055038452 298
4.4434568881988525 298
4.451717138290405 297
4.461416244506836 297
4.470444679260254 296
4.47973370552063 297
4.488072156906128 298
4.495938777923584 298
4.505084037780762 297
4.5144219398498535 296
4.522923946380615 295
4.531448602676392 295
4.540736198425293 295
4.548975706100464 295
4.556306600570679 295
4.565845966339111 294
4.575393915176392 294
4.583698272705078 294
4.592180252075195 294
4.6013970375061035 294
4.61093282699585 294
4.6192545890808105 294
4.627023935317993 294
4.635699510574341 294
4.644092798233032 293
4.652468681335449 293
4.661951065063477 293
4.671177625656128 293
4.680402755737305 293
4.688966989517212 292
4.696324348449707 292
4.7056896686553955 292
4.716107368469238 292
4.729426145553589 292
4.737635612487793 291
4.745625734329224 291
4.754127502441406 290
4.763513088226318 291
4.7720842361450195 291
4.7813804149627686 291
4.789682865142822 290
4.798948049545288 290
4.806263446807861 289
4.815668821334839 289
4.824127674102783 289
4.833192586898804 290
4.84163498878479 290
4.850214719772339 289
4.8587422370910645 288
4.868472099304199 288
4.877601623535156 289
4.885561943054199 289
4.8949384689331055 289
4.903212785720825 289
4.911529541015625 289
4.920922040939331 288
4.929645776748657 288
4.937954664230347 288
4.94573450088501 288
4.954247236251831 288
4.963457345962524 287
4.973167896270752 287
4.9828221797943115 286
4.991356611251831 286
5.000154495239258 287
