0 0
0.030729293823242188 0
0.06191611289978027 0
0.09147477149963379 4
0.12434244155883789 19
0.15250492095947266 38
0.18261408805847168 58
0.21583104133605957 76
0.23495960235595703 92
0.25086355209350586 106
0.2726593017578125 124
0.2907419204711914 136
0.309067964553833 150
0.33016061782836914 168
0.3497917652130127 181
0.3827052116394043 212
0.4025294780731201 228
0.428816556930542 248
0.45297861099243164 272
0.49135804176330566 298
0.5176823139190674 320
0.5356471538543701 334
0.5558948516845703 351
0.5763638019561768 367
0.596733570098877 376
0.6147022247314453 381
0.6328387260437012 382
0.6526539325714111 380
0.6746954917907715 376
0.6956148147583008 368
0.7124752998352051 359
0.7317600250244141 353
0.749413013458252 350
0.7667951583862305 350
0.7913813591003418 355
0.8070521354675293 360
0.8280565738677979 364
0.8476121425628662 365
0.862959623336792 362
0.8897900581359863 358
0.9081594944000244 355
0.9304935932159424 356
0.9508347511291504 359
0.9713795185089111 362
0.986851692199707 363
1.0083749294281006 360
1.0276334285736084 357
1.0427520275115967 355
1.0618879795074463 356
1.0816316604614258 358
1.0988481044769287 362
1.116943359375 362
1.1419575214385986 360
1.1596460342407227 358
1.184669017791748 354
1.2022380828857422 355
1.220428705215454 358
1.2445063591003418 362
1.264721155166626 362
1.2825028896331787 358
1.308448076248169 355
1.3320224285125732 354
1.3542604446411133 357
1.375002384185791 361
1.3924970626831055 363
1.4108843803405762 362
1.4341166019439697 357
1.4543731212615967 354
1.473644733428955 355
1.492551565170288 358
1.5169298648834229 362
1.5280647277832031 362
1.5370662212371826 362
1.5455844402313232 362
1.5563995838165283 361
1.569676399230957 359
1.5830578804016113 358
1.5924201011657715 357
1.628089427947998 358
1.637523889541626 358
1.6647253036499023 359
1.689603328704834 358
1.7083735466003418 356
1.73179292678833 356
1.7545654773712158 357
1.7726473808288574 358
1.7921853065490723 359
1.812173843383789 359
1.8290598392486572 357
1.8484196662902832 356
1.868708610534668 356
1.8867089748382568 356
1.9080686569213867 357
1.923001766204834 358
1.9644801616668701 358
1.9956529140472412 356
2.0275607109069824 354
2.047813653945923 355
2.065382957458496 357
2.0823943614959717 359
2.101491928100586 358
2.12552809715271 356
2.1424217224121094 355
2.16237735748291 354
2.1859002113342285 356
2.2054450511932373 358
2.2246580123901367 359
2.2407522201538086 358
2.262328624725342 356
2.282292366027832 354
2.296870470046997 354
2.316715717315674 356
2.3361384868621826 358
2.3567442893981934 359
2.3846633434295654 356
2.3962063789367676 355
2.418876886367798 354
2.4367852210998535 356
2.457995891571045 357
2.4796266555786133 359
2.501650810241699 358
2.5328972339630127 353
2.557539224624634 351
2.5846152305603027 354
2.6044535636901855 359
2.6210379600524902 361
2.640010356903076 361
2.661440849304199 357
2.6843059062957764 352
2.6988182067871094 351
2.7187917232513428 352
2.7367496490478516 355
2.7569780349731445 358
2.7801201343536377 358
2.7986907958984375 356
2.8075342178344727 354
2.8175394535064697 353
2.8498446941375732 354
2.8736729621887207 359
2.8958959579467773 361
2.911879301071167 361
2.9325177669525146 357
2.95559024810791 353
2.972944736480713 351
2.991589069366455 351
3.009016275405884 354
3.0285732746124268 357
3.046346664428711 359
3.0655784606933594 358
3.0877246856689453 355
3.1059908866882324 352
3.1147079467773438 352
3.1245956420898438 352
3.1624035835266113 356
3.1856448650360107 358
3.21099591255188 358
3.2323157787323 355
3.2523746490478516 352
3.2750511169433594 351
3.292264223098755 352
3.311645269393921 356
3.3347320556640625 359
3.357463836669922 358
3.3746724128723145 354
3.3973824977874756 352
3.414248466491699 352
3.4328792095184326 354
3.4530563354492188 358
3.474471092224121 358
3.492417335510254 357
3.512078046798706 354
3.531430244445801 352
3.55073881149292 351
3.579741954803467 356
3.5998218059539795 359
3.6190505027770996 360
3.638836145401001 358
3.657975435256958 354
3.6782374382019043 351
3.6985971927642822 350
3.714554786682129 353
3.737612247467041 357
3.752617597579956 359
3.771949291229248 358
3.790438413619995 354
3.810492992401123 351
3.8297853469848633 350
3.850553274154663 353
3.879567861557007 357
3.8983190059661865 358
3.920301675796509 355
3.9408977031707764 351
3.959070920944214 349
3.978637933731079 350
3.99841046333313 354
4.0299623012542725 358
4.0513646602630615 358
4.073594093322754 354
4.091531753540039 350
4.111438512802124 348
4.132812023162842 349
4.152499437332153 354
4.1747307777404785 358
4.192316055297852 359
4.210735559463501 356
4.232025384902954 352
4.250990867614746 349
4.271031618118286 350
4.29128098487854 352
4.310198068618774 356
4.329643726348877 357
4.348055601119995 356
4.370968341827393 352
4.390543222427368 350
4.4090735912323 350
4.428504228591919 352
4.45145320892334 355
4.468829393386841 356
4.486059188842773 355
4.5081565380096436 353
4.525038719177246 350
4.546785831451416 351
4.568177223205566 353
4.596652507781982 355
4.643656015396118 352
4.668884754180908 348
4.686091184616089 348
4.709615468978882 350
4.730527639389038 354
4.74851131439209 356
4.770816087722778 355
4.791901111602783 352
4.81005859375 349
4.829071521759033 348
4.851588726043701 350
4.871886253356934 354
4.892775058746338 356
4.921861886978149 354
4.944523334503174 349
4.965074777603149 348
4.987310409545898 348
