0 0
0.01693129539489746 0
0.03700065612792969 0
0.057366371154785156 2
0.0791311264038086 8
0.08750128746032715 12
0.09571719169616699 15
0.10401654243469238 19
0.11268401145935059 23
0.12096905708312988 28
0.12997221946716309 34
0.13930368423461914 39
0.14825987815856934 45
0.15688467025756836 50
0.1641709804534912 56
0.17694950103759766 64
0.1862494945526123 71
0.19382071495056152 77
0.20305800437927246 83
0.21132397651672363 89
0.21972274780273438 97
0.2282881736755371 103
0.23803210258483887 110
0.2472388744354248 116
0.25540947914123535 124
0.2632112503051758 129
0.27222108840942383 137
0.2822587490081787 145
0.29074597358703613 151
0.299114465713501 158
0.30817651748657227 166
0.3167412281036377 172
0.3240528106689453 179
0.3335902690887451 187
0.34350109100341797 193
0.35179996490478516 201
0.3601694107055664 208
0.369412899017334 215
0.37781858444213867 223
0.3871150016784668 229
0.39490413665771484 237
0.40796923637390137 247
0.41657567024230957 254
0.42389893531799316 261
0.4327237606048584 269
0.450899600982666 284
0.45993542671203613 290
0.46930599212646484 297
0.47759509086608887 305
0.4876718521118164 313
0.4958658218383789 320
0.5059146881103516 329
0.5137040615081787 335
0.5224921703338623 342
0.5305898189544678 349
0.5415308475494385 358
0.5498509407043457 365
0.559694766998291 373
0.5696589946746826 379
0.5785739421844482 384
0.5876283645629883 389
0.5958652496337891 392
0.604231595993042 394
0.6129088401794434 396
0.6212906837463379 397
0.6295719146728516 397
0.6400089263916016 397
0.6491844654083252 395
0.6574666500091553 393
0.6665399074554443 391
0.673898458480835 388
0.6825716495513916 385
0.6924867630004883 381
0.701641321182251 375
0.7098133563995361 371
0.718266487121582 367
0.7266759872436523 362
0.735478401184082 356
0.7457096576690674 351
0.7536778450012207 347
0.7624907493591309 344
0.7712233066558838 341
0.7794864177703857 339
0.7878804206848145 338
0.7976465225219727 338
0.8110408782958984 339
0.8195686340332031 340
0.8280763626098633 343
0.8371291160583496 345
0.8472583293914795 349
0.8554301261901855 354
0.8631088733673096 357
0.8716533184051514 362
0.8799960613250732 365
0.8887245655059814 369
0.9162778854370117 375
0.9334778785705566 375
0.9572703838348389 371
0.979156494140625 363
0.9875919818878174 359
0.9971086978912354 355
1.0058226585388184 351
1.0172486305236816 349
1.025418996810913 347
1.0335338115692139 346
1.0434539318084717 346
1.052948236465454 346
1.0614004135131836 348
1.070246696472168 350
1.0788874626159668 352
1.0871434211730957 355
1.094862699508667 359
1.1054115295410156 363
1.1131203174591064 365
1.1219978332519531 368
1.13108491897583 369
1.1395106315612793 370
1.1496942043304443 370
1.1594631671905518 370
1.1715648174285889 367
1.1838514804840088 364
1.1957321166992188 359
1.2159233093261719 352
1.22798752784729 347
1.2435834407806396 345
1.2569761276245117 343
1.2691924571990967 344
1.2774982452392578 345
1.2856757640838623 347
1.2938315868377686 349
1.3074274063110352 354
1.315558671951294 358
1.323265790939331 360
1.3326189517974854 364
1.3416142463684082 368
1.3498115539550781 370
1.3595092296600342 371
1.3685944080352783 372
1.3768072128295898 372
1.3854022026062012 371
1.393218994140625 370
1.4020469188690186 367
1.4114830493927002 364
1.4197521209716797 361
1.4291434288024902 358
1.437340497970581 355
1.4466958045959473 351
1.4557220935821533 349
1.4640710353851318 347
1.4727787971496582 347
1.4812321662902832 347
1.4894847869873047 347
1.4980435371398926 349
1.5079982280731201 351
1.5158913135528564 353
1.5235357284545898 355
1.5327403545379639 359
1.5417428016662598 363
1.5502903461456299 365
1.5598194599151611 368
1.5689842700958252 369
1.5772418975830078 369
1.5854380130767822 369
1.5932140350341797 368
1.6025166511535645 367
1.6168816089630127 363
1.6241157054901123 360
1.6335210800170898 357
1.6430306434631348 354
1.6512064933776855 351
1.6611998081207275 349
1.669494390487671 349
1.6782467365264893 348
1.686666488647461 349
1.6954400539398193 350
1.7031729221343994 351
1.7130122184753418 354
1.7213480472564697 357
1.7300305366516113 361
1.7386136054992676 363
1.748561143875122 366
1.7572448253631592 367
1.7670626640319824 369
1.7748606204986572 368
1.7835636138916016 368
1.7920386791229248 366
1.8012077808380127 364
1.811622142791748 361
1.8197650909423828 358
1.8295619487762451 355
1.8380322456359863 352
1.8480594158172607 350
1.8565566539764404 349
1.8674933910369873 348
1.8762824535369873 349
1.8841626644134521 350
1.8935754299163818 352
1.9019627571105957 354
1.909977674484253 360
1.927598237991333 363
1.9371592998504639 365
1.947035551071167 367
1.9694955348968506 367
1.993372917175293 363
2.018052101135254 353
2.0416853427886963 345
2.0501978397369385 343
2.059346914291382 341
2.068716049194336 340
2.0771355628967285 340
2.085270881652832 340
2.0968384742736816 342
2.1041038036346436 344
2.113093614578247 346
2.122953414916992 350
2.1314196586608887 354
2.1398751735687256 358
2.1497642993927 363
2.158928871154785 366
2.1682231426239014 369
2.1768815517425537 371
2.19862699508667 373
2.213534116744995 372
2.2354729175567627 366
2.2598869800567627 357
2.2709832191467285 352
2.279327154159546 349
2.287602424621582 346
2.296917200088501 344
2.3059446811676025 343
2.3138086795806885 343
2.3241047859191895 343
2.3327534198760986 344
2.3425614833831787 346
2.3507769107818604 348
2.3597261905670166 351
2.3680503368377686 355
2.377432346343994 359
2.385549306869507 362
2.394002676010132 365
2.4238390922546387 371
2.4497792720794678 368
2.470874547958374 362
2.4881842136383057 355
2.5032424926757812 349
2.512598991394043 345
2.5234556198120117 343
2.5327677726745605 341
2.541898488998413 341
2.5500097274780273 341
2.5593762397766113 341
2.5685830116271973 343
2.577777147293091 346
2.585872173309326 349
2.5940520763397217 352
2.6026611328125 355
2.6107499599456787 359
2.6357338428497314 369
2.653482437133789 371
2.6795544624328613 371
2.6968984603881836 367
2.7041985988616943 364
2.712894916534424 361
2.7212390899658203 357
2.731809377670288 353
2.7417213916778564 349
2.7499754428863525 347
2.7589571475982666 345
2.767139196395874 344
2.7749080657958984 344
2.7839434146881104 344
2.793269395828247 345
2.8016626834869385 346
2.8200008869171143 354
2.843864679336548 363
2.8658370971679688 373
2.8832991123199463 374
2.892618417739868 376
2.9091989994049072 375
2.917926073074341 374
2.927669048309326 372
2.938108444213867 369
2.9474360942840576 366
2.9569239616394043 363
2.9795830249786377 351
2.9973671436309814 345
3.0132503509521484 340
3.0388896465301514 337
3.049990653991699 338
3.0593597888946533 340
3.0676164627075195 342
3.0758299827575684 345
3.087397575378418 349
3.0954456329345703 353
3.103304386138916 356
3.1115121841430664 361
3.120542049407959 364
3.1289587020874023 367
3.1393043994903564 369
3.149225950241089 371
3.172006130218506 371
3.1916003227233887 366
3.2267165184020996 355
3.2371103763580322 349
3.250267267227173 344
3.262680768966675 341
3.274146318435669 339
3.288257122039795 338
3.299593448638916 339
3.3108160495758057 341
3.3229329586029053 344
3.335268020629883 349
3.3455348014831543 354
3.3548531532287598 357
3.3629493713378906 361
3.3710763454437256 365
3.3794305324554443 367
3.3894498348236084 370
3.3981831073760986 371
3.4066779613494873 372
3.413998603820801 372
3.423238515853882 371
3.431476593017578 369
3.4411144256591797 367
3.4512906074523926 364
3.459700345993042 361
3.4680209159851074 357
3.4765098094940186 353
3.484874725341797 350
3.493995189666748 347
3.5087475776672363 344
3.517775297164917 343
3.525881052017212 343
3.5339150428771973 344
3.5440659523010254 345
3.554241180419922 348
3.565730094909668 351
3.573425054550171 354
3.581758737564087 358
3.5916614532470703 362
3.6006014347076416 364
3.60912823677063 366
3.622943878173828 368
3.6535117626190186 364
3.6715948581695557 357
3.688009023666382 353
3.7058279514312744 346
3.720176935195923 343
3.7291507720947266 341
3.739001512527466 340
3.751455545425415 341
3.760612726211548 342
3.769033432006836 343
3.7772581577301025 345
3.7859489917755127 349
3.7937521934509277 352
3.8030130863189697 355
3.8111603260040283 359
3.819791078567505 363
3.8282713890075684 365
3.8367230892181396 368
3.847022294998169 369
3.8625547885894775 370
3.870999813079834 369
3.879462242126465 367
3.888712167739868 365
3.897879123687744 362
3.9059319496154785 359
3.913653612136841 356
3.9222097396850586 353
3.9309985637664795 350
3.940068244934082 347
3.9507744312286377 345
3.95996356010437 345
3.969454050064087 345
3.9778013229370117 346
3.987501382827759 347
3.99570894241333 350
4.0048558712005615 352
4.018229961395264 357
4.026762962341309 360
4.0339648723602295 362
4.044159650802612 365
4.054840087890625 366
4.063209772109985 366
4.07313084602356 365
4.0819151401519775 363
4.090081691741943 362
4.098662376403809 359
4.1077964305877686 356
4.1179609298706055 353
4.12592887878418 350
4.133740663528442 348
4.14350152015686 347
4.1535093784332275 346
4.1618053913116455 346
4.170889854431152 347
4.179411888122559 349
4.188609600067139 351
4.19677996635437 353
4.206232309341431 357
4.215451717376709 360
4.224283456802368 362
4.233026742935181 364
4.242668867111206 365
4.251435279846191 365
4.2629640102386475 365
4.272189378738403 363
4.281672477722168 361
4.2898783683776855 359
4.298609733581543 357
4.30767035484314 353
4.316662073135376 351
4.3238725662231445 348
4.332583665847778 347
4.343888998031616 345
4.3536670207977295 345
4.363644123077393 346
4.3719751834869385 347
4.381033897399902 349
4.389370441436768 351
4.39756178855896 354
4.405662298202515 357
4.4197235107421875 361
4.428591251373291 363
4.437068700790405 364
4.44692587852478 365
4.454227447509766 365
4.463696718215942 363
4.472758531570435 362
4.48312783241272 359
4.49221134185791 356
4.500136375427246 353
4.511476993560791 350
4.51989483833313 348
4.528634786605835 347
4.5370588302612305 346
4.546875 346
4.554101943969727 347
4.563638925552368 348
4.571781635284424 350
4.5814032554626465 353
4.589558124542236 355
4.5980329513549805 359
4.606221914291382 361
4.615816354751587 363
4.623641490936279 363
4.631972312927246 364
4.640296697616577 363
4.6502299308776855 362
4.658952951431274 360
4.66815972328186 357
4.676547050476074 355
4.685759782791138 352
4.693445920944214 350
4.701620101928711 348
4.709814786911011 347
4.719872236251831 346
4.728569746017456 346
4.736801624298096 347
4.746932029724121 349
4.754135370254517 351
4.763484716415405 353
4.773083209991455 356
4.78253960609436 359
4.790247201919556 361
4.798808336257935 362
4.8071112632751465 363
4.821258544921875 363
4.829662322998047 361
4.838251829147339 360
4.848158359527588 357
4.856558561325073 355
4.8655359745025635 352
4.873239755630493 350
4.8819756507873535 348
4.891037225723267 347
4.899445056915283 346
4.9079742431640625 346
4.918114185333252 347
4.926511764526367 349
4.933758735656738 350
4.943540334701538 353
4.951712608337402 356
4.96000599861145 358
4.9693825244903564 360
4.978164196014404 361
4.987109661102295 362
4.995327711105347 362
