0 0
0.019101381301879883 0
0.05528402328491211 0
0.08314156532287598 3
0.10976028442382812 14
0.13916993141174316 27
0.1597299575805664 41
0.17890024185180664 52
0.19758892059326172 67
0.21816182136535645 81
0.2381739616394043 96
0.25868797302246094 110
0.27569031715393066 125
0.29490137100219727 138
0.3101179599761963 152
0.3296990394592285 168
0.34979701042175293 184
0.3690764904022217 197
0.38747334480285645 215
0.4086778163909912 230
0.4285740852355957 246
0.4488980770111084 262
0.4669201374053955 281
0.4885842800140381 296
0.5070517063140869 310
0.5242104530334473 327
0.54756760597229 346
0.5660631656646729 359
0.5841653347015381 369
0.6048247814178467 375
0.6199946403503418 378
0.6445448398590088 377
0.6617283821105957 373
0.6790256500244141 368
0.6959717273712158 360
0.7135744094848633 354
0.7349088191986084 352
0.7498359680175781 353
0.7713067531585693 357
0.7879118919372559 362
0.8073251247406006 364
0.826728105545044 362
0.8453617095947266 357
0.8655581474304199 354
0.8827540874481201 354
0.8995509147644043 356
0.9192090034484863 360
0.9387352466583252 362
0.9556822776794434 361
0.9747166633605957 358
0.9913606643676758 354
1.0074903964996338 355
1.02768874168396 358
1.046233892440796 362
1.0692193508148193 363
1.087498426437378 360
1.1055712699890137 356
1.1249959468841553 354
1.1428642272949219 355
1.1598939895629883 359
1.1817247867584229 362
1.197690725326538 362
1.2216427326202393 358
1.2399413585662842 353
1.2652783393859863 349
1.2834103107452393 351
1.3025867938995361 355
1.3252592086791992 361
1.3398339748382568 364
1.3613274097442627 364
1.3793721199035645 361
1.395798921585083 356
1.4171807765960693 354
1.4338061809539795 355
1.4548704624176025 358
1.4748034477233887 361
1.4914352893829346 361
1.5081212520599365 359
1.529050350189209 356
1.5469281673431396 354
1.565600872039795 356
1.5833988189697266 359
1.6034743785858154 361
1.6267642974853516 359
1.645831823348999 353
1.6755774021148682 351
1.7037103176116943 355
1.739396333694458 368
1.7661232948303223 372
1.7913968563079834 372
1.79947829246521 370
1.808960199356079 368
1.8190219402313232 365
1.828676462173462 362
1.8398127555847168 360
1.848564624786377 358
1.8568003177642822 357
1.8651862144470215 357
1.8750977516174316 357
1.8835372924804688 357
1.8918049335479736 357
1.9025294780731201 357
1.9098703861236572 357
1.9287445545196533 356
1.9376511573791504 356
1.947169542312622 356
1.9561161994934082 356
1.9653143882751465 356
1.9785637855529785 356
1.9872300624847412 356
1.9955220222473145 356
2.004594087600708 356
2.0146450996398926 356
2.0238640308380127 356
2.0347721576690674 355
2.043463706970215 355
2.0556676387786865 355
2.0642216205596924 356
2.0740182399749756 356
2.083461046218872 356
2.091686725616455 355
2.10016131401062 355
2.1088383197784424 355
2.117854356765747 355
2.125983715057373 356
2.1361680030822754 356
2.1448328495025635 356
2.153141975402832 355
2.1613528728485107 355
2.169903516769409 354
2.1814093589782715 355
2.1892099380493164 356
2.197735071182251 356
2.2073941230773926 356
2.2161426544189453 355
2.2257919311523438 354
2.2375268936157227 354
2.2464818954467773 355
2.2550559043884277 356
2.2633564472198486 356
2.272704839706421 356
2.2995095252990723 355
2.3551785945892334 352
2.394836902618408 354
2.4351401329040527 362
2.4690492153167725 364
2.4871420860290527 360
2.505993127822876 354
2.5427441596984863 350
2.585502862930298 360
2.613119602203369 368
2.6392993927001953 373
2.6896064281463623 364
2.7232744693756104 350
2.747927188873291 342
2.767662286758423 341
2.799669027328491 348
2.8449864387512207 364
2.902761936187744 372
2.950841188430786 353
2.9800124168395996 338
3.0201399326324463 326
3.0390617847442627 325
3.056201219558716 327
3.0757639408111572 332
3.095587730407715 339
3.1189849376678467 350
3.136122465133667 358
3.1542224884033203 362
3.1732938289642334 362
3.1927688121795654 359
3.213909149169922 352
3.2332088947296143 348
3.2538819313049316 346
3.2773427963256836 352
3.308040142059326 359
3.3275506496429443 363
3.3469507694244385 364
3.36877179145813 362
3.3861589431762695 355
3.4137141704559326 348
3.4338767528533936 346
3.4614882469177246 348
3.4780213832855225 352
3.4985926151275635 357
3.52140212059021 359
3.5446887016296387 357
3.560054302215576 352
3.5775306224823 348
3.585951566696167 347
3.595741033554077 346
3.6053402423858643 346
3.6138672828674316 347
3.62385630607605 348
3.6347217559814453 350
3.6430552005767822 351
3.651270866394043 351
3.665799379348755 351
3.6746346950531006 350
3.6837141513824463 350
3.693162441253662 350
3.701341390609741 350
3.710026502609253 351
3.72269868850708 352
3.7325122356414795 352
3.7546885013580322 350
3.7989485263824463 348
3.8276960849761963 354
3.8537371158599854 360
3.8815526962280273 364
3.901524305343628 362
3.919980049133301 357
3.9379260540008545 351
3.95894718170166 346
3.9779720306396484 344
3.9990925788879395 346
4.018906354904175 352
4.034215927124023 356
4.052873849868774 357
4.067736864089966 356
4.076123952865601 354
4.084908723831177 353
4.093903064727783 351
4.102704048156738 350
4.113312244415283 350
4.124752998352051 351
4.133916139602661 352
4.149031639099121 352
4.174989461898804 348
4.194694995880127 344
4.212231874465942 344
4.229423999786377 347
4.247248649597168 351
4.2728822231292725 354
4.28539514541626 353
4.295364856719971 351
4.303946018218994 349
4.319797992706299 349
4.337749242782593 350
4.346179485321045 352
4.3556225299835205 352
4.364090442657471 352
4.37549901008606 351
4.3849287033081055 350
4.395324945449829 350
4.403582572937012 350
4.413031578063965 350
4.424543857574463 349
4.433369874954224 349
4.441638708114624 349
4.45159125328064 349
4.465289831161499 349
4.47505259513855 349
4.483398675918579 349
4.492515563964844 349
4.499840259552002 349
4.508634090423584 349
4.518168926239014 349
4.528472900390625 349
4.537341356277466 349
4.545610427856445 349
4.554924249649048 349
4.5631468296051025 349
4.571315288543701 349
4.57986307144165 349
4.589214324951172 349
4.597630977630615 349
4.6058549880981445 349
4.614565372467041 349
4.6255223751068115 349
4.63412618637085 349
4.6426520347595215 349
4.64997935295105 349
4.659009218215942 349
4.667336940765381 349
4.676782608032227 349
4.685775518417358 349
4.69449520111084 349
4.702738046646118 349
4.710042715072632 349
4.720037460327148 349
4.729588508605957 349
4.737951755523682 349
4.746071815490723 349
4.755341291427612 349
4.763860464096069 349
4.772449254989624 349
4.781617879867554 349
4.789999008178711 349
4.798621416091919 349
4.8155248165130615 349
4.82545018196106 349
4.835180282592773 349
4.8440656661987305 349
4.852878570556641 349
4.860174179077148 349
4.875349521636963 349
4.885331392288208 349
4.894035577774048 349
4.902442455291748 349
4.909806489944458 349
4.919703722000122 349
4.9301917552948 349
4.93889856338501 349
4.947126150131226 349
4.955806493759155 349
4.964569807052612 349
4.972826719284058 349
4.981745958328247 349
4.990002155303955 349
4.998791456222534 348
