0 0
0.012063264846801758 0
0.034515380859375 0
0.053391218185424805 3
0.07261204719543457 8
0.09249091148376465 15
0.10105562210083008 20
0.10936212539672852 24
0.1185462474822998 28
0.12714123725891113 30
0.13625454902648926 33
0.14655089378356934 37
0.15483713150024414 41
0.16329169273376465 44
0.1719968318939209 47
0.18074750900268555 50
0.18930983543395996 53
0.198591947555542 56
0.20656394958496094 58
0.2157578468322754 62
0.22479581832885742 66
0.2331075668334961 68
0.24190473556518555 71
0.2519073486328125 73
0.260284423828125 76
0.26850366592407227 80
0.2763705253601074 82
0.2852180004119873 85
0.29471325874328613 88
0.3029661178588867 90
0.3121800422668457 93
0.3205442428588867 96
0.33426594734191895 99
0.3449399471282959 103
0.3532998561859131 106
0.36206889152526855 108
0.3704056739807129 111
0.378983736038208 114
0.3867931365966797 116
0.3963339328765869 118
0.4048280715942383 120
0.41413378715515137 122
0.4225037097930908 126
0.4317927360534668 128
0.44046688079833984 130
0.4507451057434082 133
0.4590108394622803 135
0.46710634231567383 137
0.4758262634277344 139
0.48480772972106934 141
0.4931509494781494 142
0.5027034282684326 145
0.5120527744293213 148
0.5205273628234863 150
0.5299193859100342 153
0.5372757911682129 154
0.548405647277832 156
0.5562806129455566 158
0.5646426677703857 161
0.5729501247406006 163
0.5869841575622559 166
0.595867395401001 166
0.6051232814788818 167
0.614004373550415 168
0.6223869323730469 170
0.6318442821502686 173
0.6404352188110352 174
0.6513121128082275 177
0.6598594188690186 178
0.6684150695800781 180
0.6768267154693604 181
0.6852357387542725 183
0.6942017078399658 185
0.7038669586181641 187
0.7127590179443359 188
0.7212896347045898 190
0.7305514812469482 193
0.7434263229370117 195
0.7530648708343506 197
0.7620880603790283 197
0.7703707218170166 198
0.779296875 200
0.7869057655334473 202
0.7957572937011719 204
0.8049063682556152 206
0.8139679431915283 206
0.8225183486938477 207
0.8319330215454102 208
0.8403003215789795 209
0.8500456809997559 212
0.860116720199585 214
0.8679513931274414 215
0.8768172264099121 216
0.8856875896453857 217
0.8939390182495117 218
0.9051203727722168 220
0.9165983200073242 222
0.9290764331817627 224
0.9412169456481934 226
0.9526915550231934 227
0.9661500453948975 228
0.9773049354553223 231
0.9897539615631104 232
0.9998781681060791 234
1.0099070072174072 234
1.0172438621520996 235
1.0272700786590576 236
1.0360727310180664 237
1.0451414585113525 239
1.0533051490783691 240
1.0629630088806152 242
1.07169508934021 242
1.0804812908172607 243
1.088712453842163 244
1.0996708869934082 245
1.1090819835662842 246
1.1170008182525635 247
1.1265056133270264 248
1.140592098236084 249
1.1488540172576904 250
1.1568233966827393 252
1.1664462089538574 253
1.1757895946502686 254
1.1842501163482666 254
1.1925342082977295 254
1.2009179592132568 256
1.211073637008667 257
1.2194082736968994 258
1.228536605834961 260
1.236370325088501 260
1.2451050281524658 260
1.2532365322113037 260
1.2631375789642334 262
1.27189302444458 263
1.2807693481445312 265
1.289003849029541 266
1.2971653938293457 266
1.3064045906066895 266
1.3159193992614746 266
1.3247547149658203 268
1.3329505920410156 269
1.342237949371338 270
1.3504765033721924 270
1.3587265014648438 271
1.3679876327514648 272
1.3769290447235107 272
1.3853833675384521 273
1.393871545791626 274
1.4022436141967773 274
1.411207914352417 274
1.4258625507354736 276
1.4341530799865723 277
1.4427285194396973 277
1.4511494636535645 278
1.4596447944641113 278
1.4693665504455566 279
1.477381944656372 279
1.4862191677093506 280
1.4945368766784668 280
1.502920389175415 281
1.512221336364746 282
1.5217785835266113 283
1.5310301780700684 283
1.5438570976257324 283
1.552335500717163 283
1.5607075691223145 283
1.5701074600219727 284
1.5789568424224854 285
1.5868840217590332 286
1.5953741073608398 286
1.605790376663208 287
1.6141302585601807 288
1.623410940170288 288
1.6327126026153564 288
1.6419084072113037 288
1.650280475616455 289
1.6584711074829102 290
1.666466236114502 290
1.6768174171447754 291
1.6852242946624756 291
1.693397045135498 291
1.7020034790039062 291
1.7107150554656982 291
1.7203693389892578 292
1.7297966480255127 293
1.738631248474121 294
1.7465078830718994 294
1.7548198699951172 294
1.7631666660308838 294
1.77390456199646 294
1.7823805809020996 295
1.790705919265747 296
1.798961877822876 296
1.807373285293579 296
1.8159582614898682 296
1.8262007236480713 296
1.8345317840576172 297
1.8439016342163086 298
1.8522429466247559 298
1.8605644702911377 298
1.8687889575958252 298
1.8786287307739258 298
1.88649582862854 298
1.8949425220489502 298
1.904350996017456 299
1.912675142288208 300
1.9211585521697998 300
1.9317045211791992 300
1.9440817832946777 300
1.9525437355041504 300
1.9611961841583252 300
1.9701945781707764 301
1.97975492477417 302
1.9870636463165283 302
1.9957654476165771 302
2.006273031234741 302
2.0145323276519775 302
2.0232043266296387 302
2.033690929412842 302
2.0426714420318604 303
2.0511703491210938 303
2.0597100257873535 304
2.067070484161377 304
2.076913595199585 303
2.085754871368408 303
2.0944647789001465 303
2.1032917499542236 303
2.112987756729126 304
2.122499704360962 304
2.1326913833618164 304
2.142061948776245 304
2.1504626274108887 304
2.1586191654205322 304
2.1665031909942627 304
2.1752102375030518 305
2.185241937637329 305
2.1937246322631836 305
2.202869415283203 305
2.2112889289855957 305
2.2198004722595215 305
2.2299652099609375 306
2.238560199737549 306
2.2464022636413574 305
2.2547833919525146 305
2.263165235519409 305
2.272505044937134 306
2.2820417881011963 306
2.2907698154449463 307
2.2989988327026367 306
2.307330369949341 306
2.315948247909546 306
2.325134515762329 307
2.335336685180664 308
2.348527669906616 307
2.356520652770996 306
2.3649513721466064 306
2.374279022216797 306
2.383732318878174 307
2.392181873321533 308
2.4010584354400635 308
2.4097306728363037 308
2.4170780181884766 308
2.426400661468506 307
2.436555862426758 307
2.4450714588165283 308
2.453265905380249 308
2.4619100093841553 308
2.470738410949707 308
2.4789133071899414 308
2.487905263900757 308
2.4966564178466797 308
2.5059103965759277 308
2.5141139030456543 308
2.5223968029022217 308
2.531867027282715 308
2.5420379638671875 308
2.5502254962921143 308
2.55841064453125 308
2.566767692565918 308
2.5749351978302 308
2.5844249725341797 308
2.5930778980255127 308
2.602238893508911 308
2.6104440689086914 308
2.6185824871063232 308
2.628988027572632 308
2.6389193534851074 308
2.6466915607452393 308
2.6549363136291504 308
2.66313099861145 308
2.6726009845733643 308
2.6811158657073975 308
2.691725015640259 308
2.700263500213623 308
2.7084038257598877 308
2.7162153720855713 308
2.725348472595215 308
2.7342312335968018 308
2.7487568855285645 308
2.7566609382629395 308
2.7660136222839355 308
2.774357795715332 308
2.782668352127075 308
2.7921271324157715 308
2.8012189865112305 308
2.8096861839294434 308
2.8170158863067627 308
2.8264968395233154 308
2.8358030319213867 308
2.84480619430542 308
2.8530824184417725 308
2.8619284629821777 308
2.870512008666992 308
2.878678798675537 308
2.8864662647247314 308
2.8959343433380127 308
2.9047725200653076 308
2.912930727005005 308
2.9217207431793213 308
2.9318718910217285 308
2.941049337387085 308
2.9490580558776855 308
2.9568285942077637 308
2.966057538986206 308
2.974270820617676 308
2.9844701290130615 308
2.9971516132354736 308
3.008833646774292 308
3.020387649536133 308
3.0336995124816895 308
3.046626329421997 308
3.057269334793091 308
3.0669686794281006 308
3.0753588676452637 307
3.0836689472198486 307
3.092101812362671 307
3.1022603511810303 308
3.111178159713745 308
3.1196982860565186 308
3.129063367843628 308
3.144558906555176 307
3.152973175048828 307
3.1625280380249023 307
3.171095132827759 306
3.179391860961914 306
3.1869874000549316 306
3.1971278190612793 307
3.2061948776245117 307
3.2145159244537354 306
3.2231390476226807 306
3.232703685760498 306
3.24113392829895 306
3.250467538833618 305
3.258716583251953 305
3.266979217529297 305
3.275752544403076 305
3.2841591835021973 305
3.2925174236297607 305
3.302565813064575 305
3.3113882541656494 304
3.320063352584839 304
3.3294248580932617 304
3.3369665145874023 304
3.352994918823242 304
3.3622539043426514 304
3.3705599308013916 304
3.3787903785705566 303
3.3866422176361084 303
3.395890235900879 302
3.4052228927612305 303
3.4133756160736084 304
3.422126054763794 304
3.43524432182312 302
3.443424940109253 301
3.4530725479125977 301
3.462588310241699 301
3.4710235595703125 302
3.4797823429107666 302
3.4888134002685547 302
3.4970169067382812 301
3.506659984588623 300
3.5158603191375732 300
3.5248515605926514 300
3.534473419189453 301
3.5506231784820557 300
3.5589540004730225 300
3.567356824874878 299
3.576218366622925 298
3.5846972465515137 298
3.5941758155822754 299
3.6032984256744385 300
3.612112283706665 300
3.6203744411468506 299
3.6304538249969482 298
3.638732433319092 297
3.646737813949585 297
3.656245231628418 298
3.664942979812622 299
3.6732630729675293 299
3.681952476501465 298
3.690269947052002 298
3.7000679969787598 297
3.7097504138946533 298
3.717190742492676 298
3.727027177810669 298
3.735755443572998 298
3.7439749240875244 297
3.752426862716675 296
3.7625834941864014 296
3.771068572998047 297
3.7797484397888184 297
3.787076234817505 297
3.7963523864746094 296
3.8058152198791504 296
3.8141722679138184 295
3.8233015537261963 296
3.8330352306365967 296
3.8419041633605957 296
3.850261926651001 295
3.8633058071136475 295
3.8720357418060303 295
3.8805525302886963 295
3.888805389404297 295
3.8971831798553467 294
3.906627893447876 294
3.915074586868286 294
3.9234237670898438 294
3.932690382003784 294
3.9448108673095703 293
3.9532835483551025 292
3.96321177482605 292
3.9721298217773438 292
3.980457067489624 292
3.988661527633667 293
3.9970576763153076 293
4.005872964859009 292
4.015133857727051 292
4.0248987674713135 291
4.033223867416382 291
4.0419299602508545 291
4.0507848262786865 291
4.061830997467041 290
4.070154190063477 290
4.077903509140015 290
4.086130619049072 290
4.095160245895386 290
4.103684186935425 289
4.112997055053711 288
4.121941566467285 288
4.1318519115448 288
4.140091896057129 288
4.147421836853027 288
4.156488418579102 288
4.166294097900391 288
4.174694061279297 287
4.183208465576172 286
4.192358493804932 286
4.200683832168579 286
4.2089338302612305 287
4.218537092208862 287
4.227327585220337 286
4.236701488494873 286
4.245223522186279 285
4.253680229187012 285
4.26374626159668 285
4.272171497344971 286
4.280541181564331 285
4.289674282073975 285
4.297068357467651 284
4.305888414382935 284
4.315149307250977 285
4.325342416763306 285
4.334355354309082 285
4.346399784088135 284
4.354846954345703 283
4.365313291549683 282
4.373967885971069 282
4.3823769092559814 282
4.391256809234619 283
4.399896621704102 282
4.407274007797241 282
4.416674375534058 281
4.426589488983154 281
4.434935092926025 280
4.443161964416504 280
4.451877117156982 280
4.4607789516448975 280
4.47028923034668 280
4.478478908538818 280
4.486496686935425 280
4.495685577392578 279
4.503974199295044 278
4.512362241744995 278
4.522372484207153 279
4.53177809715271 279
4.5407233238220215 279
4.54901123046875 279
4.557311534881592 278
4.569962024688721 277
4.577282428741455 277
4.58599328994751 277
4.594737768173218 277
4.603073596954346 277
4.611779451370239 276
4.622025966644287 276
4.631287336349487 276
4.639802932739258 276
4.648483037948608 276
4.65667724609375 276
4.665179491043091 276
4.674537181854248 275
4.682871341705322 274
4.692211151123047 274
4.70051383972168 274
4.708742618560791 274
4.716609001159668 274
4.727253437042236 274
4.73592472076416 274
4.746888160705566 273
4.757117509841919 272
4.765956401824951 272
4.775350093841553 272
4.783927917480469 272
4.792913198471069 272
4.8014140129089355 271
4.809952974319458 271
4.817269325256348 271
4.828698396682739 271
4.836531400680542 271
4.8450422286987305 270
4.854338645935059 270
4.862675666809082 270
4.8711159229278564 270
4.880585432052612 270
4.889782905578613 270
4.897096633911133 269
4.905930757522583 268
4.914226293563843 268
4.924911260604858 269
4.933191537857056 270
4.941946268081665 270
4.950230121612549 269
4.959709644317627 268
4.967084646224976 267
4.976609945297241 267
4.984905004501343 268
4.994006872177124 268
