0 0
0.014005422592163086 0
0.03268027305603027 0
0.052376747131347656 2
0.06914091110229492 6
0.08670973777770996 12
0.10026359558105469 18
0.10851573944091797 24
0.11644554138183594 27
0.1311490535736084 36
0.13983869552612305 41
0.14902877807617188 48
0.15741491317749023 53
0.1661679744720459 58
0.17465662956237793 66
0.18329262733459473 71
0.1944723129272461 80
0.20399999618530273 86
0.21254372596740723 92
0.22131586074829102 99
0.22992372512817383 105
0.2373213768005371 112
0.24705243110656738 120
0.25638914108276367 126
0.2647895812988281 134
0.27344822883605957 140
0.2822587490081787 146
0.291715145111084 154
0.3272988796234131 188
0.38282227516174316 231
0.4459960460662842 259
0.48659229278564453 282
0.5169475078582764 302
0.5421943664550781 315
0.5526809692382812 321
0.5614504814147949 326
0.5701091289520264 329
0.5780322551727295 331
0.5884616374969482 334
0.5971405506134033 335
0.6071817874908447 336
0.646432638168335 346
0.7032833099365234 370
0.7722463607788086 362
0.820986270904541 335
0.8728418350219727 333
0.9165589809417725 354
0.9725995063781738 377
1.0029549598693848 387
1.0433087348937988 385
1.0633814334869385 379
1.082768440246582 372
1.0985207557678223 367
1.1063876152038574 365
1.1467714309692383 368
1.1889901161193848 384
1.242485761642456 386
1.264211893081665 381
1.2725708484649658 378
1.2817513942718506 375
1.291107416152954 373
1.2993977069854736 372
1.308692455291748 372
1.3318140506744385 370
1.3486716747283936 366
1.3579962253570557 364
1.3663887977600098 362
1.3747777938842773 362
1.3872687816619873 362
1.3991084098815918 361
1.4126276969909668 360
1.4234387874603271 359
1.4349339008331299 359
1.4471421241760254 360
1.4625835418701172 361
1.474820852279663 360
1.4887921810150146 357
1.4974215030670166 356
1.5094139575958252 355
1.5194063186645508 355
1.5274467468261719 356
1.5362112522125244 357
1.5449092388153076 358
1.5532257556915283 357
1.5629286766052246 356
1.571794033050537 355
1.5808284282684326 354
1.590015172958374 355
1.5974175930023193 356
1.6073992252349854 356
1.6168978214263916 356
1.6257200241088867 356
1.6337885856628418 356
1.6422119140625 355
1.6513636112213135 354
1.660782814025879 354
1.6690564155578613 355
1.678882360458374 356
1.6888761520385742 356
1.6966848373413086 356
1.7049527168273926 356
1.7145724296569824 356
1.7228460311889648 355
1.736767292022705 354
1.7463643550872803 354
1.7559573650360107 354
1.7651269435882568 354
1.7732861042022705 354
1.782395601272583 354
1.7914071083068848 354
1.8000400066375732 354
1.8073320388793945 354
1.8173658847808838 354
1.8259716033935547 354
1.834671974182129 354
1.8437597751617432 354
1.8521814346313477 354
1.8618583679199219 354
1.870959758758545 354
1.8800270557403564 354
1.8889610767364502 354
1.8999953269958496 354
1.9087796211242676 354
1.9173576831817627 353
1.9263310432434082 353
1.9352829456329346 353
1.9442310333251953 354
1.9526965618133545 354
1.9611053466796875 354
1.970447063446045 354
1.979891300201416 353
1.989043951034546 352
1.997032880783081 352
2.007366418838501 353
2.017237663269043 354
2.0258994102478027 355
2.034893751144409 355
2.0442473888397217 354
2.052678346633911 353
2.061166286468506 352
2.070603609085083 352
2.0798161029815674 353
2.0888240337371826 354
2.0966298580169678 354
2.105091094970703 354
2.1141977310180664 354
2.1233787536621094 353
2.1359593868255615 352
2.1459481716156006 352
2.1544196605682373 353
2.162904977798462 354
2.172496795654297 354
2.1814446449279785 354
2.190746545791626 353
2.199078321456909 352
2.208440065383911 352
2.217031717300415 352
2.22597074508667 353
2.2342214584350586 354
2.2434194087982178 353
2.2521450519561768 352
2.260509729385376 352
2.2700440883636475 352
2.2788710594177246 352
2.2873897552490234 351
2.2962045669555664 351
2.304489850997925 351
2.313739061355591 352
2.3229706287384033 352
2.33172345161438 351
2.3405535221099854 351
2.348909378051758 351
2.3568451404571533 352
2.365278720855713 352
2.375751495361328 352
2.385944366455078 351
2.394341468811035 350
2.403995990753174 350
2.4126827716827393 350
2.4221231937408447 350
2.430307388305664 350
2.438706159591675 350
2.44679594039917 350
2.454998731613159 350
2.4633612632751465 350
2.473283290863037 350
2.4818947315216064 350
2.4907588958740234 350
2.498929977416992 350
2.507230758666992 350
2.5159895420074463 350
2.525296926498413 350
2.537231206893921 350
2.5467581748962402 350
2.5552144050598145 350
2.563293933868408 350
2.573190927505493 350
2.58213210105896 350
2.5913290977478027 350
2.59982967376709 350
2.6086153984069824 350
2.616389513015747 350
2.625925302505493 350
2.6342127323150635 350
2.6430296897888184 350
2.6520919799804688 350
2.660383701324463 350
2.6689984798431396 350
2.679029703140259 350
2.6872944831848145 350
2.6958770751953125 350
2.7046022415161133 350
2.712887763977051 350
2.7213134765625 350
2.730682611465454 350
2.7399067878723145 350
2.7472221851348877 350
2.7558727264404297 350
2.764286994934082 350
2.7733418941497803 350
2.7901618480682373 350
2.7990665435791016 349
2.8101723194122314 349
2.817951202392578 349
2.8271987438201904 349
2.8358500003814697 349
2.846959352493286 349
2.8562161922454834 349
2.8644497394561768 349
2.873112201690674 348
2.8828558921813965 348
2.892230749130249 349
2.901747703552246 350
2.9112839698791504 349
2.9198975563049316 348
2.9331159591674805 348
2.942685842514038 349
2.9513916969299316 350
2.960587739944458 350
2.969076633453369 350
2.9769845008850098 350
2.9871954917907715 349
2.9959912300109863 348
3.005213975906372 348
3.014064073562622 348
3.0228636264801025 350
3.0332677364349365 350
3.042391538619995 349
3.0507588386535645 348
3.060020923614502 347
3.067389965057373 348
3.0766282081604004 348
3.0869386196136475 349
3.0957419872283936 349
3.104590654373169 348
3.1128594875335693 348
3.1214284896850586 348
3.1298468112945557 348
3.1400086879730225 347
3.147312641143799 348
3.156113862991333 348
3.1651203632354736 348
3.1739656925201416 348
3.1834299564361572 347
3.192734718322754 347
3.201838731765747 346
3.210143804550171 347
3.217451810836792 347
3.2261030673980713 347
3.2360761165618896 347
3.2445199489593506 347
3.252737522125244 347
3.261157274246216 347
3.271148204803467 348
3.2797751426696777 348
3.289877414703369 347
3.2973220348358154 347
3.30688738822937 346
3.315248966217041 347
3.3239355087280273 348
3.3372273445129395 348
3.3459982872009277 347
3.3544921875 346
3.363063335418701 345
3.3729665279388428 345
3.3817758560180664 346
3.392587900161743 347
3.402003049850464 347
3.410846471786499 346
3.4212045669555664 345
3.429842710494995 345
3.439940929412842 346
3.447335720062256 346
3.455986499786377 347
3.467000961303711 346
3.4798214435577393 345
3.4932785034179688 344
3.505138397216797 346
3.516657829284668 346
3.5286240577697754 347
3.5420360565185547 346
3.5537655353546143 344
3.56241774559021 343
3.57144832611084 344
3.5800211429595947 344
3.588794231414795 345
3.597369909286499 345
3.606733798980713 345
3.615114212036133 345
3.6232082843780518 344
3.6326522827148438 344
3.6421265602111816 345
3.650514841079712 345
3.6588528156280518 346
3.6672415733337402 345
3.6765341758728027 344
3.6862387657165527 344
3.6954238414764404 344
3.7042160034179688 344
3.7125139236450195 345
3.7212090492248535 345
3.7342300415039062 345
3.743354082107544 345
3.7521018981933594 345
3.760406970977783 344
3.769751787185669 344
3.778017520904541 345
3.7919204235076904 346
3.801800489425659 346
3.810218334197998 345
3.8185200691223145 344
3.8264517784118652 343
3.8357181549072266 344
3.8451857566833496 344
3.8533225059509277 345
3.8622372150421143 345
3.8714590072631836 345
3.880504608154297 344
3.8899919986724854 344
3.9001829624176025 344
3.9080214500427246 344
3.9162251949310303 344
3.9259066581726074 344
3.9348514080047607 344
3.9432296752929688 344
3.952760696411133 344
3.9613149166107178 344
3.9702844619750977 344
3.978438377380371 344
3.9874560832977295 344
3.9980015754699707 344
4.0061914920806885 344
4.014432668685913 344
4.022860765457153 344
4.032025098800659 344
4.040305852890015 344
4.04981803894043 344
4.0571184158325195 344
4.066431760787964 344
4.074823617935181 344
4.084840774536133 344
4.093154430389404 344
4.103957176208496 344
4.112263917922974 344
4.1264543533325195 344
4.140084505081177 344
4.147406578063965 344
4.15729546546936 344
4.166767597198486 344
4.175158977508545 344
4.183724641799927 344
4.1930992603302 344
4.203769683837891 344
4.212256908416748 343
4.221214771270752 343
4.23028302192688 343
4.238500118255615 343
4.246324300765991 343
4.25580096244812 343
4.264934539794922 342
4.273302316665649 342
4.281999111175537 342
4.29201865196228 343
4.300963640213013 343
4.310296535491943 342
4.318625211715698 342
4.3266401290893555 342
4.33573317527771 342
4.3439483642578125 342
4.353196620941162 343
4.362441539764404 343
4.3709564208984375 342
4.379071235656738 342
4.390209674835205 342
4.399050712585449 342
4.408086061477661 342
4.416266441345215 342
4.424524784088135 342
4.4350972175598145 342
4.444276571273804 341
4.452742338180542 341
4.462814807891846 342
4.471458196640015 342
4.4799580574035645 342
4.4889609813690186 342
4.498446702957153 341
4.509453296661377 341
4.5174171924591064 341
4.526059150695801 342
4.53985857963562 342
4.54715895652771 342
4.556720018386841 342
4.56642746925354 341
4.574840068817139 340
4.583257675170898 341
4.592828273773193 342
4.60268759727478 342
4.612239599227905 342
4.62064790725708 341
4.630181789398193 340
4.638890504837036 340
4.646683216094971 340
4.6549437046051025 341
4.665137529373169 341
4.673336982727051 341
4.682499647140503 341
4.69183087348938 341
4.701704263687134 341
4.7107994556427 341
4.719046592712402 341
4.728801488876343 341
4.736620903015137 341
4.745129823684692 341
4.7532689571380615 341
4.763043403625488 340
4.771918058395386 340
4.780171871185303 340
4.790237903594971 340
4.800046682357788 340
4.80738639831543 340
4.816875457763672 340
4.8259735107421875 340
4.834289312362671 340
4.842565536499023 340
4.851150274276733 340
4.860226392745972 340
4.869451284408569 340
4.877026319503784 340
4.886473894119263 340
4.895366191864014 340
4.904483795166016 340
4.91375470161438 340
4.9223480224609375 340
4.931409120559692 340
4.945090293884277 340
4.953336477279663 340
4.963306427001953 340
4.9719743728637695 340
4.980583667755127 340
4.990566253662109 340
4.999433279037476 340
