0 0
0.011800765991210938 0
0.03128337860107422 0
0.04928231239318848 2
0.06939578056335449 8
0.0850827693939209 12
0.09453058242797852 17
0.10289645195007324 21
0.11130332946777344 26
0.11991357803344727 31
0.13034272193908691 37
0.1393578052520752 44
0.14827680587768555 49
0.15735411643981934 56
0.1654036045074463 62
0.17592835426330566 70
0.18543744087219238 76
0.19466519355773926 82
0.20297813415527344 87
0.21479225158691406 96
0.22490715980529785 103
0.23537397384643555 112
0.2439284324645996 117
0.2529757022857666 122
0.26158618927001953 129
0.27048373222351074 134
0.2797813415527344 141
0.2884800434112549 146
0.2972846031188965 152
0.3051278591156006 155
0.315809965133667 162
0.3289151191711426 170
0.34253501892089844 176
0.3545722961425781 182
0.3671000003814697 189
0.378800630569458 195
0.3928565979003906 202
0.40456533432006836 206
0.4159555435180664 212
0.42566370964050293 215
0.4359145164489746 218
0.444577693939209 222
0.4530212879180908 225
0.4628152847290039 229
0.47116589546203613 232
0.4796326160430908 235
0.48932504653930664 238
0.4976189136505127 241
0.5054666996002197 244
0.5144147872924805 246
0.5233864784240723 249
0.5318198204040527 252
0.5417032241821289 255
0.5505363941192627 257
0.5603492259979248 260
0.568798303604126 262
0.576603889465332 264
0.5855796337127686 267
0.5948069095611572 269
0.603137731552124 271
0.611412525177002 273
0.624678373336792 276
0.6355912685394287 278
0.6445131301879883 280
0.6528043746948242 282
0.6619882583618164 284
0.6706483364105225 285
0.6792559623718262 287
0.6904909610748291 289
0.6991353034973145 290
0.7073519229888916 292
0.7173869609832764 294
0.7257401943206787 296
0.7352578639984131 297
0.7447636127471924 298
0.754575252532959 300
0.762770414352417 301
0.7730119228363037 303
0.78230881690979 304
0.7918505668640137 306
0.8005788326263428 307
0.8090126514434814 308
0.8172166347503662 310
0.8255288600921631 310
0.8359019756317139 312
0.8454506397247314 313
0.8547120094299316 314
0.8629899024963379 314
0.8714034557342529 316
0.8798832893371582 316
0.8888537883758545 318
0.8983371257781982 318
0.9056849479675293 319
0.9144148826599121 320
0.9233913421630859 321
0.9319612979888916 322
0.9425437450408936 323
0.9509081840515137 324
0.9596621990203857 324
0.9686832427978516 325
0.9760153293609619 326
0.9846928119659424 327
0.9949634075164795 328
1.0033187866210938 328
1.0115540027618408 328
1.0247011184692383 329
1.0339646339416504 330
1.043470859527588 331
1.0528740882873535 332
1.0611400604248047 332
1.069709062576294 333
1.0787410736083984 333
1.087663173675537 334
1.0966260433197021 334
1.1051387786865234 335
1.113706350326538 336
1.1225383281707764 336
1.130836009979248 336
1.1402966976165771 337
1.149653673171997 338
1.1588242053985596 338
1.167053461074829 338
1.1753709316253662 338
1.183720588684082 339
1.1927464008331299 339
1.2019448280334473 340
1.2105681896209717 340
1.2196240425109863 340
1.2276859283447266 341
1.2370970249176025 342
1.2456367015838623 342
1.2550711631774902 342
1.2633485794067383 342
1.2715513706207275 342
1.279979944229126 343
1.2891290187835693 343
1.2986586093902588 344
1.3065228462219238 344
1.3148107528686523 344
1.3233613967895508 344
1.3318660259246826 344
1.3423333168029785 345
1.3534340858459473 345
1.361732006072998 346
1.3704566955566406 346
1.379260778427124 346
1.3885250091552734 346
1.395829200744629 346
1.405277967453003 346
1.4137794971466064 346
1.425985336303711 347
1.4353859424591064 347
1.4438517093658447 347
1.4539716243743896 347
1.4624817371368408 347
1.4709300994873047 347
1.4791932106018066 347
1.4887170791625977 347
1.4960076808929443 347
1.505568027496338 347
1.5143170356750488 347
1.5231714248657227 347
1.5317280292510986 347
1.5409576892852783 347
1.5509757995605469 347
1.5593228340148926 347
1.5674996376037598 347
1.5752673149108887 347
1.58485746383667 347
1.5933563709259033 347
1.6028194427490234 348
1.611192226409912 348
1.6205570697784424 348
1.6288025379180908 348
1.638551950454712 348
1.6458566188812256 348
1.6559090614318848 348
1.6645379066467285 348
1.6727509498596191 348
1.6810600757598877 348
1.6907999515533447 348
1.699049711227417 348
1.7085583209991455 348
1.7173316478729248 349
1.7253005504608154 349
1.7347195148468018 349
1.7429969310760498 349
1.7516496181488037 349
1.7611823081970215 349
1.7697393894195557 350
1.7782588005065918 350
1.7871887683868408 350
1.7954981327056885 349
1.8048877716064453 349
1.8132600784301758 349
1.8255434036254883 350
1.835329294204712 350
1.8439838886260986 350
1.8545234203338623 350
1.8635694980621338 350
1.8718011379241943 349
1.8809795379638672 349
1.8900437355041504 350
1.8986690044403076 350
1.9079346656799316 350
1.9160196781158447 350
1.9246997833251953 350
1.9337222576141357 349
1.9418444633483887 350
1.951038122177124 350
1.9609463214874268 350
1.969191074371338 350
1.9773824214935303 349
1.9858145713806152 349
1.9948725700378418 350
2.004798173904419 350
2.0150725841522217 350
2.0233418941497803 350
2.0317223072052 349
2.04109787940979 349
2.049830913543701 350
2.0583302974700928 350
2.067481756210327 350
2.075524091720581 350
2.0847575664520264 349
2.092996120452881 349
2.1018683910369873 350
2.111438512802124 350
2.1205062866210938 350
2.1288838386535645 350
2.137911558151245 349
2.147033452987671 349
2.1548709869384766 350
2.164402484893799 350
2.172722578048706 350
2.1816539764404297 350
2.1904685497283936 349
2.1992013454437256 349
2.2074408531188965 350
2.217376708984375 350
2.229750156402588 350
2.2392828464508057 349
2.2488982677459717 349
2.257089376449585 349
2.265756368637085 350
2.2744245529174805 350
2.283158540725708 350
2.2913565635681152 350
2.3004133701324463 349
2.3089981079101562 349
2.319101572036743 349
2.3273894786834717 350
2.3358190059661865 350
2.344994068145752 350
2.353269100189209 349
2.364813804626465 349
2.3733887672424316 350
2.382354259490967 350
2.391813039779663 350
2.4038498401641846 350
2.418381690979004 349
2.4298923015594482 350
2.4419686794281006 350
2.453993320465088 350
2.4659438133239746 349
2.47892427444458 349
2.4885690212249756 349
2.4959018230438232 350
2.505143642425537 350
2.5142557621002197 350
2.5233654975891113 349
2.531743288040161 349
2.5409445762634277 350
2.550356149673462 350
2.5586230754852295 350
2.565903902053833 350
2.5754036903381348 349
2.584406852722168 349
2.5926053524017334 349
2.6009647846221924 350
2.6106483936309814 350
2.6234519481658936 350
2.633845567703247 349
2.6425371170043945 349
2.651496648788452 349
2.6599698066711426 350
2.6686367988586426 350
2.678567886352539 350
2.685859203338623 350
2.694511651992798 349
2.703681468963623 349
2.713305950164795 350
2.72282338142395 350
2.7312750816345215 350
2.7406389713287354 350
2.749217987060547 349
2.7574386596679688 349
2.765397548675537 350
2.7749555110931396 350
2.7839548587799072 350
2.7925233840942383 349
2.800849676132202 349
2.8098554611206055 349
2.81825852394104 350
2.8273580074310303 350
2.8359076976776123 350
2.845160484313965 349
2.8536863327026367 349
2.8618292808532715 349
2.8713436126708984 350
2.8816001415252686 350
2.8904526233673096 350
2.8986666202545166 350
2.905980110168457 349
2.915393352508545 349
2.9248313903808594 349
2.9342901706695557 350
2.9432547092437744 350
2.951481342315674 350
2.959909200668335 349
2.9685463905334473 349
2.978330135345459 350
2.9856817722320557 350
2.9943933486938477 350
3.002582550048828 350
3.0114924907684326 349
3.0245065689086914 349
3.0349555015563965 350
3.044478178024292 350
3.0528552532196045 350
3.061128854751587 350
3.069337844848633 350
3.079214096069336 349
3.0874154567718506 349
3.095339775085449 349
3.1037070751190186 350
3.112520694732666 350
3.1213226318359375 350
3.1308226585388184 349
3.140747547149658 349
3.14927339553833 350
3.157623052597046 350
3.1653618812561035 350
3.174516439437866 350
3.1837337017059326 349
3.1918585300445557 349
3.2004828453063965 350
3.209362030029297 350
3.217576503753662 350
3.2257766723632812 349
3.2365143299102783 349
3.2452752590179443 349
3.2535386085510254 350
3.261820077896118 350
3.2706081867218018 350
3.280674457550049 349
3.288969039916992 349
3.2971670627593994 349
3.304919481277466 350
3.3138253688812256 350
3.321913480758667 350
3.332504987716675 349
3.3489978313446045 349
3.357294797897339 349
3.3650646209716797 350
3.373929738998413 350
3.3854191303253174 349
3.3944075107574463 349
3.402618646621704 349
3.4117259979248047 349
3.4204182624816895 349
3.4350411891937256 350
3.4444072246551514 350
3.452910900115967 349
3.4612417221069336 349
3.469640016555786 349
3.478713035583496 350
3.4879605770111084 350
3.495548963546753 350
3.504316806793213 349
3.513493299484253 349
3.5217459201812744 349
3.5308563709259033 350
3.5415964126586914 350
3.550307035446167 350
3.5585601329803467 349
3.5658812522888184 349
3.575409173965454 349
3.5837326049804688 350
3.593275785446167 350
3.6015207767486572 350
3.610564947128296 349
3.6188488006591797 349
3.627051591873169 349
3.639768123626709 350
3.6482396125793457 350
3.655729055404663 350
3.664382219314575 349
3.673489809036255 349
3.6818153858184814 349
3.691425323486328 350
3.699944257736206 350
3.7090017795562744 350
3.717179536819458 349
3.72501802444458 349
3.73469614982605 349
3.744375705718994 350
3.752779960632324 350
3.7610881328582764 350
3.7693545818328857 349
3.7785043716430664 349
3.7858312129974365 349
3.795236349105835 350
3.804668426513672 350
3.813076972961426 350
3.8213064670562744 349
3.834733247756958 349
3.845078468322754 349
3.853437662124634 350
3.8617029190063477 350
3.871090888977051 350
3.8794078826904297 349
3.8883583545684814 349
3.8986666202545166 349
3.907423496246338 350
3.9152305126190186 350
3.9234964847564697 350
3.9323360919952393 349
3.9437859058380127 349
3.9519033432006836 350
3.960568428039551 350
3.969538927078247 350
3.977621078491211 349
3.9854273796081543 349
3.995192527770996 349
4.004514932632446 350
4.01273512840271 350
4.02103328704834 350
4.029358148574829 349
4.043179988861084 350
4.051621437072754 350
4.0611045360565186 350
4.070014238357544 350
4.078450918197632 349
4.085791110992432 349
4.098398685455322 349
4.107223987579346 350
4.115166664123535 350
4.123420476913452 350
4.131865978240967 349
4.141712665557861 349
4.153209686279297 350
4.161539554595947 350
4.170792102813721 350
4.179077386856079 350
4.187289714813232 349
4.196565866470337 349
4.205445766448975 350
4.213843822479248 350
4.221969366073608 350
4.235656976699829 349
4.244458913803101 349
4.2544944286346436 350
4.26277494430542 350
4.271476984024048 350
4.279928207397461 349
4.288574457168579 349
4.297553300857544 350
4.305819034576416 350
4.314532279968262 350
4.322899580001831 349
4.33121657371521 349
4.341122150421143 349
4.351064443588257 350
4.3593528270721436 350
4.368344306945801 350
4.37567663192749 349
4.384390354156494 349
4.392616033554077 349
4.402555227279663 350
4.411121606826782 350
4.419527769088745 350
4.427630662918091 349
4.437012434005737 349
4.444859027862549 349
4.454954385757446 350
4.463308334350586 350
4.474376916885376 350
4.485489130020142 349
4.497413635253906 349
4.511293172836304 350
4.522313117980957 350
4.534559488296509 349
4.545732021331787 349
4.557207822799683 349
4.56502103805542 349
4.574340581893921 349
4.582790374755859 350
4.591221809387207 350
4.600538015365601 349
4.609806537628174 349
4.618316173553467 349
4.630658388137817 350
4.640850067138672 350
4.6495537757873535 350
4.660567283630371 349
4.671000719070435 349
4.679318428039551 349
4.68753981590271 350
4.695308685302734 350
4.705203056335449 350
4.713770389556885 349
4.721925497055054 349
4.730594635009766 349
4.740595102310181 350
4.748852491378784 350
4.758423566818237 350
4.7671709060668945 349
4.775203704833984 349
4.783449649810791 349
4.7916789054870605 349
4.800893306732178 350
4.810433387756348 350
4.818750381469727 349
4.826577186584473 349
4.8370537757873535 350
4.8450212478637695 350
4.8533148765563965 350
4.86334228515625 349
4.871989727020264 349
4.880593538284302 350
4.888980388641357 350
4.897549390792847 349
4.905422210693359 349
4.914930582046509 349
4.923226833343506 349
4.932482719421387 350
4.941455602645874 350
4.950302600860596 349
4.959362506866455 349
4.9692511558532715 349
4.977456092834473 350
4.985306978225708 350
4.9936842918396 350
