0 0
0.015381574630737305 0
0.03773379325866699 0
0.05109548568725586 1
0.06925368309020996 4
0.08691668510437012 10
0.09527993202209473 12
0.10313105583190918 14
0.11205840110778809 16
0.12093997001647949 17
0.12949156761169434 18
0.13904476165771484 20
0.14768314361572266 22
0.15611696243286133 24
0.1652679443359375 26
0.17308950424194336 27
0.18210601806640625 27
0.1917285919189453 28
0.2001936435699463 29
0.20837712287902832 31
0.21770119667053223 33
0.2261676788330078 36
0.23479390144348145 38
0.24519896507263184 38
0.25498461723327637 38
0.26406216621398926 38
0.2719407081604004 39
0.2813291549682617 40
0.2908816337585449 43
0.2994556427001953 45
0.3078732490539551 46
0.31705284118652344 48
0.32579779624938965 50
0.3350341320037842 52
0.3456153869628906 52
0.3593404293060303 53
0.36924290657043457 53
0.3781297206878662 54
0.38707470893859863 55
0.3963968753814697 58
0.4048893451690674 60
0.41391801834106445 62
0.4219095706939697 62
0.4303572177886963 62
0.4388315677642822 62
0.4491143226623535 63
0.4574778079986572 64
0.4669041633605957 67
0.4759066104888916 69
0.48412060737609863 70
0.49309754371643066 70
0.5014524459838867 71
0.5107846260070801 72
0.5193049907684326 74
0.527717113494873 76
0.537041187286377 77
0.5469574928283691 78
0.5553128719329834 80
0.5649034976959229 82
0.5722928047180176 84
0.5815751552581787 85
0.5899314880371094 86
0.599536657333374 86
0.6083700656890869 87
0.6170189380645752 88
0.6253662109375 90
0.6336615085601807 92
0.6420066356658936 93
0.6515884399414062 94
0.6611285209655762 96
0.6695380210876465 97
0.6781811714172363 99
0.6869039535522461 100
0.6962108612060547 100
0.704866886138916 101
0.713763952255249 103
0.7217676639556885 104
0.7301981449127197 105
0.7383389472961426 106
0.7494843006134033 108
0.7661328315734863 110
0.7753515243530273 110
0.7836380004882812 110
0.7915449142456055 112
0.8011209964752197 114
0.8108735084533691 116
0.8192780017852783 116
0.8276429176330566 117
0.8369133472442627 117
0.8462495803833008 118
0.855478048324585 119
0.864760160446167 121
0.8736593723297119 124
0.8815557956695557 124
0.8899242877960205 125
0.8996627330780029 126
0.9092741012573242 127
0.918001651763916 129
0.9268488883972168 130
0.9352269172668457 132
0.9441490173339844 132
0.9547479152679443 133
0.9649503231048584 134
0.9738273620605469 136
0.9817728996276855 137
0.9902803897857666 138
0.9996342658996582 138
1.0085017681121826 139
1.0173027515411377 140
1.025573968887329 142
1.033975601196289 143
1.043088674545288 144
1.053581953048706 144
1.062253713607788 144
1.071563959121704 145
1.0802886486053467 146
1.0885119438171387 148
1.0973174571990967 149
1.1073732376098633 150
1.115764856338501 151
1.124063491821289 151
1.1319959163665771 152
1.1414878368377686 153
1.1497783660888672 154
1.1655704975128174 156
1.1748828887939453 156
1.1823034286499023 156
1.1911253929138184 158
1.1996347904205322 159
1.209554672241211 160
1.21781587600708 160
1.2263562679290771 160
1.2349135875701904 161
1.243638277053833 163
1.2514727115631104 164
1.2622122764587402 165
1.2725327014923096 166
1.2812604904174805 166
1.2896292209625244 167
1.298055648803711 168
1.3078455924987793 169
1.3164331912994385 169
1.3250069618225098 170
1.3323547840118408 170
1.341627597808838 171
1.350053071975708 172
1.3615057468414307 173
1.3707919120788574 174
1.3792939186096191 175
1.3876769542694092 176
1.396136999130249 176
1.4052293300628662 176
1.4147469997406006 176
1.422102689743042 178
1.43095064163208 179
1.4400012493133545 180
1.448221206665039 180
1.457796335220337 179
1.4673840999603271 180
1.4762370586395264 181
1.4847664833068848 182
1.4922215938568115 182
1.501115322113037 182
1.5113275051116943 182
1.5196502208709717 184
1.527921438217163 185
1.5372824668884277 186
1.5455515384674072 186
1.5538649559020996 186
1.569833517074585 186
1.5782616138458252 188
1.5872032642364502 190
1.5955836772918701 191
1.6050519943237305 192
1.6141605377197266 193
1.6222584247589111 193
1.6310429573059082 193
1.6396658420562744 194
1.6480255126953125 195
1.656796932220459 195
1.6670470237731934 196
1.6762974262237549 196
1.685044527053833 197
1.6923847198486328 198
1.7014830112457275 199
1.709965467453003 200
1.7195501327514648 199
1.7278964519500732 198
1.7373971939086914 199
1.7456893920898438 200
1.7539470195770264 200
1.7645063400268555 200
1.7736144065856934 201
1.7848305702209473 203
1.7921650409698486 204
1.8014638423919678 204
1.8098890781402588 204
1.8196334838867188 204
1.8279821872711182 206
1.8371021747589111 207
1.8455350399017334 208
1.853743076324463 209
1.8635056018829346 209
1.8730785846710205 209
1.8813598155975342 210
1.8896803855895996 212
1.8980553150177002 213
1.9074478149414062 213
1.9172155857086182 213
1.9255964756011963 213
1.9341835975646973 214
1.9420459270477295 215
1.9509551525115967 216
1.9702677726745605 216
1.9821076393127441 216
1.9944682121276855 218
2.008460521697998 220
2.0213663578033447 223
2.035036325454712 224
2.046401262283325 222
2.055856466293335 222
2.066179037094116 222
2.076421022415161 224
2.08503794670105 226
2.0924065113067627 227
2.1018245220184326 228
2.11027193069458 228
2.1197774410247803 228
2.1281466484069824 229
2.1376631259918213 231
2.146125078201294 233
2.154841899871826 233
2.163914203643799 233
2.1740384101867676 232
2.1823537349700928 232
2.191118001937866 232
2.2002556324005127 232
2.208862543106079 232
2.217524528503418 232
2.2270219326019287 234
2.236142635345459 235
2.2444510459899902 235
2.252166509628296 234
2.261645793914795 234
2.271533250808716 234
2.2799224853515625 235
2.2897820472717285 237
2.299128293991089 238
2.3075125217437744 239
2.316016912460327 238
2.3255510330200195 238
2.334137201309204 237
2.3421568870544434 237
2.350830554962158 238
2.365004777908325 240
2.374115467071533 242
2.382080316543579 242
2.390892744064331 242
2.3997976779937744 242
2.4080584049224854 242
2.416905164718628 244
2.4262261390686035 245
2.4352657794952393 245
2.443084716796875 245
2.4512948989868164 245
2.4607906341552734 246
2.469740152359009 247
2.4792277812957764 248
2.4876370429992676 248
2.49605655670166 247
2.505297899246216 247
2.5130820274353027 248
2.521662712097168 249
2.5318689346313477 250
2.5402252674102783 250
2.548377752304077 250
2.5571651458740234 249
2.566910982131958 249
2.576406955718994 250
2.584947109222412 251
2.592371940612793 252
2.601896047592163 252
2.6102941036224365 251
2.6188433170318604 251
2.6279995441436768 251
2.637345314025879 252
2.645632743835449 253
2.6540069580078125 254
2.664135217666626 254
2.6719236373901367 254
2.687777519226074 254
2.697216510772705 254
2.7054803371429443 256
2.7138512134552 257
2.7217533588409424 258
2.7320022583007812 258
2.740428924560547 258
2.7484898567199707 257
2.771462917327881 258
2.781127691268921 260
2.789677619934082 262
2.8002851009368896 262
2.8092854022979736 262
2.8213202953338623 262
2.8325283527374268 262
2.8412601947784424 264
2.8496551513671875 264
2.8582472801208496 264
2.868382453918457 264
2.877140522003174 265
2.8867709636688232 266
2.896015167236328 266
2.9041292667388916 266
2.9118850231170654 266
2.920217752456665 267
2.929525852203369 267
2.939229726791382 268
2.9475371837615967 268
2.955817222595215 267
2.9668843746185303 268
2.9752726554870605 268
2.9849295616149902 269
2.99238920211792 269
3.001655340194702 269
3.0098984241485596 269
3.0180883407592773 269
3.0271966457366943 270
3.0368809700012207 270
3.0451645851135254 271
3.0530753135681152 271
3.0630979537963867 272
3.07141375541687 272
3.0797441005706787 271
3.089212656021118 271
3.0978360176086426 272
3.1063742637634277 272
3.1150763034820557 273
3.122504472732544 273
3.1316494941711426 273
3.141110420227051 273
3.149345874786377 274
3.1578588485717773 274
3.171783447265625 274
3.1807873249053955 274
3.190006971359253 274
3.199530601501465 274
3.2077622413635254 274
3.216155767440796 275
3.2247493267059326 276
3.2337327003479004 277
3.2425384521484375 276
3.251486301422119 276
3.2608048915863037 274
3.269108772277832 274
3.277597665786743 275
3.28603458404541 276
3.2962872982025146 276
3.305006504058838 275
3.3141565322875977 274
3.3219127655029297 275
3.3312039375305176 276
3.3408689498901367 277
3.349261522293091 278
3.367068290710449 277
3.375570297241211 276
3.390979290008545 274
3.400040626525879 275
3.408350944519043 276
3.418484926223755 277
3.428407907485962 277
3.4370739459991455 276
3.4467804431915283 275
3.4551470279693604 275
3.465226411819458 275
3.473693609237671 276
3.4830188751220703 276
3.4923622608184814 277
3.501197099685669 277
3.510202169418335 277
3.5183489322662354 276
3.527740955352783 276
3.536264181137085 276
3.545649766921997 277
3.5540425777435303 278
3.568082809448242 278
3.576921224594116 277
3.5854415893554688 276
3.595693349838257 276
3.603902578353882 276
3.6117594242095947 276
3.6200692653656006 276
3.6290369033813477 277
3.6377170085906982 278
3.6472041606903076 278
3.6555962562561035 278
3.6655542850494385 277
3.673875093460083 276
3.681769847869873 276
3.6911849975585938 277
3.7008092403411865 278
3.7090744972229004 278
3.7176148891448975 277
3.726374387741089 277
3.734905481338501 278
3.7423367500305176 278
3.7518792152404785 278
3.761772394180298 279
3.7704782485961914 279
3.7791125774383545 279
3.7874562740325928 279
3.7974555492401123 279
3.806277275085449 279
3.8147478103637695 279
3.8231334686279297 280
3.8315072059631348 280
3.839989423751831 280
3.849321126937866 280
3.858370304107666 280
3.867661952972412 280
3.875916004180908 280
3.884099245071411 280
3.892225980758667 281
3.902071952819824 282
3.9108686447143555 282
3.919656276702881 281
3.928988218307495 280
3.9374513626098633 280
3.9457345008850098 281
3.9561944007873535 282
3.9697999954223633 282
3.9783170223236084 280
3.9889726638793945 279
3.9983139038085938 278
4.007826328277588 279
4.01676869392395 280
4.026898384094238 281
4.03629469871521 280
4.047557592391968 279
4.062202453613281 278
4.074180841445923 279
4.086148262023926 280
4.098199129104614 280
4.1110289096832275 279
4.12498140335083 278
4.135509252548218 278
4.143730163574219 278
4.152222394943237 279
4.162262201309204 280
4.171026706695557 280
4.180445909500122 280
4.1894755363464355 280
4.197865724563599 279
4.207468748092651 279
4.215712785720825 279
4.224904537200928 279
4.233844041824341 280
4.244898557662964 279
4.252360105514526 278
4.26366662979126 278
4.2715065479278564 279
4.279914855957031 280
4.289254188537598 281
4.297533988952637 280
4.306936979293823 280
4.315319538116455 279
4.324466228485107 279
4.333009958267212 279
4.341217756271362 279
4.3494884967803955 279
4.359762907028198 279
4.3736865520477295 279
4.3817689418792725 279
4.391083478927612 279
4.399456024169922 279
4.408506155014038 279
4.417309045791626 279
4.426180601119995 279
4.434199094772339 279
4.4420552253723145 279
4.4504616260528564 279
4.46141791343689 279
4.46968674659729 279
4.477982044219971 279
4.487312078475952 279
4.495710134506226 279
4.503930568695068 279
4.512496709823608 279
4.521580219268799 279
4.529871463775635 279
4.53804874420166 279
4.546905517578125 279
4.556151628494263 279
4.566473722457886 279
4.5749523639678955 279
4.582259178161621 279
4.591365814208984 279
4.599637746810913 279
4.6078832149505615 279
4.6174890995025635 279
4.626798868179321 279
4.635583162307739 279
4.6437437534332275 279
4.65216064453125 279
4.662237882614136 279
4.670955419540405 279
4.679399728775024 279
4.68804931640625 279
4.696528434753418 279
4.705043077468872 279
4.713929653167725 279
4.723633289337158 279
4.732247352600098 279
4.741894006729126 279
4.752031087875366 279
4.762341499328613 279
4.775623083114624 279
4.784836292266846 279
4.792145729064941 279
4.801045894622803 279
4.809443473815918 279
4.819267511367798 279
4.827587842941284 279
4.835909128189087 279
4.844094753265381 279
4.852395534515381 279
4.861837387084961 279
4.87117862701416 279
4.879366636276245 279
4.887926340103149 279
4.89639687538147 279
4.904884576797485 279
4.912172317504883 279
4.923147678375244 279
4.931335687637329 279
4.93974757194519 279
4.948458194732666 279
4.957699298858643 279
4.968439340591431 279
4.977316379547119 279
4.986023187637329 279
4.994950532913208 279
