0 0
0.01331949234008789 0
0.03062748908996582 0
0.057823896408081055 3
0.07460999488830566 9
0.0891568660736084 14
0.09750890731811523 18
0.10631656646728516 23
0.11410975456237793 27
0.12341856956481934 32
0.13260769844055176 38
0.14157605171203613 43
0.14985418319702148 49
0.1591651439666748 55
0.1678333282470703 62
0.1760392189025879 68
0.18461227416992188 75
0.1936478614807129 79
0.2032182216644287 87
0.21138811111450195 93
0.2203660011291504 101
0.22905468940734863 107
0.23826122283935547 115
0.24628591537475586 121
0.254608154296875 127
0.26326799392700195 133
0.2715489864349365 141
0.28032755851745605 147
0.2900838851928711 155
0.29854869842529297 162
0.30759453773498535 168
0.31580495834350586 176
0.32416725158691406 183
0.3329942226409912 189
0.3423171043395996 197
0.35050535202026367 204
0.3597404956817627 211
0.36800193786621094 219
0.37706851959228516 225
0.38697075843811035 233
0.3942875862121582 240
0.40389466285705566 246
0.41230130195617676 255
0.42144131660461426 261
0.4296875 268
0.4433753490447998 279
0.45207953453063965 287
0.46054863929748535 293
0.46918344497680664 299
0.47776174545288086 306
0.4869718551635742 313
0.4959278106689453 319
0.5059115886688232 326
0.5136139392852783 330
0.522463321685791 335
0.530529260635376 340
0.5397872924804688 344
0.5479974746704102 349
0.5573921203613281 352
0.5662837028503418 356
0.5739555358886719 358
0.5823132991790771 361
0.592430591583252 363
0.6006238460540771 365
0.6097240447998047 367
0.6184878349304199 368
0.6266801357269287 369
0.6341197490692139 370
0.6437017917633057 371
0.652951717376709 371
0.6606707572937012 371
0.669163703918457 371
0.6772780418395996 371
0.6862814426422119 371
0.6951994895935059 370
0.7042393684387207 370
0.7125716209411621 369
0.7215869426727295 369
0.7297217845916748 368
0.7379157543182373 367
0.7472171783447266 367
0.7557299137115479 366
0.7640094757080078 366
0.7721462249755859 365
0.7802703380584717 365
0.7894432544708252 364
0.7992258071899414 364
0.8080146312713623 363
0.817033052444458 363
0.8242864608764648 362
0.8326306343078613 362
0.8459005355834961 361
0.8543229103088379 361
0.8629715442657471 361
0.8711528778076172 360
0.8794901371002197 360
0.888282299041748 360
0.9022026062011719 359
0.9103879928588867 359
0.9192233085632324 359
0.9273724555969238 359
0.934565544128418 359
0.9431900978088379 358
0.9530520439147949 358
0.9611411094665527 358
0.9693312644958496 358
0.9775803089141846 358
0.9860854148864746 358
0.9941954612731934 358
1.0042707920074463 358
1.012577772140503 358
1.0216138362884521 358
1.0297596454620361 358
1.0379161834716797 358
1.0459928512573242 358
1.055734634399414 358
1.0635201930999756 358
1.0741970539093018 358
1.0833334922790527 358
1.0918030738830566 358
1.1036126613616943 358
1.1172122955322266 358
1.1283156871795654 358
1.139235258102417 358
1.152092695236206 358
1.1630451679229736 358
1.1736834049224854 358
1.1865484714508057 358
1.196925163269043 358
1.2069642543792725 358
1.215233564376831 358
1.223268747329712 358
1.2313625812530518 358
1.2433040142059326 357
1.2531657218933105 357
1.2614028453826904 357
1.269646406173706 357
1.2777650356292725 357
1.286677598953247 357
1.2941384315490723 357
1.3041496276855469 356
1.3130989074707031 356
1.3212082386016846 356
1.329411506652832 355
1.3375704288482666 355
1.345245599746704 355
1.3544352054595947 355
1.3630971908569336 355
1.3721816539764404 355
1.381000280380249 354
1.3892707824707031 354
1.397456169128418 354
1.4080100059509277 354
1.4172067642211914 354
1.424381971359253 354
1.4329204559326172 354
1.440582036972046 353
1.4493739604949951 353
1.4584548473358154 353
1.4663076400756836 353
1.4739429950714111 353
1.4830572605133057 353
1.4911231994628906 353
1.4994738101959229 353
1.510077714920044 353
1.519167423248291 352
1.527292013168335 352
1.5344898700714111 352
1.5431714057922363 352
1.5517280101776123 352
1.5605895519256592 352
1.5690655708312988 352
1.5774354934692383 352
1.58705735206604 352
1.5942294597625732 352
1.6042027473449707 352
1.613830327987671 352
1.6219255924224854 352
1.6301994323730469 352
1.6421074867248535 352
1.6513526439666748 352
1.6606011390686035 352
1.6691772937774658 352
1.6778132915496826 352
1.6858422756195068 352
1.6934709548950195 352
1.7024095058441162 352
1.7130687236785889 352
1.7212767601013184 352
1.7294387817382812 352
1.7375967502593994 352
1.746342658996582 352
1.75398588180542 352
1.7635016441345215 352
1.7716007232666016 352
1.7800607681274414 352
1.7883565425872803 352
1.796255111694336 352
1.8046104907989502 352
1.8158185482025146 352
1.8235347270965576 352
1.8316473960876465 352
1.8399271965026855 352
1.8486835956573486 352
1.8570146560668945 352
1.8657379150390625 352
1.8733656406402588 352
1.8820455074310303 352
1.8902125358581543 352
1.89864182472229 352
1.907738208770752 352
1.917773962020874 352
1.925778865814209 352
1.9334139823913574 352
1.9415514469146729 352
1.9500789642333984 352
1.9585480690002441 352
1.967719554901123 352
1.9760658740997314 352
1.9839191436767578 352
1.9920227527618408 352
2.0002639293670654 352
2.0115044116973877 352
2.0206024646759033 352
2.0291407108306885 352
2.0372612476348877 352
2.0496933460235596 352
2.057948112487793 352
2.067413568496704 352
2.0745651721954346 352
2.0835185050964355 352
2.0935299396514893 352
2.1031081676483154 352
2.1117990016937256 352
2.1214711666107178 351
2.129668712615967 351
2.137943744659424 351
2.147042751312256 351
2.154209852218628 350
2.162487506866455 350
2.171597719192505 350
2.1802401542663574 349
2.1885719299316406 349
2.197077751159668 349
2.2059247493743896 348
2.2142183780670166 348
2.22407603263855 347
2.232308864593506 347
2.240316390991211 347
2.2492382526397705 347
2.257512331008911 346
2.26466703414917 346
2.274630546569824 345
2.2832915782928467 345
2.2913973331451416 345
2.2996528148651123 345
2.309434175491333 345
2.3176722526550293 345
2.327514410018921 344
2.334683895111084 344
2.343841314315796 344
2.351954936981201 344
2.3600614070892334 344
2.3683269023895264 343
2.378432512283325 343
2.3865807056427 343
2.3940391540527344 343
2.403331756591797 343
2.4119813442230225 343
2.4201135635375977 343
2.4299683570861816 343
2.438418388366699 343
2.45139741897583 343
2.459653615951538 343
2.4679651260375977 343
2.4775917530059814 343
2.485250949859619 343
2.493306875228882 343
2.5034008026123047 343
2.512054443359375 343
2.520218849182129 343
2.530048370361328 343
2.5384762287139893 343
2.5473639965057373 343
2.5545310974121094 343
2.563183546066284 343
2.571192741394043 343
2.5809853076934814 343
2.5892350673675537 343
2.5976037979125977 342
2.608001470565796 342
2.616028308868408 342
2.623788833618164 342
2.633474349975586 342
2.642134189605713 341
2.6501941680908203 341
2.658538579940796 341
2.667038679122925 341
2.6756606101989746 341
2.6843810081481934 341
2.692927837371826 341
2.70100474357605 341
2.7102091312408447 340
2.7185323238372803 340
2.7266664505004883 340
2.736276626586914 340
2.744601249694824 340
2.753136157989502 339
2.761207103729248 339
2.7693591117858887 339
2.777902364730835 339
2.787175416946411 339
2.7943272590637207 339
2.8038268089294434 339
2.8129422664642334 339
2.8206539154052734 339
2.8297908306121826 340
2.839545488357544 340
2.8516361713409424 340
2.860135555267334 339
2.8685104846954346 339
2.8773789405822754 339
2.886298656463623 339
2.8939108848571777 339
2.903229236602783 339
2.9119462966918945 339
2.920193672180176 339
2.928666830062866 339
2.9384682178497314 339
2.9465794563293457 339
2.954028844833374 339
2.9621574878692627 339
2.9711880683898926 339
2.9795491695404053 339
2.988577365875244 339
2.996912717819214 339
3.006222724914551 339
3.0138723850250244 339
3.022066116333008 339
3.0301859378814697 339
3.040609121322632 339
3.049130439758301 339
3.0573647022247314 339
3.0645062923431396 339
3.0736520290374756 339
3.081817865371704 339
3.090958833694458 339
3.0993363857269287 339
3.1097428798675537 339
3.1194911003112793 339
3.1275928020477295 339
3.1374499797821045 339
3.1459968090057373 339
3.153594493865967 339
3.161947250366211 339
3.1705565452575684 339
3.1796844005584717 339
3.192445993423462 339
3.2046639919281006 339
3.21708083152771 339
3.227755069732666 339
3.2405757904052734 339
3.2631454467773438 339
3.271911144256592 339
3.2802441120147705 339
3.289630889892578 339
3.2978363037109375 339
3.3071701526641846 339
3.314357042312622 339
3.3230478763580322 339
3.331157922744751 339
3.34096360206604 339
3.3497188091278076 339
3.3579182624816895 339
3.366015672683716 339
3.3742566108703613 339
3.382615804672241 339
3.391650915145874 339
3.399911642074585 339
3.4090354442596436 339
3.4171903133392334 339
3.4244003295898438 339
3.4329936504364014 339
3.4430646896362305 339
3.45125150680542 339
3.4596612453460693 339
3.468641519546509 339
3.4793643951416016 339
3.4876039028167725 339
3.496981620788574 339
3.5068888664245605 339
3.514148235321045 339
3.522608757019043 339
3.530529737472534 339
3.5397820472717285 339
3.549102544784546 339
3.5572311878204346 339
3.564446210861206 338
3.5734615325927734 338
3.582021713256836 337
3.5901448726654053 337
3.6009857654571533 337
3.609977960586548 336
3.6192142963409424 335
3.627767562866211 335
3.6369638442993164 335
3.6499831676483154 334
3.658456325531006 333
3.667459011077881 333
3.67468523979187 333
3.6837198734283447 333
3.691920280456543 332
3.703151226043701 331
3.7114195823669434 331
3.719658374786377 331
3.7278401851654053 331
3.7366104125976562 330
3.745779514312744 330
3.753448963165283 330
3.762338638305664 329
3.771130084991455 329
3.7793376445770264 329
3.787492275238037 329
3.796325206756592 329
3.8061890602111816 329
3.813883066177368 329
3.822169303894043 329
3.8302905559539795 328
3.839618444442749 328
3.8489954471588135 328
3.8571903705596924 328
3.864398717880249 328
3.873171091079712 328
3.8814175128936768 328
3.8896336555480957 328
3.8994803428649902 328
3.911796808242798 328
3.9199488162994385 328
3.9282031059265137 328
3.937318801879883 328
3.944516181945801 328
3.9539341926574707 328
3.9657490253448486 328
3.9735939502716064 328
3.981816530227661 328
3.9899544715881348 328
4.000065565109253 328
4.009466886520386 328
4.019177198410034 328
4.027719259262085 328
4.036231279373169 328
4.043951511383057 328
4.057796478271484 328
4.067143440246582 327
4.074371337890625 327
4.0830419063568115 327
4.091145038604736 327
4.101689100265503 327
4.109896421432495 327
4.1183412075042725 327
4.1262757778167725 327
4.1344990730285645 327
4.14304518699646 327
4.15191388130188 327
4.160134792327881 327
4.169291257858276 326
4.177554607391357 326
4.185282230377197 326
4.193329811096191 326
4.203668117523193 325
4.211839437484741 325
4.2199952602386475 325
4.228414535522461 325
4.237703561782837 325
4.245800733566284 325
4.254227876663208 325
4.2624921798706055 324
4.271834850311279 324
4.2799973487854 324
4.2882771492004395 324
4.297444105148315 324
4.307427883148193 324
4.3146069049835205 324
4.323131322860718 325
4.331916332244873 325
4.340040922164917 325
4.348322153091431 325
4.357661247253418 325
4.366273641586304 325
4.3742382526397705 325
4.38293719291687 325
4.390679597854614 325
4.399600505828857 325
4.409596920013428 325
4.417917013168335 325
4.42599630355835 325
4.434138059616089 325
4.442378520965576 325
4.4542224407196045 325
4.46427845954895 325
4.472996234893799 325
4.481426477432251 325
4.489760875701904 325
4.498366832733154 325
4.509448289871216 325
4.517590284347534 325
4.525656461715698 325
4.539741277694702 325
4.551596164703369 325
4.560486555099487 325
4.569523811340332 325
4.578369140625 325
4.586319923400879 325
4.593994855880737 325
4.603940486907959 325
4.6131627559661865 325
4.62140154838562 325
4.6301727294921875 325
4.638534069061279 325
4.646683216094971 325
4.654120922088623 325
4.664207696914673 325
4.672485828399658 325
4.68048620223999 325
4.689035654067993 325
4.697854518890381 325
4.70717453956604 325
4.716119289398193 325
4.7239391803741455 325
4.7329421043396 325
4.740649938583374 325
4.749352693557739 325
4.757485389709473 325
4.7673773765563965 325
4.774592876434326 325
4.7832629680633545 325
4.791350603103638 325
4.800276517868042 325
4.809281587600708 325
4.8184120655059814 325
4.8271472454071045 325
4.834378480911255 325
4.843072414398193 325
4.854615688323975 325
4.864681243896484 325
4.873385906219482 325
4.88235878944397 325
4.890439033508301 325
4.899883508682251 325
4.909214735031128 325
4.918334007263184 325
4.927154302597046 325
4.9343485832214355 324
4.942942142486572 324
4.9509265422821045 324
4.959883451461792 324
4.969276428222656 324
4.9774675369262695 323
4.986103773117065 323
4.994311332702637 323
