0 0
0.020186424255371094 0
0.05668997764587402 0
0.08652663230895996 6
0.12530016899108887 21
0.1660470962524414 45
0.20658421516418457 72
0.2392263412475586 94
0.25589990615844727 106
0.27611517906188965 128
0.30123162269592285 142
0.31845569610595703 158
0.33776116371154785 174
0.36451005935668945 194
0.3794577121734619 205
0.39823365211486816 223
0.41555309295654297 234
0.4325885772705078 251
0.45194315910339355 264
0.47574329376220703 284
0.49564266204833984 298
0.5154643058776855 310
0.5323665142059326 317
0.550574541091919 320
0.578270435333252 327
0.5965530872344971 334
0.6162543296813965 343
0.6372764110565186 349
0.6523721218109131 351
0.671471118927002 350
0.6924164295196533 350
0.7143464088439941 353
0.730304479598999 358
0.7496252059936523 360
0.770843505859375 359
0.7912764549255371 355
0.8085362911224365 352
0.8277568817138672 352
0.842827558517456 356
0.8677506446838379 361
0.8882350921630859 363
0.908456563949585 361
0.9301393032073975 356
0.9605400562286377 357
0.9817113876342773 361
0.9993875026702881 364
1.0188663005828857 364
1.038041353225708 361
1.0554113388061523 358
1.0782437324523926 359
1.0983905792236328 362
1.1201772689819336 364
1.136911392211914 364
1.156266212463379 359
1.1759355068206787 357
1.1978943347930908 357
1.2201004028320312 362
1.2405693531036377 365
1.2626569271087646 364
1.2915287017822266 358
1.307997465133667 354
1.3255293369293213 354
1.3474793434143066 357
1.3648443222045898 360
1.3853302001953125 360
1.4054887294769287 356
1.422820806503296 354
1.4420862197875977 354
1.4613113403320312 359
1.4882872104644775 363
1.5057094097137451 362
1.5139200687408447 361
1.5226538181304932 360
1.5339579582214355 359
1.5417840480804443 360
1.550262212753296 360
1.5598838329315186 361
1.5708365440368652 361
1.5798027515411377 360
1.602752447128296 356
1.6287157535552979 358
1.6574218273162842 364
1.6740922927856445 368
1.6917171478271484 370
1.7083518505096436 368
1.7288239002227783 362
1.748823881149292 358
1.7686688899993896 357
1.7879064083099365 359
1.8054029941558838 361
1.8252732753753662 361
1.8452434539794922 357
1.8622288703918457 355
1.8880772590637207 356
1.9061546325683594 362
1.9274775981903076 363
1.9483599662780762 361
1.9679255485534668 357
1.9919981956481934 354
2.0107383728027344 356
2.0322136878967285 363
2.0500473976135254 365
2.0708720684051514 365
2.0926449298858643 360
2.1234700679779053 356
2.1449081897735596 356
2.167325019836426 359
2.187467336654663 361
2.2183022499084473 357
2.2513997554779053 348
2.277611017227173 344
2.315298318862915 350
2.3404102325439453 360
2.3595130443573 366
2.379636526107788 368
2.400561571121216 366
2.4197378158569336 362
2.4411473274230957 357
2.4588117599487305 356
2.479879856109619 357
2.4897055625915527 359
2.4994804859161377 360
2.5183441638946533 358
2.5423829555511475 352
2.564107656478882 349
2.5841383934020996 350
2.6044442653656006 354
2.6207354068756104 358
2.6453981399536133 359
2.662231683731079 356
2.6802849769592285 353
2.7079010009765625 353
2.7265615463256836 357
2.7459256649017334 358
2.7653422355651855 356
2.7856709957122803 353
2.8053042888641357 353
2.822657823562622 356
2.8424129486083984 360
2.860151767730713 360
2.8803391456604004 356
2.9014391899108887 353
2.920121908187866 351
2.9389166831970215 353
2.956556558609009 358
2.9781601428985596 359
2.995551824569702 358
3.0124239921569824 355
3.0403339862823486 352
3.0624125003814697 356
3.083953619003296 360
3.1124227046966553 362
3.150860548019409 355
3.172072172164917 352
3.1925127506256104 354
3.2122390270233154 358
3.232067584991455 360
3.250835657119751 358
3.2752797603607178 352
3.292402744293213 350
3.315279960632324 350
3.3323845863342285 354
3.351672887802124 356
3.374497413635254 353
3.3956406116485596 348
3.4214746952056885 344
3.441312313079834 345
3.4589078426361084 349
3.486562490463257 358
3.5174591541290283 358
3.532761335372925 355
3.5521771907806396 352
3.5716285705566406 350
3.5914418697357178 352
3.6098508834838867 356
3.629661798477173 360
3.646157741546631 359
3.6672370433807373 355
3.687933921813965 352
3.7045886516571045 353
3.722038745880127 356
3.7396926879882812 358
3.7564055919647217 357
3.77290415763855 353
3.792492628097534 350
3.812008857727051 350
3.8282392024993896 353
3.8455326557159424 354
3.8713905811309814 351
3.893991231918335 346
3.9180381298065186 346
3.934866189956665 348
3.9594757556915283 354
3.986131191253662 357
4.00814414024353 354
4.028671979904175 351
4.050172567367554 350
4.072725057601929 354
4.090831756591797 358
4.109882116317749 359
4.129709959030151 358
4.149381637573242 353
4.168062925338745 350
4.187475204467773 350
4.201818943023682 353
4.221825122833252 356
4.239822864532471 355
4.259895324707031 352
4.290339469909668 349
4.322704315185547 356
4.352488040924072 363
4.372532844543457 363
4.398000001907349 360
4.417376518249512 354
4.436108589172363 352
4.455976724624634 354
4.476655721664429 359
4.495977878570557 362
4.5195152759552 361
4.539515733718872 356
4.559479475021362 352
4.5902040004730225 351
4.607600688934326 354
4.6261186599731445 357
4.648027658462524 356
4.668747425079346 353
4.691311597824097 350
4.715490818023682 350
4.737926721572876 354
4.75482177734375 358
4.772152900695801 358
4.795304536819458 355
4.812272787094116 351
4.830600261688232 350
4.852365732192993 352
4.878644704818726 358
4.899404048919678 361
4.919402122497559 360
4.938345670700073 354
4.95867657661438 352
4.982248544692993 353
4.99986720085144 355
