0 0
0.015681743621826172 0
0.03235483169555664 0
0.050156354904174805 1
0.06442880630493164 7
0.08582544326782227 13
0.09472823143005371 17
0.10406708717346191 21
0.11237025260925293 27
0.12028217315673828 30
0.1287839412689209 36
0.14621901512145996 47
0.15491390228271484 53
0.16353416442871094 59
0.17252707481384277 65
0.18048858642578125 71
0.19050860404968262 79
0.20003652572631836 85
0.20844316482543945 92
0.2167956829071045 98
0.22560858726501465 104
0.2347092628479004 112
0.24495434761047363 119
0.2536804676055908 126
0.2615680694580078 132
0.2706005573272705 140
0.27941346168518066 146
0.28847408294677734 154
0.29813456535339355 162
0.30692291259765625 169
0.3166990280151367 177
0.3255181312561035 183
0.33427929878234863 191
0.3447859287261963 199
0.35344767570495605 206
0.3609006404876709 213
0.3749237060546875 224
0.3836832046508789 230
0.3916611671447754 239
0.40236544609069824 247
0.410386323928833 253
0.41934990882873535 260
0.427734375 267
0.4366898536682129 275
0.446688175201416 283
0.455502986907959 290
0.46389293670654297 298
0.47294116020202637 305
0.4806632995605469 311
0.4899482727050781 318
0.5002892017364502 326
0.5087082386016846 334
0.5168979167938232 341
0.5257246494293213 347
0.5347907543182373 354
0.548548698425293 361
0.5570063591003418 365
0.566354513168335 368
0.5749697685241699 370
0.5836045742034912 371
0.5910077095031738 372
0.6044149398803711 372
0.6132779121398926 371
0.6207010746002197 369
0.6295161247253418 367
0.639413595199585 365
0.6484711170196533 363
0.6582703590393066 361
0.6670653820037842 361
0.6758933067321777 361
0.6842167377471924 361
0.6924715042114258 361
0.7035374641418457 361
0.7108707427978516 361
0.7195549011230469 361
0.7277617454528809 360
0.7370004653930664 359
0.7462561130523682 359
0.7557141780853271 360
0.7644088268280029 361
0.777562141418457 361
0.7860860824584961 360
0.7948281764984131 359
0.8058240413665771 358
0.8141210079193115 358
0.8224503993988037 359
0.8316187858581543 360
0.8406174182891846 361
0.8493854999542236 361
0.8587560653686523 360
0.867877721786499 359
0.8762326240539551 359
0.8845765590667725 359
0.8926441669464111 359
0.9036192893981934 359
0.9108858108520508 359
0.9196383953094482 359
0.9279220104217529 360
0.937359094619751 360
0.946298360824585 360
0.9557774066925049 360
0.964397668838501 359
0.9726254940032959 359
0.9805684089660645 359
0.9889812469482422 360
0.9980018138885498 361
1.0078115463256836 361
1.0162279605865479 360
1.024655818939209 359
1.0339012145996094 359
1.043405294418335 359
1.050710916519165 359
1.0602591037750244 359
1.0693440437316895 359
1.077582836151123 360
1.0859789848327637 360
1.0953340530395508 360
1.103600025177002 359
1.1126708984375 359
1.1204514503479004 359
1.1295969486236572 359
1.1393718719482422 360
1.1476306915283203 360
1.156977653503418 360
1.168088674545288 359
1.1805317401885986 360
1.1893441677093506 360
1.1985752582550049 361
1.2087302207946777 359
1.2175438404083252 359
1.225841760635376 358
1.2347538471221924 358
1.2440683841705322 359
1.252293586730957 359
1.2624495029449463 360
1.2702867984771729 360
1.278824806213379 360
1.2869136333465576 360
1.2960867881774902 359
1.3043501377105713 359
1.3141024112701416 360
1.3223984241485596 360
1.3308794498443604 360
1.3402976989746094 360
1.3487212657928467 359
1.3568549156188965 359
1.3668482303619385 359
1.375558853149414 360
1.3838200569152832 360
1.3916196823120117 360
1.4003853797912598 359
1.4088058471679688 359
1.4182093143463135 360
1.4273643493652344 360
1.4358417987823486 360
1.4449570178985596 360
1.4535725116729736 359
1.4632816314697266 359
1.4706683158874512 359
1.479301929473877 359
1.4874975681304932 359
1.4963185787200928 359
1.5047361850738525 359
1.5147311687469482 359
1.5230073928833008 359
1.530998945236206 359
1.5402088165283203 359
1.5484602451324463 359
1.5567448139190674 359
1.566824197769165 359
1.579892873764038 359
1.5883913040161133 359
1.59700345993042 359
1.605738639831543 359
1.6139674186706543 359
1.623896837234497 359
1.6325864791870117 359
1.6420445442199707 359
1.6498606204986572 359
1.6609318256378174 359
1.674743890762329 359
1.686272382736206 359
1.6982855796813965 359
1.7094149589538574 359
1.7233898639678955 359
1.7354488372802734 359
1.7455289363861084 359
1.753936529159546 359
1.7624785900115967 359
1.770970344543457 359
1.7795605659484863 359
1.7877793312072754 359
1.7966556549072266 359
1.805391550064087 359
1.8139004707336426 359
1.823394536972046 359
1.8321681022644043 359
1.8406603336334229 359
1.8494467735290527 359
1.8582806587219238 359
1.8665122985839844 359
1.8761341571807861 359
1.88443922996521 359
1.8937022686004639 359
1.9015376567840576 359
1.9097578525543213 359
1.9179365634918213 359
1.9287128448486328 359
1.937504529953003 359
1.9464356899261475 359
1.9548828601837158 359
1.9640424251556396 359
1.9769151210784912 359
1.9857213497161865 359
1.9949142932891846 359
2.0035293102264404 359
2.013437271118164 359
2.020725965499878 359
2.030869245529175 359
2.0402002334594727 359
2.0484330654144287 359
2.0578107833862305 359
2.066136598587036 359
2.075470447540283 359
2.0837395191192627 359
2.0923116207122803 359
2.1001081466674805 359
2.1084821224212646 359
2.116892099380493 359
2.126751661300659 359
2.135423421859741 359
2.1454477310180664 359
2.153721809387207 359
2.1623945236206055 359
2.1702187061309814 359
2.1797845363616943 359
2.1908199787139893 359
2.1994776725769043 359
2.2076516151428223 359
2.2159981727600098 359
2.224663734436035 359
2.2347776889801025 359
2.2439682483673096 359
2.252117156982422 359
2.2604448795318604 359
2.268815517425537 359
2.2782328128814697 359
2.2864880561828613 359
2.2958121299743652 359
2.304049491882324 359
2.3122196197509766 359
2.3199989795684814 359
2.3299808502197266 359
2.339909076690674 359
2.3482062816619873 359
2.357546329498291 359
2.365985631942749 359
2.3742740154266357 359
2.3878333568573 359
2.3962581157684326 359
2.404784679412842 359
2.4133682250976562 359
2.4221622943878174 359
2.4307477474212646 359
2.4400181770324707 359
2.448289155960083 359
2.45737361907959 359
2.4657254219055176 359
2.474092960357666 359
2.4834234714508057 359
2.4923341274261475 359
2.500271797180176 359
2.508547306060791 359
2.5167899131774902 359
2.5261054039001465 359
2.5475056171417236 359
2.55764102935791 359
2.5661697387695312 359
2.5747084617614746 359
2.58402943611145 359
2.593989849090576 359
2.602644681930542 359
2.610407829284668 359
2.6187491416931152 359
2.627903699874878 359
2.637836456298828 359
2.646601915359497 359
2.65706467628479 359
2.666499137878418 359
2.6749253273010254 359
2.6842129230499268 359
2.6934595108032227 359
2.7007839679718018 359
2.7094345092773438 359
2.717820882797241 359
2.7265939712524414 359
2.7361209392547607 359
2.7459716796875 359
2.7548725605010986 359
2.763326644897461 359
2.7706685066223145 359
2.7839791774749756 359
2.7938456535339355 359
2.8016204833984375 359
2.8099610805511475 359
2.8190064430236816 359
2.827305793762207 359
2.836719512939453 359
2.846409559249878 359
2.855419397354126 359
2.863842725753784 359
2.871582508087158 359
2.8797619342803955 359
2.8899576663970947 359
2.89839506149292 359
2.9066145420074463 359
2.915048599243164 359
2.9240756034851074 359
2.9322028160095215 359
2.942193031311035 359
2.950014114379883 359
2.9593238830566406 359
2.96756911277771 358
2.975938320159912 359
2.9849822521209717 359
2.994292974472046 359
3.0025341510772705 359
3.010331869125366 358
3.0197174549102783 357
3.0279762744903564 357
3.0362846851348877 358
3.046396017074585 359
3.0561611652374268 359
3.0645415782928467 359
3.072641372680664 358
3.080585479736328 358
3.090474843978882 358
3.0988640785217285 358
3.1069586277008057 358
3.1155622005462646 358
3.124586582183838 357
3.1332948207855225 357
3.144179582595825 358
3.154008150100708 358
3.162205219268799 359
3.17104434967041 359
3.184645414352417 358
3.194312810897827 357
3.2025179862976074 357
3.210416793823242 357
3.2197277545928955 358
3.2284200191497803 358
3.2367801666259766 358
3.2467117309570312 358
3.2563893795013428 358
3.264878988265991 358
3.2734315395355225 358
3.280735492706299 358
3.289885997772217 357
3.299391269683838 357
3.307574510574341 357
3.3165717124938965 358
3.3253209590911865 358
3.3401753902435303 358
3.35028076171875 357
3.359489679336548 357
3.367800712585449 357
3.376225233078003 357
3.38500714302063 358
3.3934946060180664 358
3.402578830718994 358
3.4105021953582764 358
3.4197239875793457 357
3.428048610687256 357
3.4366583824157715 357
3.4466779232025146 358
3.4560940265655518 358
3.4644107818603516 358
3.4726154804229736 358
3.4804210662841797 358
3.489535331726074 358
3.4989519119262695 358
3.507028341293335 358
3.5162761211395264 358
3.5247461795806885 358
3.5333428382873535 357
3.542290687561035 357
3.55216908454895 357
3.5601394176483154 358
3.569376230239868 358
3.5778379440307617 358
3.5904130935668945 358
3.599975824356079 357
3.6084115505218506 357
3.6178624629974365 357
3.626199960708618 358
3.634556770324707 358
3.643857479095459 358
3.6539883613586426 357
3.6622302532196045 357
3.6706385612487793 357
3.6826364994049072 357
3.690425157546997 358
3.6999456882476807 358
3.708346128463745 358
3.7169740200042725 357
3.7256131172180176 357
3.734774589538574 357
3.7476072311401367 357
3.7603118419647217 358
3.772329092025757 358
3.7850520610809326 358
3.796578884124756 357
3.8094098567962646 357
3.8210320472717285 357
3.833418846130371 357
3.8462018966674805 358
3.858839511871338 358
3.8706727027893066 357
3.883504867553711 357
3.8948841094970703 357
3.904100179672241 357
3.9133782386779785 357
3.920698881149292 358
3.9295496940612793 358
3.938049554824829 358
3.947571039199829 357
3.9568324089050293 357
3.9655120372772217 357
3.9739813804626465 357
3.9867959022521973 357
3.995588541030884 357
4.00440526008606 358
4.014236211776733 357
4.024425506591797 357
4.032647609710693 356
4.042189359664917 357
4.050454616546631 357
4.060102224349976 357
4.068421363830566 357
4.077311992645264 357
4.0863306522369385 357
4.094886064529419 357
4.103403806686401 357
4.113371133804321 357
4.120680570602417 357
4.129379749298096 357
4.139543056488037 357
4.148433446884155 357
4.156852960586548 357
4.166342258453369 357
4.174745559692383 356
4.185033082962036 356
4.193912982940674 357
4.202150583267212 357
4.212306976318359 358
4.2203209400177 358
4.228702068328857 357
4.237341403961182 357
4.246901273727417 357
4.255530595779419 357
4.264768362045288 357
4.273367881774902 358
4.2830095291137695 358
4.290632963180542 357
4.299464702606201 357
4.307726860046387 357
4.317539930343628 357
4.325922966003418 357
4.334335803985596 357
4.344154119491577 357
4.35236668586731 357
4.36011528968811 357
4.369564533233643 357
4.37848424911499 357
4.3908607959747314 357
4.399792194366455 357
4.408231019973755 357
4.418229103088379 357
4.426464319229126 357
4.435503721237183 357
4.445523023605347 357
4.4538733959198 357
4.462063789367676 357
4.470705270767212 357
4.480011224746704 357
4.489863872528076 357
4.4981114864349365 357
4.5063769817352295 357
4.516439914703369 356
4.524975538253784 356
4.533464193344116 356
4.543306827545166 357
4.550671815872192 357
4.55931282043457 357
4.568471670150757 356
4.577804803848267 356
4.586633205413818 356
4.595338344573975 357
4.603657245635986 357
4.612521648406982 357
4.621047735214233 357
4.629695653915405 357
4.639289617538452 357
4.647767782211304 357
4.656147241592407 357
4.664546489715576 357
4.6740100383758545 357
4.682685375213623 357
4.690963268280029 357
4.702402114868164 357
4.710835218429565 357
4.7203755378723145 357
4.728707551956177 357
4.7369725704193115 357
4.74676775932312 357
4.755568265914917 357
4.763810873031616 357
4.772998571395874 357
4.781649589538574 357
4.794917106628418 357
4.803589344024658 357
4.812255620956421 357
4.821639537811279 357
4.829816818237305 357
4.839322805404663 357
4.848289489746094 357
4.856525659561157 357
4.865006446838379 357
4.875020980834961 357
4.8835790157318115 357
4.890868663787842 357
4.900031566619873 357
4.909348964691162 357
4.91755747795105 357
4.926699638366699 357
4.935667991638184 357
4.945661306381226 357
4.953875780105591 357
4.962046384811401 357
4.970022439956665 357
4.979883670806885 357
4.988173007965088 357
4.997395038604736 357
