0 0
0.01340174674987793 0
0.038835763931274414 1
0.06139969825744629 4
0.08098101615905762 11
0.09766149520874023 19
0.10561680793762207 23
0.11419081687927246 27
0.12353706359863281 33
0.1319270133972168 38
0.14117693901062012 43
0.15215182304382324 51
0.1608879566192627 56
0.16999292373657227 63
0.17876410484313965 69
0.1874687671661377 76
0.19542312622070312 80
0.20497488975524902 87
0.21376466751098633 95
0.22277188301086426 101
0.2316288948059082 109
0.24059534072875977 115
0.25151705741882324 123
0.2601029872894287 131
0.2692136764526367 137
0.2775862216949463 145
0.28610849380493164 151
0.2949056625366211 157
0.3046860694885254 165
0.3132355213165283 172
0.321850061416626 180
0.33072924613952637 187
0.33918166160583496 193
0.35367512702941895 206
0.36217236518859863 213
0.37153172492980957 219
0.3801596164703369 227
0.3893144130706787 234
0.3976914882659912 242
0.4086000919342041 250
0.41751980781555176 258
0.42565035820007324 265
0.43900036811828613 275
0.44878506660461426 282
0.45978355407714844 290
0.4706549644470215 296
0.4791114330291748 300
0.48818135261535645 306
0.4958963394165039 311
0.505544900894165 315
0.5140185356140137 319
0.5232954025268555 322
0.5315494537353516 325
0.5406036376953125 328
0.5506737232208252 331
0.5598940849304199 335
0.5686855316162109 336
0.5778560638427734 337
0.5868334770202637 338
0.5951378345489502 339
0.6049704551696777 341
0.6133241653442383 343
0.6225907802581787 345
0.6311659812927246 347
0.639991044998169 348
0.6499204635620117 348
0.6601824760437012 348
0.67124342918396 349
0.6840643882751465 351
0.6952133178710938 353
0.7090699672698975 354
0.721045970916748 354
0.7321414947509766 354
0.744814395904541 354
0.7574589252471924 356
0.7654173374176025 357
0.7739214897155762 357
0.7831084728240967 357
0.7914047241210938 357
0.7999553680419922 356
0.809161901473999 357
0.818500280380249 358
0.8259751796722412 359
0.8393106460571289 358
0.8493375778198242 357
0.8576977252960205 355
0.8673381805419922 355
0.8751723766326904 356
0.8850479125976562 357
0.8934657573699951 358
0.9019527435302734 357
0.9116206169128418 356
0.9210481643676758 356
0.9293346405029297 356
0.9375333786010742 357
0.9486484527587891 357
0.9560799598693848 358
0.9658334255218506 358
0.9755308628082275 358
0.9849190711975098 357
0.9931793212890625 358
1.001640796661377 359
1.0102331638336182 359
1.0202007293701172 359
1.0286898612976074 359
1.0360147953033447 358
1.0460584163665771 358
1.0549116134643555 358
1.0642001628875732 359
1.0727589130401611 359
1.081847906112671 359
1.0909981727600098 359
1.0992622375488281 359
1.1073963642120361 359
1.116797924041748 359
1.1250152587890625 359
1.1333107948303223 359
1.1418673992156982 359
1.1518223285675049 359
1.1602702140808105 359
1.1696207523345947 359
1.1778051853179932 359
1.1859557628631592 359
1.1946382522583008 359
1.2030129432678223 359
1.2118010520935059 359
1.2215535640716553 359
1.2300429344177246 359
1.243518590927124 359
1.25282621383667 359
1.2614405155181885 359
1.271042823791504 359
1.2799012660980225 359
1.288196086883545 359
1.2957520484924316 359
1.3041841983795166 359
1.3133223056793213 359
1.3228588104248047 359
1.3312039375305176 359
1.3395345211029053 359
1.3494839668273926 359
1.3576891422271729 359
1.3655309677124023 359
1.3749969005584717 359
1.3839116096496582 359
1.3920156955718994 359
1.4007065296173096 359
1.4089500904083252 359
1.4188568592071533 359
1.426257848739624 359
1.435314655303955 359
1.4453580379486084 359
1.453681230545044 359
1.461932897567749 359
1.4714393615722656 359
1.4811697006225586 359
1.4910526275634766 359
1.499448299407959 359
1.5077040195465088 359
1.515904188156128 359
1.525500774383545 359
1.534550428390503 359
1.5435497760772705 359
1.551805019378662 359
1.5606715679168701 359
1.5691144466400146 359
1.5790929794311523 359
1.587284803390503 359
1.5954844951629639 359
1.60390305519104 359
1.6132051944732666 359
1.6336898803710938 359
1.6475071907043457 359
1.6554646492004395 359
1.6687712669372559 359
1.6790761947631836 359
1.6868765354156494 359
1.6950716972351074 359
1.7037904262542725 359
1.7130179405212402 359
1.7212817668914795 359
1.7307214736938477 359
1.739213466644287 359
1.748974084854126 359
1.7562739849090576 359
1.7649693489074707 359
1.7740790843963623 359
1.783435583114624 359
1.791715383529663 359
1.8005597591400146 359
1.809149980545044 359
1.8173112869262695 359
1.8258697986602783 359
1.8345789909362793 358
1.8448338508605957 358
1.8530826568603516 358
1.8616833686828613 358
1.8705415725708008 358
1.880164384841919 358
1.88863205909729 358
1.8960139751434326 358
1.9046554565429688 358
1.9135866165161133 358
1.921917200088501 358
1.9314634799957275 358
1.939861536026001 358
1.9505388736724854 358
1.9587812423706055 358
1.9660699367523193 358
1.9751629829406738 358
1.984764575958252 358
1.994051218032837 358
2.002551794052124 358
2.0134902000427246 358
2.0216941833496094 358
2.0312349796295166 358
2.044917345046997 358
2.0532732009887695 358
2.061640501022339 358
2.0701980590820312 358
2.080223321914673 358
2.088731050491333 358
2.0960190296173096 358
2.1048014163970947 358
2.1132960319519043 358
2.1215755939483643 358
2.1311957836151123 358
2.1394431591033936 358
2.1491880416870117 358
2.157320022583008 358
2.1652607917785645 358
2.1744604110717773 358
2.1835527420043945 358
2.191765785217285 358
2.2002508640289307 358
2.2093234062194824 358
2.2175068855285645 358
2.2254154682159424 358
2.235013723373413 358
2.2450289726257324 358
2.253307342529297 358
2.2616641521453857 358
2.270085573196411 358
2.2791426181793213 358
2.288618803024292 358
2.2959370613098145 358
2.304598808288574 358
2.3135480880737305 358
2.3217740058898926 358
2.330228567123413 358
2.344794988632202 358
2.3551461696624756 358
2.3640265464782715 358
2.3733818531036377 358
2.3816444873809814 358
2.391627550125122 358
2.4011127948760986 358
2.411545515060425 358
2.4206299781799316 358
2.428919553756714 358
2.4386508464813232 358
2.4516282081604004 358
2.4612841606140137 358
2.4701638221740723 358
2.47979474067688 358
2.4892053604125977 358
2.4974076747894287 358
2.5057387351989746 358
2.5141682624816895 358
2.5227694511413574 358
2.531238079071045 358
2.541349411010742 358
2.5505764484405518 358
2.5588877201080322 358
2.5662124156951904 358
2.5760810375213623 358
2.584853172302246 358
2.5939717292785645 358
2.6021151542663574 358
2.611423969268799 358
2.6210920810699463 358
2.631073236465454 358
2.6425819396972656 358
2.6516828536987305 358
2.6601743698120117 358
2.668682813644409 358
2.6772751808166504 358
2.685065269470215 358
2.6955456733703613 358
2.704926013946533 358
2.713149070739746 358
2.721909523010254 358
2.730576753616333 358
2.7393579483032227 358
2.7530858516693115 358
2.7647933959960938 358
2.7762320041656494 358
2.7889859676361084 358
2.801384687423706 358
2.8139102458953857 358
2.8258771896362305 358
2.838871955871582 358
2.8547091484069824 358
2.8631038665771484 358
2.8721120357513428 358
2.8809010982513428 358
2.8892247676849365 358
2.8985555171966553 358
2.906789779663086 358
2.915095329284668 358
2.923408031463623 358
2.9321258068084717 358
2.941572427749634 358
2.9520742893218994 357
2.9608635902404785 357
2.9695754051208496 358
2.9781265258789062 358
2.985805034637451 358
2.995131015777588 358
3.0048320293426514 357
3.0131237506866455 357
3.021446943283081 357
3.0306336879730225 357
3.0408096313476562 358
3.0510902404785156 358
3.059504747390747 358
3.068629026412964 357
3.076094150543213 357
3.084765672683716 357
3.092994213104248 357
3.103100538253784 357
3.1114046573638916 357
3.119941234588623 357
3.128260374069214 357
3.137503147125244 357
3.146106004714966 357
3.155501127243042 357
3.163792133331299 357
3.173024892807007 357
3.181462287902832 357
3.189901828765869 357
3.1993937492370605 357
3.21026349067688 357
3.218740224838257 357
3.226031541824341 357
3.2358386516571045 357
3.2508137226104736 357
3.2592577934265137 357
3.267730474472046 357
3.2756423950195312 357
3.283947467803955 357
3.2920773029327393 357
3.30196475982666 357
3.3106322288513184 357
3.318962812423706 357
3.326749324798584 357
3.336021900177002 357
3.3500144481658936 357
3.359461545944214 357
3.36850643157959 357
3.375821352005005 357
3.3844590187072754 357
3.399927854537964 357
3.4093549251556396 357
3.4175338745117188 357
3.4256432056427 357
3.4348082542419434 356
3.4446709156036377 356
3.453768730163574 357
3.462110996246338 357
3.4714555740356445 357
3.480109930038452 357
3.4886314868927 356
3.4960715770721436 356
3.5061795711517334 356
3.514829158782959 357
3.5232834815979004 357
3.5315465927124023 357
3.541409969329834 357
3.550823450088501 356
3.5604922771453857 356
3.569585084915161 355
3.5778636932373047 356
3.5857996940612793 357
3.5946104526519775 357
3.603407382965088 357
3.613046646118164 356
3.6213908195495605 355
3.6300556659698486 355
3.639263391494751 356
3.6522421836853027 357
3.662079334259033 357
3.6714537143707275 357
3.6798760890960693 355
3.6886773109436035 355
3.696028232574463 354
3.7053699493408203 355
3.7159230709075928 355
3.72489857673645 356
3.7338955402374268 356
3.7422263622283936 355
3.7515676021575928 355
3.761134386062622 355
3.770036220550537 355
3.778731107711792 356
3.7861666679382324 357
3.7949719429016113 357
3.8036348819732666 356
3.8132858276367188 355
3.8218259811401367 355
3.83101487159729 355
3.8395256996154785 356
3.84919810295105 357
3.857858896255493 357
3.86922025680542 356
3.8775901794433594 355
3.8855020999908447 355
3.8945841789245605 355
3.9033524990081787 356
3.9128565788269043 357
3.9213409423828125 357
3.930575370788574 356
3.9391326904296875 356
3.949195623397827 355
3.957900047302246 356
3.9686453342437744 357
3.9760830402374268 357
3.9847588539123535 357
3.9932219982147217 356
4.001981973648071 355
4.010822534561157 355
4.020249128341675 356
4.028866767883301 357
4.037851572036743 357
4.051790952682495 356
4.061181306838989 355
4.071221351623535 354
4.0797929763793945 354
4.087929964065552 355
4.09755802154541 355
4.106071949005127 356
4.115679740905762 356
4.125154733657837 355
4.134185552597046 355
4.143490314483643 355
4.151731491088867 356
4.16105318069458 356
4.1712024211883545 356
4.179771661758423 355
4.187885999679565 355
4.196826219558716 355
4.205147981643677 355
4.213620901107788 355
4.2249815464019775 355
4.234076738357544 355
4.242750406265259 356
4.251789331436157 356
4.2618043422698975 355
4.271445274353027 355
4.279964447021484 354
4.288516998291016 355
4.297377824783325 355
4.305197715759277 355
4.313657999038696 355
4.323399782180786 355
4.332275152206421 355
4.341048717498779 355
4.350121974945068 355
4.358612537384033 356
4.368876218795776 356
4.377654314041138 355
4.385761737823486 355
4.395026445388794 354
4.403375148773193 355
4.411754369735718 355
4.421298265457153 356
4.430171728134155 356
4.4388086795806885 355
4.452587127685547 355
4.461808204650879 355
4.472213268280029 355
4.481123924255371 356
4.4895548820495605 356
4.499086856842041 355
4.507360219955444 355
4.515218734741211 355
4.524636507034302 355
4.533275842666626 356
4.5415894985198975 356
4.550885438919067 355
4.559305429458618 355
4.568974256515503 355
4.57821249961853 355
4.585752248764038 355
4.594986438751221 355
4.603461265563965 355
4.611703634262085 355
4.620553731918335 355
4.631078481674194 355
4.639362573623657 355
4.64879035949707 355
4.656119346618652 355
4.665433168411255 355
4.675286531448364 355
4.683748722076416 355
4.69192361831665 355
4.701037645339966 355
4.70930552482605 355
4.7182347774505615 355
4.730671167373657 355
4.73995304107666 355
4.749297142028809 355
4.757481098175049 355
4.76575493812561 355
4.775705099105835 355
4.784050226211548 355
4.793227910995483 355
4.802738666534424 355
4.811497211456299 355
4.821229457855225 355
4.835926055908203 355
4.854525089263916 355
4.86618185043335 355
4.880849838256836 355
4.893059253692627 355
4.904687166213989 355
4.91542649269104 355
4.923997163772583 355
4.933792352676392 355
4.943912744522095 355
4.9521143436431885 355
4.9613494873046875 355
4.969778537750244 355
4.97786021232605 355
4.987383604049683 355
4.995795965194702 355
