0 0
0.01347041130065918 0
0.03145241737365723 0
0.05087924003601074 1
0.06739997863769531 5
0.0816349983215332 11
0.09019660949707031 14
0.09952878952026367 19
0.10865902900695801 23
0.11609530448913574 27
0.12489795684814453 33
0.1345815658569336 38
0.14444684982299805 44
0.1561882495880127 53
0.16505956649780273 58
0.17459630966186523 65
0.18398594856262207 72
0.1941525936126709 79
0.20342254638671875 87
0.21199893951416016 92
0.22076106071472168 99
0.23024702072143555 106
0.23951935768127441 113
0.24893760681152344 120
0.25727057456970215 126
0.2651822566986084 132
0.2740302085876465 140
0.2851574420928955 148
0.29472851753234863 156
0.30390095710754395 164
0.3127169609069824 171
0.321213960647583 177
0.33075809478759766 185
0.3399937152862549 193
0.34912657737731934 200
0.35746288299560547 208
0.3654797077178955 213
0.37502574920654297 221
0.384554386138916 229
0.3936936855316162 237
0.40309667587280273 244
0.4115149974822998 251
0.4201533794403076 259
0.4288625717163086 265
0.43900585174560547 273
0.44732093811035156 280
0.4557952880859375 285
0.46452832221984863 290
0.47338056564331055 295
0.4829444885253906 299
0.4914982318878174 303
0.5015690326690674 307
0.5101640224456787 311
0.5187907218933105 315
0.5261876583099365 319
0.5361135005950928 322
0.5447683334350586 324
0.5559391975402832 327
0.5656654834747314 329
0.5747013092041016 331
0.5832722187042236 335
0.5960338115692139 337
0.6055092811584473 339
0.6141972541809082 339
0.6234393119812012 340
0.6316952705383301 342
0.6417837142944336 344
0.6512978076934814 345
0.6616153717041016 346
0.6711137294769287 346
0.6794703006744385 346
0.6890897750854492 347
0.6986019611358643 349
0.7077207565307617 350
0.7174856662750244 351
0.7254657745361328 351
0.7347795963287354 352
0.7439751625061035 353
0.752232551574707 354
0.7615246772766113 355
0.7708463668823242 354
0.7792990207672119 354
0.7887904644012451 354
0.7977075576782227 355
0.8060853481292725 357
0.8148386478424072 358
0.8231894969940186 359
0.8321783542633057 358
0.8417840003967285 357
0.850773811340332 356
0.8592710494995117 356
0.869086742401123 357
0.8773927688598633 358
0.8852953910827637 358
0.8957171440124512 358
0.9048945903778076 357
0.9133756160736084 356
0.9217061996459961 356
0.9301633834838867 357
0.9406259059906006 358
0.9490640163421631 359
0.9618659019470215 359
0.9714126586914062 358
0.9800047874450684 358
0.9886178970336914 358
0.9995157718658447 359
1.0077917575836182 359
1.0155980587005615 359
1.0239410400390625 359
1.0456109046936035 359
1.0601139068603516 360
1.0698926448822021 360
1.0781903266906738 360
1.0857362747192383 359
1.096160888671875 359
1.105149745941162 359
1.113407850265503 360
1.121952772140503 360
1.131159782409668 360
1.139463186264038 360
1.1489553451538086 359
1.157264232635498 359
1.1657073497772217 360
1.1749911308288574 360
1.1833670139312744 361
1.1916496753692627 360
1.2032132148742676 359
1.2116522789001465 358
1.2211322784423828 358
1.2314331531524658 359
1.2399659156799316 360
1.2495906352996826 361
1.2579174041748047 360
1.2667913436889648 359
1.2757692337036133 358
1.2845220565795898 358
1.293626308441162 359
1.3035106658935547 359
1.3117530345916748 359
1.3202130794525146 359
1.3288094997406006 359
1.3374452590942383 359
1.3452033996582031 360
1.3599064350128174 360
1.3691020011901855 360
1.3773891925811768 359
1.3854827880859375 359
1.3951530456542969 359
1.405013084411621 359
1.4134044647216797 359
1.4216334819793701 360
1.4311096668243408 360
1.4394521713256836 360
1.447608470916748 359
1.4572455883026123 359
1.4654757976531982 359
1.4737672805786133 360
1.4834239482879639 361
1.4919545650482178 361
1.5029792785644531 359
1.5115880966186523 358
1.520132303237915 357
1.5293288230895996 358
1.5377109050750732 359
1.545609712600708 359
1.5551402568817139 359
1.5640795230865479 359
1.5727472305297852 358
1.5816783905029297 358
1.5900757312774658 359
1.6001980304718018 360
1.6097469329833984 361
1.6181559562683105 360
1.6258413791656494 359
1.6355082988739014 359
1.643991470336914 359
1.6533246040344238 359
1.661602258682251 359
1.6705772876739502 359
1.6787936687469482 360
1.6875157356262207 360
1.6976566314697266 360
1.7061488628387451 359
1.715036153793335 359
1.7233562469482422 359
1.7333569526672363 359
1.7416298389434814 360
1.7506179809570312 360
1.7645795345306396 360
1.7732715606689453 359
1.78165864944458 359
1.7901930809020996 359
1.8005895614624023 359
1.8099305629730225 359
1.8181140422821045 359
1.8257064819335938 359
1.8346965312957764 359
1.8429374694824219 359
1.8512778282165527 359
1.8607828617095947 360
1.8701038360595703 360
1.8786275386810303 360
1.885981559753418 360
1.8959672451019287 359
1.904759407043457 359
1.9168081283569336 361
1.9294860363006592 360
1.9410903453826904 359
1.9525446891784668 357
1.9661147594451904 357
1.9785447120666504 359
1.9906926155090332 360
2.0007805824279785 361
2.0115904808044434 361
2.020157814025879 361
2.029226064682007 360
2.037564992904663 359
2.045469045639038 359
2.054065704345703 360
2.063985586166382 361
2.072218179702759 360
2.0810136795043945 359
2.0900332927703857 359
2.0993409156799316 359
2.107710838317871 360
2.1173839569091797 361
2.1251583099365234 360
2.133755683898926 359
2.1420021057128906 359
2.1506402492523193 359
2.1645569801330566 359
2.1730849742889404 359
2.1814730167388916 359
2.1899781227111816 359
2.1997482776641846 359
2.207826852798462 359
2.2168681621551514 359
2.2250306606292725 359
2.2339999675750732 359
2.244070053100586 360
2.2530975341796875 360
2.2631289958953857 360
2.271389961242676 359
2.2800164222717285 359
2.2886910438537598 359
2.2985596656799316 359
2.306006669998169 360
2.315401792526245 360
2.323697328567505 360
2.3331801891326904 359
2.3414244651794434 359
2.349954605102539 360
2.359076976776123 361
2.3687353134155273 360
2.376155376434326 359
2.384921073913574 358
2.394822359085083 358
2.4037203788757324 359
2.4120802879333496 360
2.421764850616455 360
2.4310855865478516 360
2.4393553733825684 359
2.4477648735046387 359
2.4555749893188477 359
2.464735269546509 360
2.4740514755249023 360
2.48217511177063 360
2.4907495975494385 359
2.500880718231201 359
2.509174346923828 359
2.5186331272125244 360
2.5273282527923584 360
2.5353212356567383 360
2.54359769821167 360
2.5519983768463135 359
2.56522274017334 359
2.574766159057617 359
2.5830326080322266 360
2.600217819213867 361
2.610252857208252 359
2.619950532913208 358
2.629415273666382 357
2.637770175933838 357
2.6456358432769775 357
2.6553564071655273 358
2.6645920276641846 359
2.673715114593506 360
2.6828439235687256 360
2.691938638687134 360
2.7011735439300537 359
2.711031198501587 359
2.7214303016662598 359
2.7302350997924805 359
2.738718271255493 359
2.7459959983825684 359
2.7546322345733643 360
2.763530969619751 360
2.7730295658111572 360
2.781324625015259 359
2.789853096008301 359
2.799353837966919 359
2.808614492416382 359
2.815927505493164 359
2.826110363006592 360
2.8349053859710693 360
2.8431262969970703 360
2.851555585861206 359
2.8602240085601807 359
2.868619203567505 360
2.8778281211853027 361
2.8857779502868652 361
2.8960304260253906 359
2.9047458171844482 359
2.9135336875915527 359
2.921746253967285 359
2.9314658641815186 359
2.9399759769439697 359
2.9485602378845215 359
2.95589280128479 359
2.9693593978881836 359
2.978982448577881 359
2.9867498874664307 360
2.996788263320923 360
3.0049755573272705 360
3.0140044689178467 359
3.0222504138946533 359
3.0321168899536133 359
3.0407042503356934 360
3.0490882396698 360
3.0584661960601807 360
3.065899133682251 359
3.074777603149414 359
3.083935499191284 359
3.093867540359497 360
3.1021130084991455 360
3.110860586166382 360
3.1195218563079834 360
3.1297478675842285 359
3.1384658813476562 359
3.1458113193511963 359
3.1542115211486816 359
3.1634154319763184 359
3.1716248989105225 359
3.1810302734375 360
3.190026044845581 360
3.2005932331085205 360
3.208981513977051 359
3.2175326347351074 359
3.229067087173462 359
3.237267017364502 360
3.245242118835449 360
3.2536237239837646 360
3.26281476020813 359
3.2713000774383545 359
3.280792236328125 359
3.2895164489746094 359
3.298790454864502 359
3.306190013885498 360
3.31498384475708 360
3.3239786624908447 359
3.333704948425293 359
3.3420050144195557 359
3.3577640056610107 361
3.37131929397583 360
3.3799445629119873 359
3.390071392059326 358
3.399509906768799 358
3.4077847003936768 359
3.415839433670044 360
3.425539016723633 360
3.435336112976074 360
3.443869113922119 359
3.4520914554595947 358
3.461575746536255 358
3.4700534343719482 359
3.4787046909332275 360
3.4888041019439697 361
3.4978506565093994 360
3.5057456493377686 359
3.514573335647583 358
3.523989200592041 358
3.5321433544158936 359
3.541663408279419 360
3.5506038665771484 361
3.55954647064209 360
3.5678484439849854 359
3.575716018676758 359
3.585206985473633 359
3.5993900299072266 359
3.6075730323791504 359
3.615523099899292 359
3.6247828006744385 359
3.632990598678589 359
3.6420772075653076 359
3.6507105827331543 359
3.659288167953491 359
3.6674580574035645 359
3.6754202842712402 359
3.683748245239258 359
3.6946394443511963 359
3.702845335006714 359
3.7112271785736084 359
3.7206318378448486 359
3.7301416397094727 359
3.7410080432891846 359
3.749316930770874 359
3.758610963821411 359
3.7711775302886963 359
3.7795562744140625 359
3.790008306503296 359
3.79923415184021 359
3.8073837757110596 359
3.8151583671569824 359
3.8237464427948 359
3.8327431678771973 359
3.841919422149658 359
3.8507375717163086 359
3.859769582748413 359
3.8678343296051025 359
3.8756003379821777 359
3.8839335441589355 359
3.8946921825408936 359
3.902860164642334 359
3.911393165588379 359
3.920593023300171 359
3.9288229942321777 359
3.936088800430298 359
3.945603132247925 359
3.954859495162964 359
3.9630868434906006 359
3.9714548587799072 359
3.9799888134002686 359
3.989508867263794 359
4.002561569213867 359
4.013733148574829 359
4.025430202484131 359
4.037498950958252 359
4.05138635635376 359
4.062095880508423 359
4.073403358459473 359
4.085479497909546 359
4.099170446395874 359
4.107330560684204 359
4.1152777671813965 359
4.123786926269531 359
4.131959676742554 359
4.141012191772461 359
4.151184558868408 359
4.15946888923645 359
4.171660423278809 359
4.18018102645874 359
4.189273834228516 359
4.200070858001709 359
4.208659410476685 359
4.217370986938477 359
4.2251482009887695 359
4.23455023765564 359
4.245481729507446 359
4.254734754562378 359
4.26293158531189 359
4.271383762359619 359
4.279628276824951 359
4.28866720199585 359
4.298973798751831 359
4.306732892990112 359
4.314908981323242 359
4.323756456375122 359
4.332099437713623 359
4.340702056884766 359
4.351206064224243 359
4.359476566314697 359
4.367675065994263 359
4.3755412101745605 359
4.384894132614136 359
4.394078969955444 359
4.403439998626709 359
4.411683559417725 359
4.42094874382019 359
4.429171562194824 359
4.437361001968384 359
4.445568561553955 359
4.455404996871948 359
4.463652610778809 359
4.471849679946899 359
4.48048734664917 359
4.489407539367676 359
4.498961687088013 359
4.5085084438323975 359
4.516224384307861 359
4.524919509887695 359
4.533128976821899 359
4.541376113891602 359
4.551834583282471 359
4.560523748397827 359
4.572257995605469 359
4.5815136432647705 359
4.590098142623901 359
4.59930682182312 359
4.608855962753296 359
4.617539167404175 359
4.625343561172485 359
4.633903503417969 359
4.642777681350708 359
4.653058052062988 359
4.66205906867981 359
4.670664072036743 359
4.67890477180481 359
4.687661170959473 359
4.696779489517212 359
4.70577335357666 359
4.715099096298218 359
4.723366022109985 359
4.731571674346924 359
4.739978790283203 359
4.749361038208008 359
4.760568380355835 359
4.768821954727173 359
4.776074171066284 359
4.785320520401001 359
4.794475317001343 359
4.802704572677612 359
4.81191349029541 359
4.8209309577941895 359
4.829178094863892 359
4.8373425006866455 359
4.845130443572998 359
4.854070663452148 359
4.86346697807312 359
4.871803283691406 359
4.8811376094818115 359
4.889560699462891 359
4.898974895477295 359
4.908202409744263 359
4.916227579116821 359
4.924909353256226 359
4.933303117752075 359
4.941535472869873 359
4.9508216381073 359
4.9606781005859375 359
4.972231864929199 359
4.981382608413696 359
4.990064382553101 359
4.999283790588379 359
