0 0
0.015683412551879883 0
0.03318667411804199 0
0.05016684532165527 2
0.07584762573242188 9
0.09105849266052246 15
0.1002507209777832 19
0.10899114608764648 24
0.11743545532226562 28
0.12727808952331543 33
0.13602542877197266 39
0.1451094150543213 43
0.15336036682128906 47
0.1622757911682129 53
0.1705639362335205 57
0.1793527603149414 60
0.18766498565673828 65
0.19758296012878418 69
0.2059798240661621 73
0.21381211280822754 76
0.22326374053955078 81
0.23222732543945312 85
0.24286508560180664 89
0.2511422634124756 92
0.26012349128723145 96
0.26888346672058105 100
0.27725839614868164 103
0.28508830070495605 106
0.29444122314453125 110
0.3033132553100586 113
0.3116416931152344 118
0.3199441432952881 122
0.33110952377319336 125
0.3400864601135254 129
0.34968137741088867 131
0.35898494720458984 135
0.36794090270996094 139
0.37711453437805176 142
0.384462833404541 145
0.3950936794281006 147
0.4033513069152832 150
0.4116649627685547 154
0.42026638984680176 157
0.43034791946411133 160
0.4390690326690674 163
0.44907641410827637 165
0.45783519744873047 168
0.4703218936920166 171
0.4792914390563965 174
0.48778581619262695 177
0.49823999404907227 181
0.506556510925293 183
0.5141289234161377 185
0.524040699005127 187
0.5327553749084473 190
0.5411362648010254 192
0.5503509044647217 195
0.5596563816070557 196
0.5680687427520752 199
0.5764503479003906 201
0.5840561389923096 203
0.5932154655456543 205
0.602750301361084 208
0.6108822822570801 210
0.6193583011627197 211
0.6292915344238281 213
0.6375899314880371 215
0.647512674331665 218
0.6560537815093994 220
0.6640357971191406 222
0.6727735996246338 224
0.6810474395751953 225
0.6901323795318604 227
0.699744701385498 229
0.708223819732666 231
0.7204625606536865 234
0.7298314571380615 236
0.7383272647857666 237
0.7468936443328857 239
0.7573225498199463 241
0.765528678894043 242
0.7734222412109375 243
0.7819170951843262 245
0.791257381439209 247
0.800398588180542 249
0.8090786933898926 250
0.8175065517425537 251
0.8268418312072754 253
0.8342452049255371 254
0.8431956768035889 255
0.8531801700592041 257
0.8622069358825684 259
0.875666618347168 261
0.8875982761383057 262
0.8958747386932373 263
0.9056529998779297 264
0.9134902954101562 265
0.9229402542114258 267
0.9313080310821533 268
0.9396898746490479 269
0.9482839107513428 270
0.9589653015136719 271
0.9672932624816895 273
0.9751160144805908 273
0.983353853225708 275
0.9922597408294678 275
1.0004255771636963 277
1.0100653171539307 278
1.0189542770385742 279
1.0289208889007568 280
1.0372495651245117 281
1.04508638381958 282
1.053342342376709 283
1.063875436782837 284
1.0722122192382812 285
1.0808048248291016 286
1.0892267227172852 287
1.098259449005127 287
1.107513427734375 288
1.115722894668579 289
1.1256861686706543 290
1.1335408687591553 291
1.1420221328735352 291
1.1502666473388672 292
1.1610496044158936 293
1.169414758682251 294
1.177717685699463 295
1.1859564781188965 296
1.1941773891448975 296
1.2030293941497803 297
1.2123785018920898 297
1.2211353778839111 298
1.2310242652893066 299
1.239396333694458 299
1.2477140426635742 300
1.2559535503387451 301
1.2669200897216797 302
1.2790637016296387 302
1.2875158786773682 303
1.2969565391540527 303
1.3043265342712402 303
1.313842535018921 304
1.3245136737823486 305
1.3332085609436035 306
1.3416717052459717 306
1.3499476909637451 307
1.3591561317443848 307
1.3692185878753662 307
1.3776569366455078 308
1.3860058784484863 309
1.3961899280548096 309
1.4040312767028809 310
1.413583517074585 310
1.423496961593628 311
1.431778907775879 311
1.440155267715454 312
1.448920488357544 312
1.4576435089111328 313
1.4676685333251953 313
1.4759750366210938 314
1.4838106632232666 314
1.4930994510650635 315
1.501521348953247 315
1.509768009185791 315
1.5192124843597412 315
1.5292184352874756 316
1.537489652633667 316
1.545680284500122 317
1.553520917892456 317
1.5634808540344238 317
1.572493553161621 318
1.580848217010498 319
1.5899569988250732 319
1.5988242626190186 319
1.607069969177246 319
1.6161577701568604 319
1.6262149810791016 320
1.6340844631195068 321
1.6460113525390625 321
1.658200740814209 321
1.6769371032714844 321
1.6883604526519775 321
1.7003493309020996 322
1.7120094299316406 323
1.7272226810455322 323
1.7372729778289795 323
1.7450735569000244 323
1.7533073425292969 323
1.7618839740753174 324
1.7712986469268799 324
1.7800655364990234 324
1.7892475128173828 323
1.7977216243743896 323
1.8059682846069336 323
1.8138253688812256 324
1.8240818977355957 325
1.832775592803955 325
1.8411190509796143 325
1.8494796752929688 325
1.8584210872650146 325
1.866943597793579 325
1.876905918121338 325
1.8842837810516357 325
1.8936240673065186 325
1.9041225910186768 326
1.9128735065460205 326
1.9230961799621582 326
1.9313018321990967 326
1.939598560333252 326
1.9479045867919922 326
1.9572031497955322 326
1.964522123336792 327
1.9741272926330566 327
1.9835190773010254 327
1.9929111003875732 326
2.001150131225586 326
2.0111284255981445 326
2.01948881149292 327
2.029825210571289 327
2.038395404815674 327
2.0469272136688232 327
2.0557658672332764 327
2.0635838508605957 327
2.0776278972625732 327
2.087327003479004 327
2.095533609390259 327
2.103585958480835 327
2.111865282058716 327
2.121401786804199 327
2.1313836574554443 327
2.139659881591797 327
2.1479387283325195 327
2.15726900100708 327
2.1651546955108643 328
2.174161911010742 328
2.1833913326263428 327
2.1929101943969727 327
2.201334238052368 327
2.209618091583252 328
2.2182252407073975 328
2.229240894317627 329
2.2374908924102783 328
2.2456703186035156 328
2.2540359497070312 328
2.2624645233154297 329
2.2708628177642822 329
2.280153512954712 328
2.2896358966827393 328
2.2978906631469727 328
2.3060970306396484 328
2.3138797283172607 329
2.324414014816284 329
2.3339595794677734 329
2.3428943157196045 328
2.351107358932495 328
2.3600125312805176 328
2.368443250656128 329
2.3778159618377686 329
2.3867805004119873 328
2.39512038230896 328
2.4034781455993652 328
2.413180112838745 328
2.4229910373687744 329
2.4322144985198975 329
2.44032883644104 329
2.448948383331299 328
2.458205461502075 328
2.4664812088012695 328
2.4796383380889893 328
2.488908290863037 329
2.4978573322296143 329
2.506088972091675 329
2.51395320892334 328
2.5241916179656982 328
2.5337753295898438 328
2.542048692703247 328
2.5502679347991943 329
2.5593812465667725 329
2.567601203918457 329
2.575761556625366 329
2.5859882831573486 328
2.594285011291504 328
2.6029860973358154 328
2.6111409664154053 328
2.6202728748321533 329
2.6293721199035645 329
2.638923406600952 329
2.6472370624542236 328
2.656130790710449 328
2.66389536857605 329
2.672246217727661 329
2.680384397506714 329
2.6905055046081543 328
2.6999759674072266 328
2.7084550857543945 328
2.717275857925415 328
2.726217031478882 328
2.735635995864868 329
2.74343204498291 329
2.752748489379883 328
2.761298179626465 328
2.7697486877441406 328
2.7780725955963135 328
2.7878360748291016 329
2.796147584915161 329
2.8043322563171387 329
2.8129923343658447 328
2.8229432106018066 328
2.8311476707458496 328
2.8404290676116943 329
2.849738121032715 329
2.858167886734009 328
2.866464376449585 328
2.8790395259857178 328
2.889129161834717 328
2.8976259231567383 328
2.905817747116089 328
2.913658380508423 328
2.9260094165802 328
2.9337821006774902 328
2.9434874057769775 328
2.9523584842681885 328
2.9605062007904053 328
2.9691202640533447 328
2.977402687072754 328
2.986179828643799 328
2.9956398010253906 328
3.0040602684020996 328
3.012523889541626 328
3.0218091011047363 328
3.030139207839966 328
3.0396265983581543 328
3.0488271713256836 328
3.057196855545044 328
3.064546585083008 328
3.0732157230377197 328
3.0819430351257324 328
3.0912833213806152 328
3.099605083465576 328
3.108854055404663 328
3.1178348064422607 328
3.127262592315674 328
3.1350862979888916 328
3.144113063812256 328
3.1534290313720703 328
3.1618690490722656 328
3.1700918674468994 328
3.178938388824463 328
3.1877150535583496 328
3.1971991062164307 328
3.204482316970825 328
3.2131502628326416 328
3.223196506500244 328
3.2314305305480957 328
3.2399556636810303 328
3.249831438064575 328
3.2582764625549316 328
3.266519546508789 328
3.2787985801696777 328
3.2880749702453613 328
3.2978460788726807 327
3.30612850189209 327
3.3233766555786133 327
3.331693649291992 327
3.3399813175201416 327
3.349874258041382 327
3.358428716659546 327
3.3670239448547363 327
3.3743629455566406 327
3.3837409019470215 326
3.3920631408691406 326
3.40169620513916 325
3.410024881362915 325
3.41933536529541 326
3.4298486709594727 326
3.4383280277252197 326
3.448244571685791 325
3.4567863941192627 325
3.4642019271850586 325
3.4729440212249756 325
3.4818661212921143 324
3.4901537895202637 324
3.4996345043182373 324
3.507925033569336 324
3.517735481262207 325
3.5270581245422363 324
3.5344245433807373 324
3.5433056354522705 323
3.553302764892578 323
3.5616509914398193 323
3.569972515106201 323
3.5791890621185303 323
3.587493896484375 323
3.5956735610961914 323
3.6044042110443115 323
3.613680839538574 323
3.6236588954925537 323
3.631959915161133 323
3.6402316093444824 323
3.650017261505127 323
3.658890724182129 323
3.6671955585479736 323
3.674556016921997 323
3.6881446838378906 323
3.6968064308166504 323
3.705749750137329 323
3.7141058444976807 323
3.73138427734375 323
3.741891622543335 323
3.7545530796051025 323
3.766118049621582 323
3.778059244155884 323
3.7893879413604736 323
3.79998517036438 323
3.811523914337158 323
3.819774627685547 323
3.8291051387786865 323
3.8376107215881348 323
3.8471899032592773 323
3.8573548793792725 323
3.865628480911255 322
3.873544931411743 322
3.8824520111083984 322
3.8908486366271973 321
3.8994717597961426 321
3.9090371131896973 321
3.91815185546875 321
3.9277312755584717 321
3.9359776973724365 321
3.945051908493042 320
3.954075574874878 320
3.963059663772583 320
3.9713010787963867 320
3.980032205581665 320
3.989095687866211 319
3.997434616088867 319
4.007028341293335 319
4.015881299972534 319
4.024561882019043 319
4.033726692199707 318
4.0420403480529785 318
4.0511088371276855 317
4.060306072235107 317
4.069164752960205 318
4.081871747970581 318
4.090228796005249 318
4.099056005477905 318
4.108342170715332 317
4.117371082305908 317
4.126867771148682 317
4.1341986656188965 317
4.14366340637207 317
4.151992082595825 316
4.161461114883423 316
4.1697633266448975 316
4.178521156311035 316
4.1870200634002686 315
4.194364547729492 315
4.203299045562744 315
4.2132203578948975 316
4.222304344177246 316
4.231400728225708 316
4.2397215366363525 315
4.2490458488464355 315
4.2575294971466064 314
4.267049789428711 314
4.2757039070129395 314
4.283499479293823 314
4.291858673095703 315
4.30016565322876 314
4.310326814651489 313
4.319200038909912 313
4.330072402954102 313
4.339235067367554 313
4.347861289978027 313
4.3561060428619385 313
4.365599870681763 313
4.373489141464233 313
4.385579347610474 312
4.393491744995117 312
4.4018261432647705 311
4.412002801895142 311
4.420451641082764 312
4.429622173309326 312
4.4440460205078125 312
4.463242053985596 311
4.486168146133423 310
4.502503156661987 309
4.523964881896973 310
4.542375564575195 311
4.565339803695679 310
4.586178302764893 308
4.59989857673645 307
4.621488571166992 307
4.642885684967041 308
4.660141468048096 309
4.67996072769165 307
4.699378490447998 305
4.719155550003052 304
4.7381346225738525 307
4.754391670227051 307
4.771123886108398 307
4.780154705047607 306
4.789044618606567 305
4.79753041267395 305
4.805959463119507 305
4.813799142837524 305
4.8238842487335205 305
4.832232236862183 305
4.841430187225342 305
4.850263833999634 305
4.859107494354248 305
4.867389678955078 304
4.8773887157440186 303
4.8896644115448 303
4.898285150527954 303
4.907487154006958 303
4.915654182434082 303
4.92603063583374 303
4.933829069137573 303
4.943103790283203 303
4.954048156738281 302
4.962930202484131 302
4.972940683364868 301
4.981494426727295 301
4.98983097076416 301
4.9982640743255615 302
