0 0
0.01732325553894043 0
0.036150455474853516 0
0.058013916015625 3
0.08194875717163086 11
0.09504127502441406 17
0.11772370338439941 28
0.1268157958984375 38
0.15029549598693848 50
0.15902400016784668 55
0.16954326629638672 63
0.1798715591430664 69
0.1907966136932373 78
0.19975948333740234 83
0.20859694480895996 91
0.21704840660095215 97
0.22553110122680664 103
0.23286032676696777 109
0.2425384521484375 117
0.25151729583740234 123
0.2597312927246094 129
0.26800012588500977 136
0.2788691520690918 145
0.2874941825866699 151
0.2965812683105469 159
0.3046905994415283 166
0.31360769271850586 172
0.32180285453796387 178
0.33154869079589844 187
0.3397798538208008 195
0.3498044013977051 201
0.3581984043121338 208
0.3668034076690674 216
0.3777651786804199 224
0.3868288993835449 232
0.39773106575012207 240
0.4060819149017334 249
0.41495442390441895 255
0.4225594997406006 262
0.43140101432800293 274
0.44637155532836914 282
0.45458412170410156 288
0.46251702308654785 295
0.4742927551269531 305
0.48260068893432617 312
0.4914393424987793 318
0.5005292892456055 326
0.5098023414611816 333
0.5181348323822021 340
0.5264084339141846 348
0.534581184387207 354
0.5427289009094238 361
0.5523033142089844 368
0.5606849193572998 375
0.5693461894989014 381
0.5799276828765869 388
0.5943419933319092 392
0.618945837020874 397
0.6325364112854004 397
0.6509754657745361 394
0.6595487594604492 392
0.6682000160217285 389
0.6782119274139404 386
0.6874105930328369 382
0.6960370540618896 377
0.7078640460968018 372
0.7161257266998291 368
0.7243568897247314 362
0.7322299480438232 358
0.7414257526397705 352
0.750403642654419 347
0.758657693862915 344
0.7724406719207764 339
0.7808144092559814 338
0.7960171699523926 336
0.8197746276855469 338
0.8458375930786133 347
0.8577263355255127 351
0.8660099506378174 355
0.8760044574737549 360
0.8841838836669922 365
0.8920266628265381 368
0.9044604301452637 372
0.9124107360839844 374
0.9208054542541504 375
0.9289093017578125 375
0.9380416870117188 375
0.9463634490966797 374
0.955895185470581 372
0.9640748500823975 369
0.9726932048797607 366
0.9813430309295654 364
0.9961466789245605 357
1.0142998695373535 347
1.0350422859191895 341
1.0521550178527832 340
1.06174898147583 340
1.0714142322540283 340
1.07958984375 342
1.0881531238555908 344
1.0970239639282227 346
1.1068618297576904 350
1.1176559925079346 355
1.1260972023010254 360
1.1386237144470215 365
1.14992094039917 369
1.1614394187927246 372
1.176025390625 374
1.1875736713409424 373
1.1990492343902588 372
1.2116930484771729 369
1.2254953384399414 365
1.2545137405395508 352
1.2776954174041748 337
1.2929580211639404 332
1.304128885269165 329
1.3120579719543457 328
1.3203544616699219 326
1.3298718929290771 326
1.3386640548706055 326
1.3485217094421387 326
1.3580129146575928 328
1.3662755489349365 330
1.3779897689819336 334
1.3863744735717773 338
1.3945915699005127 342
1.404130220413208 346
1.4119746685028076 350
1.4201748371124268 355
1.4295198917388916 360
1.4381859302520752 364
1.4467930793762207 368
1.4557371139526367 371
1.4635980129241943 374
1.4746196269989014 376
1.4825959205627441 376
1.4910047054290771 376
1.4990239143371582 375
1.5088133811950684 374
1.5174648761749268 372
1.5267441272735596 368
1.5354888439178467 366
1.5427980422973633 362
1.5513157844543457 358
1.5590529441833496 355
1.5682673454284668 350
1.5783336162567139 347
1.586782693862915 344
1.5950276851654053 343
1.6044902801513672 342
1.6123905181884766 341
1.6207153797149658 342
1.6302785873413086 343
1.64288330078125 346
1.6516270637512207 348
1.6599829196929932 351
1.6702370643615723 356
1.6796350479125977 360
1.687995433807373 363
1.696284532546997 366
1.705794334411621 368
1.7135944366455078 369
1.7218232154846191 370
1.7313899993896484 370
1.7404460906982422 368
1.7488079071044922 367
1.75748872756958 365
1.766272783279419 360
1.7841944694519043 354
1.7920594215393066 352
1.8013522624969482 348
1.8102896213531494 345
1.81858491897583 343
1.8279471397399902 342
1.8383057117462158 342
1.8467397689819336 342
1.8549575805664062 343
1.862572431564331 345
1.8727052211761475 348
1.8821055889129639 350
1.8926112651824951 355
1.901899814605713 358
1.910062551498413 361
1.9183416366577148 364
1.9269094467163086 366
1.9365696907043457 366
1.944662094116211 367
1.9524757862091064 366
1.9608213901519775 366
1.9704170227050781 364
1.9786591529846191 362
1.9882113933563232 360
1.9966981410980225 356
2.0068893432617188 352
2.0152981281280518 350
2.0225839614868164 347
2.0309808254241943 346
2.0454812049865723 344
2.052790403366089 344
2.0615737438201904 345
2.07171893119812 346
2.079815149307251 348
2.0886948108673096 352
2.0973377227783203 354
2.106123685836792 357
2.1146514415740967 360
2.1224119663238525 362
2.131000280380249 363
2.1409640312194824 364
2.149310350418091 364
2.157667875289917 363
2.1663970947265625 361
2.175645351409912 359
2.1828722953796387 357
2.1923112869262695 354
2.2015860080718994 351
2.2096431255340576 348
2.218369245529175 346
2.226900339126587 346
2.236037015914917 345
2.2454512119293213 346
2.2527425289154053 346
2.261510133743286 348
2.2715539932250977 350
2.279623031616211 352
2.288773775100708 356
2.2973878383636475 358
2.3060853481292725 360
2.314225912094116 362
2.3225975036621094 363
2.3313851356506348 363
2.341341733932495 362
2.3497350215911865 362
2.3579800128936768 360
2.3669469356536865 357
2.376980781555176 354
2.3854739665985107 352
2.3945093154907227 348
2.4044127464294434 346
2.412365436553955 345
2.4205775260925293 344
2.428802967071533 344
2.438084602355957 345
2.451012372970581 348
2.4595136642456055 350
2.468717098236084 353
2.477755546569824 356
2.4859063625335693 358
2.495434522628784 361
2.5041754245758057 362
2.511988639831543 363
2.520418643951416 363
2.529524326324463 362
2.5383424758911133 361
2.5477609634399414 358
2.5558922290802 356
2.5635733604431152 353
2.5736124515533447 350
2.5817151069641113 348
2.5900042057037354 346
2.5998549461364746 344
2.6081817150115967 344
2.6165499687194824 344
2.624664545059204 345
2.6343226432800293 346
2.6420013904571533 349
2.6515119075775146 351
2.6596336364746094 354
2.668459177017212 357
2.6775929927825928 359
2.6858808994293213 360
2.693662405014038 362
2.703608989715576 362
2.7119102478027344 361
2.720182418823242 360
2.7288033962249756 358
2.7381129264831543 356
2.7474722862243652 353
2.7556540966033936 350
2.762874126434326 348
2.7725422382354736 346
2.7813351154327393 344
2.7895188331604004 344
2.7997257709503174 344
2.8079960346221924 344
2.816267967224121 346
2.8243937492370605 348
2.8340749740600586 351
2.84394907951355 355
2.8560433387756348 357
2.8641505241394043 360
2.8736021518707275 361
2.8818910121917725 361
2.890362501144409 360
2.9002981185913086 359
2.9106740951538086 357
2.9195075035095215 355
2.927753210067749 352
2.9373559951782227 349
2.9456207752227783 347
2.954613208770752 344
2.96240496635437 344
2.972132444381714 343
2.9803903102874756 344
2.988621711730957 344
2.9970543384552 346
3.007408380508423 349
3.015573024749756 351
3.0227787494659424 354
3.031696081161499 356
3.040562629699707 358
3.0487964153289795 360
3.058190107345581 360
3.067469596862793 360
3.0762293338775635 358
3.0842907428741455 356
3.091984510421753 355
3.101938247680664 352
3.110133409500122 350
3.118303060531616 348
3.1267783641815186 345
3.1359026432037354 344
3.144057273864746 344
3.152632236480713 344
3.1613364219665527 344
3.1705920696258545 346
3.1786651611328125 348
3.187450647354126 351
3.19562029838562 353
3.2119133472442627 357
3.224152088165283 360
3.237006902694702 360
3.257067918777466 358
3.2689459323883057 354
3.2814881801605225 350
3.292834758758545 346
3.3046376705169678 344
3.312605142593384 342
3.3212504386901855 342
3.3299930095672607 342
3.338268995285034 342
3.347399950027466 343
3.3563895225524902 346
3.3657193183898926 348
3.375413417816162 351
3.382789373397827 354
3.3913474082946777 356
3.4001505374908447 358
3.4096262454986572 359
3.4189646244049072 360
3.427753210067749 359
3.4364399909973145 358
3.444643259048462 356
3.452755928039551 354
3.462763786315918 352
3.4721994400024414 349
3.480372905731201 346
3.4886419773101807 344
3.4977405071258545 343
3.5060038566589355 342
3.5154457092285156 342
3.5227551460266113 343
3.5383529663085938 346
3.546816825866699 348
3.5558717250823975 350
3.5659353733062744 353
3.5749642848968506 356
3.5825307369232178 357
3.590955972671509 358
3.5998733043670654 358
3.6083106994628906 358
3.617753267288208 357
3.6258864402770996 355
3.6346511840820312 352
3.642411231994629 350
3.655878782272339 346
3.665781021118164 344
3.675365686416626 342
3.6826679706573486 342
3.691500186920166 342
3.7002532482147217 342
3.7084743976593018 343
3.717878580093384 345
3.7262256145477295 347
3.735023021697998 350
3.7425293922424316 352
3.7507827281951904 354
3.7597527503967285 356
3.770357608795166 357
3.7786073684692383 357
3.7875044345855713 357
3.796125888824463 356
3.8042218685150146 354
3.8119444847106934 352
3.8214774131774902 349
3.830193281173706 346
3.8384013175964355 344
3.8468525409698486 343
3.8557076454162598 342
3.8656742572784424 342
3.8746731281280518 343
3.882352828979492 344
3.890575885772705 346
3.899531841278076 348
3.9079084396362305 350
3.9173293113708496 353
3.925755023956299 355
3.936675548553467 356
3.9453253746032715 357
3.9526734352111816 356
3.962189197540283 356
3.9723212718963623 354
3.9805359840393066 352
3.988664388656616 349
3.9978983402252197 347
4.006084442138672 345
4.014187574386597 343
4.022740364074707 342
4.032274961471558 341
4.040565490722656 342
4.053020477294922 343
4.062875270843506 345
4.073049306869507 348
4.081913232803345 350
4.090251922607422 353
4.099308013916016 355
4.107622385025024 356
4.115873336791992 356
4.125697135925293 356
4.132996559143066 355
4.141584634780884 353
4.149827718734741 351
4.158648729324341 348
4.167762041091919 346
4.1776323318481445 344
4.185894727706909 342
4.194666147232056 340
4.202446699142456 340
4.211259126663208 340
4.2193450927734375 341
4.229053258895874 343
4.2376322746276855 344
4.246012449264526 347
4.254134178161621 350
4.262501001358032 352
4.274062633514404 354
4.281860589981079 355
4.290089845657349 356
4.2987589836120605 356
4.307427644729614 355
4.3157432079315186 354
4.325682878494263 351
4.332898378372192 349
4.3415703773498535 347
4.349738121032715 345
4.358349323272705 343
4.367476224899292 341
4.3784565925598145 340
4.387306213378906 340
4.396136522293091 341
4.404199600219727 342
4.412045955657959 344
4.420217514038086 346
4.4297966957092285 348
4.438965320587158 351
4.447725772857666 353
4.461326837539673 354
4.4704742431640625 354
4.480077266693115 354
4.488378047943115 353
4.497464656829834 351
4.505817413330078 349
4.513047218322754 347
4.521666526794434 345
4.531576633453369 343
4.5397374629974365 342
4.547898530960083 341
4.556840419769287 341
4.56541895866394 342
4.574371337890625 343
4.582830429077148 345
4.591814279556274 347
4.600157737731934 349
4.608367204666138 351
4.616699695587158 352
4.625876188278198 353
4.6350483894348145 352
4.642522811889648 352
4.65081524848938 351
4.659861326217651 349
4.668106317520142 347
4.677377939224243 345
4.686741352081299 343
4.695748805999756 342
4.702987432479858 341
4.711579084396362 341
4.71964693069458 342
4.728608131408691 343
4.738109827041626 344
4.746423244476318 346
4.75451922416687 348
4.762636661529541 350
4.772471189498901 351
4.782267808914185 352
4.791558742523193 352
4.799633264541626 351
4.8080220222473145 350
4.816275119781494 348
4.825287818908691 346
4.834232807159424 344
4.841917991638184 343
4.855550765991211 341
4.862797737121582 341
4.872291326522827 341
4.882148504257202 342
4.891429424285889 343
4.899640083312988 345
4.9078874588012695 346
4.916118144989014 348
4.925342559814453 350
4.934331655502319 351
4.9420506954193115 351
4.9521825313568115 350
4.961440086364746 350
4.9703733921051025 348
4.978559970855713 346
4.989037275314331 344
4.997564077377319 342
