0 0
0.013150930404663086 0
0.030047893524169922 0
0.049237728118896484 1
0.06678438186645508 5
0.08373475074768066 11
0.09700989723205566 17
0.10438275337219238 20
0.12168025970458984 25
0.13379597663879395 27
0.14788174629211426 31
0.16201281547546387 35
0.17378878593444824 39
0.1858971118927002 43
0.19919180870056152 47
0.2111201286315918 49
0.22037720680236816 51
0.22950148582458496 53
0.23784804344177246 56
0.24750018119812012 59
0.2569253444671631 61
0.2656693458557129 64
0.27370500564575195 65
0.282010555267334 67
0.2903149127960205 69
0.30084991455078125 72
0.3093574047088623 75
0.31848883628845215 77
0.3282327651977539 79
0.3365449905395508 81
0.3459317684173584 84
0.3550987243652344 86
0.36400580406188965 88
0.3724803924560547 90
0.38105106353759766 91
0.3896305561065674 93
0.39955806732177734 96
0.408038854598999 99
0.41617679595947266 101
0.4258742332458496 103
0.43390464782714844 104
0.4423704147338867 105
0.4530606269836426 108
0.4620475769042969 112
0.4702937602996826 114
0.47907447814941406 116
0.48732852935791016 117
0.49683570861816406 119
0.506011962890625 120
0.5192852020263672 122
0.528878927230835 124
0.5373513698577881 126
0.545586347579956 128
0.5599613189697266 131
0.5689260959625244 132
0.5772538185119629 133
0.5855951309204102 135
0.5942177772521973 136
0.603663444519043 138
0.6120400428771973 141
0.6209938526153564 142
0.6300084590911865 144
0.6385214328765869 145
0.647045373916626 146
0.6576931476593018 149
0.6660609245300293 151
0.6739091873168945 153
0.6824922561645508 155
0.6918203830718994 156
0.7001070976257324 157
0.7096936702728271 158
0.7182190418243408 161
0.7276599407196045 163
0.7359681129455566 164
0.7439126968383789 165
0.7535858154296875 167
0.7634341716766357 168
0.7718164920806885 171
0.7801222801208496 172
0.7893507480621338 173
0.7977368831634521 173
0.807490348815918 174
0.8157486915588379 177
0.8243362903594971 178
0.835850715637207 180
0.843726634979248 180
0.8531813621520996 181
0.862938642501831 183
0.8713815212249756 184
0.8797411918640137 186
0.8889322280883789 188
0.8973369598388672 189
0.9055397510528564 190
0.919064998626709 192
0.9290456771850586 193
0.9374573230743408 194
0.9456801414489746 196
0.9558689594268799 197
0.9650564193725586 199
0.9733185768127441 199
0.9816544055938721 201
0.991081953048706 201
0.9995059967041016 203
1.0078284740447998 204
1.0173773765563965 205
1.026123046875 207
1.0343022346496582 207
1.0430772304534912 209
1.0524439811706543 210
1.0628516674041748 211
1.071106195449829 212
1.079667091369629 213
1.0888237953186035 215
1.0971128940582275 215
1.1050355434417725 216
1.1142024993896484 217
1.1236464977264404 219
1.132021427154541 220
1.1402275562286377 221
1.1489195823669434 222
1.1601111888885498 223
1.169755458831787 223
1.1782922744750977 224
1.1873078346252441 225
1.1955289840698242 227
1.2034187316894531 227
1.2144558429718018 228
1.223858118057251 229
1.232473373413086 229
1.2415966987609863 230
1.2498788833618164 232
1.259761095046997 234
1.2730066776275635 235
1.2817270755767822 235
1.2911057472229004 235
1.299591064453125 235
1.3082506656646729 237
1.3228156566619873 241
1.3313791751861572 243
1.3400328159332275 244
1.348905086517334 245
1.3588480949401855 245
1.3682312965393066 245
1.376856803894043 245
1.3842675685882568 246
1.3933629989624023 247
1.4017748832702637 249
1.4102082252502441 250
1.4201328754425049 251
1.4289093017578125 251
1.437220811843872 251
1.4459741115570068 251
1.4544808864593506 252
1.4633386135101318 254
1.473052978515625 256
1.4813413619995117 257
1.4899635314941406 257
1.4984312057495117 257
1.5069177150726318 257
1.514249324798584 257
1.5240778923034668 259
1.5329046249389648 260
1.5412802696228027 261
1.5496654510498047 262
1.5589799880981445 262
1.567302942276001 263
1.576535701751709 263
1.585507869720459 264
1.5934984683990479 265
1.6020002365112305 266
1.6102385520935059 267
1.6215989589691162 267
1.6299519538879395 266
1.638538122177124 266
1.6471803188323975 266
1.6570444107055664 267
1.6644701957702637 269
1.6740429401397705 270
1.682870626449585 271
1.6918401718139648 271
1.7001256942749023 270
1.709073781967163 271
1.7227990627288818 273
1.731391191482544 274
1.739853858947754 275
1.7490520477294922 275
1.7590734958648682 275
1.7674715518951416 275
1.7771821022033691 275
1.7875902652740479 277
1.7960259914398193 278
1.8038678169250488 279
1.8122212886810303 280
1.8213133811950684 279
1.8308789730072021 279
1.8394575119018555 278
1.8477563858032227 278
1.857879638671875 279
1.8661589622497559 281
1.875777244567871 281
1.883985996246338 281
1.8927602767944336 282
1.901122808456421 283
1.9095067977905273 283
1.9183948040008545 283
1.927718162536621 282
1.9361696243286133 283
1.9440183639526367 283
1.9541287422180176 283
1.962967872619629 284
1.971271276473999 284
1.9803345203399658 285
1.9898393154144287 285
1.9983015060424805 286
2.0083978176116943 286
2.0172293186187744 287
2.025111436843872 287
2.0341110229492188 287
2.0428388118743896 287
2.052455425262451 288
2.0614001750946045 289
2.0698416233062744 289
2.0793449878692627 289
2.088332414627075 289
2.0968003273010254 289
2.1041996479034424 290
2.118237018585205 291
2.127140998840332 291
2.136810541152954 291
2.1441640853881836 292
2.15588641166687 293
2.1641814708709717 293
2.1728549003601074 293
2.1825082302093506 292
2.19370698928833 292
2.205784797668457 293
2.218153953552246 294
2.2302870750427246 294
2.242189645767212 293
2.256087303161621 293
2.2677812576293945 294
2.279135227203369 296
2.2916433811187744 297
2.300421953201294 297
2.309190034866333 297
2.318234443664551 297
2.327183723449707 298
2.336483955383301 299
2.3440744876861572 299
2.3539106845855713 299
2.362356185913086 298
2.3710267543792725 298
2.380154609680176 299
2.389746904373169 299
2.3988115787506104 299
2.4084854125976562 299
2.4173684120178223 300
2.4256036281585693 301
2.434413194656372 301
2.443113327026367 300
2.453056812286377 299
2.461373805999756 299
2.469691514968872 300
2.478189468383789 301
2.489102363586426 302
2.4974992275238037 301
2.5058631896972656 300
2.5201399326324463 300
2.52897310256958 300
2.538339376449585 301
2.5475234985351562 302
2.5569682121276855 302
2.564276695251465 301
2.5736236572265625 301
2.5827887058258057 301
2.592008352279663 301
2.600233793258667 302
2.609212636947632 303
2.6182796955108643 303
2.6268367767333984 302
2.6343324184417725 302
2.644054889678955 302
2.653554916381836 303
2.661942958831787 304
2.671339273452759 304
2.6803293228149414 303
2.6899445056915283 303
2.698488712310791 302
2.707087993621826 303
2.7158186435699463 303
2.723642110824585 303
2.7323014736175537 304
2.7416703701019287 304
2.751688003540039 303
2.7600650787353516 303
2.768885850906372 304
2.778170347213745 305
2.78682017326355 305
2.795968770980835 305
2.805664539337158 305
2.8139402866363525 305
2.8230175971984863 305
2.8312790393829346 305
2.8396029472351074 305
2.8498342037200928 306
2.859395980834961 306
2.8677005767822266 306
2.8773767948150635 306
2.885599136352539 306
2.8941237926483154 306
2.9029574394226074 307
2.91228985786438 307
2.9243452548980713 306
2.933109760284424 305
2.94320011138916 305
2.9529874324798584 305
2.961240291595459 306
2.9698283672332764 306
2.9789814949035645 307
2.9991707801818848 306
3.0075769424438477 306
3.017012357711792 306
3.024324655532837 306
3.033262252807617 307
3.041672706604004 307
3.0527701377868652 306
3.0610897541046143 305
3.069697618484497 305
3.079326629638672 306
3.0877480506896973 307
3.0973587036132812 307
3.10556960105896 307
3.113887071609497 307
3.122192144393921 307
3.1303019523620605 307
3.138986110687256 307
3.1491341590881348 307
3.159104108810425 306
3.1673789024353027 307
3.175971746444702 307
3.184220314025879 307
3.1928961277008057 307
3.202176094055176 306
3.211322069168091 306
3.2196433544158936 307
3.2282180786132812 307
3.2364981174468994 307
3.2451529502868652 306
3.2559401988983154 305
3.2638494968414307 306
3.2724709510803223 307
3.2814738750457764 307
3.2902400493621826 307
3.2997894287109375 307
3.3098437786102295 307
3.3236324787139893 307
3.3322346210479736 307
3.340502977371216 307
3.3515872955322266 307
3.359907388687134 307
3.368321657180786 307
3.3774378299713135 307
3.385601758956909 307
3.401273727416992 307
3.410254716873169 307
3.419072151184082 307
3.42733097076416 307
3.435143232345581 307
3.4440109729766846 307
3.454360008239746 307
3.463036060333252 307
3.471296787261963 307
3.480229377746582 307
3.4889395236968994 307
3.497235059738159 307
3.5061962604522705 307
3.5143706798553467 307
3.5229885578155518 307
3.531275510787964 307
3.539872646331787 307
3.549396276473999 307
3.5632407665252686 307
3.5716545581817627 307
3.5805530548095703 307
3.5892081260681152 307
3.5978846549987793 307
3.6088578701019287 307
3.6175177097320557 307
3.625683307647705 307
3.6338274478912354 307
3.643134593963623 307
3.652270793914795 307
3.6616852283477783 307
3.6719439029693604 307
3.681490182876587 307
3.6899280548095703 307
3.6990432739257812 307
3.708813190460205 307
3.717106342315674 307
3.7293806076049805 307
3.7378599643707275 307
3.747176170349121 307
3.7559666633605957 307
3.7644925117492676 307
3.773747444152832 307
3.782052993774414 307
3.7902519702911377 307
3.799423933029175 307
3.809358596801758 307
3.8176679611206055 307
3.8259706497192383 307
3.8337810039520264 307
3.842926502227783 307
3.8519020080566406 307
3.861264228820801 307
3.8697144985198975 307
3.8790030479431152 307
3.8872902393341064 307
3.89509654045105 307
3.9037680625915527 307
3.9137802124023438 307
3.9221901893615723 307
3.930482864379883 307
3.9399025440216064 307
3.948374032974243 307
3.957693576812744 307
3.967221260070801 307
3.9757721424102783 307
3.9836204051971436 307
3.9921720027923584 307
4.000298261642456 307
4.009657859802246 307
4.019164800643921 307
4.027834177017212 307
4.036051988601685 307
4.044371604919434 307
4.0538859367370605 307
4.06329083442688 307
4.072485685348511 307
4.08087420463562 306
4.089340925216675 306
4.097708225250244 306
4.107812881469727 306
4.117242097854614 306
4.129344940185547 306
4.138190507888794 306
4.146806478500366 305
4.157027244567871 305
4.166149377822876 305
4.17558479309082 305
4.184439659118652 305
4.19305944442749 305
4.201479911804199 305
4.210991621017456 304
4.220239639282227 304
4.229048728942871 304
4.237894535064697 304
4.246140241622925 303
4.255098342895508 303
4.263338327407837 303
4.277097702026367 304
4.28891396522522 304
4.3000993728637695 303
4.312251091003418 301
4.325785875320435 301
4.3378586769104 302
4.349045038223267 302
4.358325004577637 303
4.367574214935303 302
4.376768112182617 301
4.3843183517456055 301
4.393049240112305 301
4.4012978076934814 302
4.410388946533203 302
4.4203941822052 301
4.429114103317261 301
4.437624216079712 300
4.445931434631348 300
4.454346179962158 300
4.463190317153931 300
4.473135709762573 300
4.481445789337158 300
4.4897706508636475 299
4.498394012451172 299
4.5074622631073 299
4.516409158706665 299
4.5299153327941895 299
4.539326906204224 299
4.547700643539429 298
4.557226896286011 298
4.565161228179932 297
4.575700044631958 298
4.583648681640625 299
4.592303514480591 299
4.601388216018677 299
4.609738826751709 297
4.619044542312622 297
4.628472566604614 297
4.637593507766724 298
4.645968198776245 298
4.654410362243652 298
4.663065671920776 297
4.673277378082275 296
4.681651592254639 296
4.691878080368042 297
4.7017822265625 297
4.710209369659424 297
4.719028472900391 296
4.72845721244812 295
4.737676620483398 295
4.745957612991333 295
4.754506826400757 295
4.763309001922607 295
4.772196054458618 295
4.78165078163147 295
4.78995418548584 294
4.7988200187683105 294
4.807840347290039 293
4.8161821365356445 294
4.826898097991943 294
4.8351263999938965 294
4.843318700790405 293
4.853081226348877 293
4.861333131790161 292
4.870159387588501 293
4.87983775138855 293
4.888434410095215 293
4.896971940994263 292
4.905750751495361 291
4.9135901927948 291
4.927865982055664 291
4.937205076217651 292
4.945127010345459 292
4.954342365264893 291
4.963192462921143 290
4.9718403816223145 289
4.981555938720703 289
4.996882677078247 292
