0 0
0.014674186706542969 0
0.03288769721984863 0
0.05201363563537598 2
0.07190299034118652 6
0.08880901336669922 14
0.10970592498779297 23
0.12676739692687988 36
0.13960504531860352 41
0.14878225326538086 48
0.15825533866882324 53
0.16684389114379883 60
0.17543864250183105 66
0.18453502655029297 73
0.1928722858428955 78
0.20268750190734863 86
0.21203303337097168 92
0.22153258323669434 99
0.23447346687316895 110
0.2428264617919922 116
0.25704145431518555 127
0.26592493057250977 134
0.27630114555358887 143
0.2869572639465332 151
0.29561281204223633 158
0.3030211925506592 164
0.31188273429870605 170
0.32141852378845215 178
0.3308591842651367 186
0.3403129577636719 194
0.34871959686279297 201
0.3579139709472656 208
0.36628055572509766 216
0.3747127056121826 222
0.3826262950897217 230
0.39279818534851074 237
0.4016258716583252 244
0.41005730628967285 250
0.4189131259918213 258
0.42766547203063965 265
0.43853259086608887 275
0.44750452041625977 282
0.4574549198150635 290
0.4658684730529785 296
0.47412562370300293 303
0.4820840358734131 310
0.4918854236602783 318
0.5002505779266357 326
0.5086932182312012 332
0.5181479454040527 336
0.5264759063720703 342
0.5358784198760986 346
0.54544997215271 349
0.5550816059112549 352
0.5626630783081055 353
0.5715172290802002 354
0.5798423290252686 354
0.5896897315979004 355
0.5981037616729736 356
0.606468677520752 356
0.6158664226531982 356
0.6246929168701172 357
0.6336319446563721 358
0.6428217887878418 359
0.6567060947418213 359
0.6653430461883545 359
0.6726641654968262 359
0.6814572811126709 358
0.6920928955078125 359
0.7004611492156982 359
0.71701979637146 360
0.7255349159240723 360
0.7345173358917236 359
0.7436647415161133 359
0.7537386417388916 359
0.7623977661132812 359
0.7718756198883057 359
0.7803370952606201 360
0.7906033992767334 360
0.8008770942687988 359
0.8095929622650146 359
0.8183445930480957 359
0.8267836570739746 359
0.8360893726348877 360
0.8456406593322754 360
0.8545236587524414 360
0.8627433776855469 359
0.8724210262298584 359
0.881995677947998 359
0.8907761573791504 359
0.9001917839050293 359
0.9086027145385742 359
0.917738676071167 359
0.9261085987091064 359
0.9354636669158936 359
0.9456925392150879 359
0.9545483589172363 359
0.9628195762634277 359
0.9718496799468994 359
0.9801526069641113 359
0.9889192581176758 359
0.9983501434326172 359
1.0068435668945312 359
1.0157501697540283 359
1.023043155670166 359
1.0329678058624268 359
1.041722297668457 359
1.057096242904663 359
1.0657086372375488 359
1.073000192642212 359
1.0823454856872559 359
1.0907316207885742 359
1.1000397205352783 359
1.1150550842285156 359
1.1226134300231934 359
1.145606279373169 359
1.1658573150634766 359
1.1859636306762695 359
1.2074644565582275 359
1.2277538776397705 359
1.247518539428711 359
1.264986276626587 359
1.2879137992858887 359
1.3023402690887451 359
1.3118493556976318 359
1.3207876682281494 359
1.3299434185028076 359
1.3382983207702637 359
1.3476576805114746 359
1.3578593730926514 359
1.3664662837982178 359
1.3908722400665283 359
1.4170658588409424 359
1.4374854564666748 359
1.463609218597412 359
1.472569465637207 359
1.499584436416626 359
1.5167982578277588 359
1.5383718013763428 359
1.5569112300872803 359
1.5759098529815674 359
1.5925049781799316 359
1.6024274826049805 359
1.6162793636322021 359
1.6317899227142334 359
1.6410553455352783 359
1.6515004634857178 359
1.6604595184326172 359
1.670555591583252 359
1.6830244064331055 359
1.6954712867736816 359
1.7084267139434814 359
1.7209105491638184 359
1.7330517768859863 359
1.7456257343292236 359
1.7583608627319336 359
1.7689449787139893 359
1.7781178951263428 359
1.787022352218628 359
1.7955238819122314 359
1.8028087615966797 359
1.8128323554992676 359
1.8216025829315186 359
1.8382058143615723 359
1.8474571704864502 359
1.8604016304016113 359
1.8687257766723633 359
1.8782124519348145 359
1.8875970840454102 359
1.8962020874023438 359
1.9044930934906006 359
1.914233684539795 359
1.9220011234283447 359
1.9314885139465332 359
1.9396824836730957 359
1.9514820575714111 359
1.960085153579712 359
1.969839334487915 359
1.9786410331726074 359
1.9877712726593018 359
1.9960277080535889 359
2.006016731262207 359
2.01611328125 359
2.024242639541626 359
2.032819986343384 359
2.0414304733276367 359
2.050342082977295 359
2.05854868888855 359
2.0682027339935303 359
2.0770857334136963 359
2.085526466369629 359
2.0941686630249023 359
2.101935625076294 359
2.1109044551849365 359
2.120323896408081 359
2.1300926208496094 359
2.1405415534973145 359
2.149852752685547 359
2.1581194400787354 359
2.167518377304077 359
2.176293134689331 359
2.1844751834869385 359
2.192892074584961 359
2.2015178203582764 359
2.21040678024292 359
2.219857931137085 359
2.228198289871216 359
2.2375717163085938 359
2.2466180324554443 359
2.2584712505340576 359
2.268083095550537 359
2.2770004272460938 359
2.2854673862457275 359
2.2927684783935547 359
2.3014209270477295 359
2.310417652130127 359
2.3197972774505615 359
2.3280467987060547 359
2.33762264251709 359
2.346473217010498 359
2.354677438735962 359
2.3624277114868164 359
2.3720362186431885 359
2.3805932998657227 359
2.388749122619629 359
2.3978731632232666 359
2.4064478874206543 359
2.4150500297546387 359
2.424349546432495 359
2.4342241287231445 359
2.442380905151367 359
2.4507477283477783 359
2.460364580154419 359
2.469919443130493 359
2.4788355827331543 359
2.4876303672790527 359
2.4958536624908447 359
2.5045511722564697 359
2.512890100479126 359
2.522268056869507 359
2.5317788124084473 359
2.540508508682251 359
2.5488853454589844 359
2.557556390762329 359
2.5657873153686523 359
2.5758845806121826 359
2.5835869312286377 359
2.5918304920196533 359
2.600224018096924 359
2.608976364135742 359
2.617601156234741 359
2.626831531524658 359
2.6359639167785645 359
2.6450071334838867 359
2.6575889587402344 359
2.666045904159546 359
2.6760711669921875 359
2.6842405796051025 359
2.6921606063842773 359
2.7004458904266357 359
2.7099757194519043 359
2.718248128890991 359
2.7279534339904785 359
2.7373878955841064 359
2.746272563934326 359
2.754472255706787 359
2.7622623443603516 359
2.7704882621765137 359
2.7802958488464355 359
2.7886595726013184 359
2.797776222229004 359
2.806442975997925 359
2.8146278858184814 359
2.822396755218506 359
2.832616090774536 359
2.8417718410491943 359
2.850123405456543 359
2.85845947265625 359
2.8671109676361084 359
2.87742018699646 359
2.885636806488037 359
2.89290452003479 359
2.901529550552368 359
2.9105517864227295 359
2.918773651123047 359
2.9282944202423096 359
2.938141345977783 359
2.9464306831359863 359
2.9545676708221436 359
2.9623916149139404 359
2.9741525650024414 359
2.982773542404175 359
2.9915168285369873 359
3.0005042552948 359
3.0098824501037598 359
3.018561601638794 359
3.027336597442627 359
3.039780378341675 359
3.048393964767456 359
3.060218095779419 359
3.0685479640960693 359
3.077629327774048 359
3.087090253829956 359
3.095545768737793 359
3.1042869091033936 359
3.1125333309173584 359
3.121065139770508 359
3.130568027496338 359
3.1398160457611084 359
3.1482486724853516 359
3.156618356704712 359
3.1646978855133057 359
3.1729979515075684 359
3.1824557781219482 359
3.1907806396484375 359
3.1989076137542725 359
3.2083890438079834 359
3.217474937438965 359
3.225708246231079 359
3.2362589836120605 359
3.2444241046905518 359
3.2527530193328857 359
3.2614150047302246 359
3.270456552505493 359
3.278646469116211 359
3.2889113426208496 359
3.2975244522094727 359
3.3063771724700928 359
3.314545154571533 359
3.3227481842041016 359
3.3322641849517822 359
3.3435773849487305 359
3.3517727851867676 359
3.360311508178711 359
3.3703885078430176 359
3.378706216812134 359
3.388244152069092 359
3.3966927528381348 359
3.4056267738342285 359
3.412909507751465 359
3.422065019607544 359
3.432159900665283 359
3.441985845565796 359
3.450463056564331 359
3.462550640106201 359
3.471844434738159 359
3.4816172122955322 359
3.490846872329712 359
3.4989469051361084 359
3.508432149887085 359
3.516852378845215 359
3.525047540664673 359
3.5343551635742188 359
3.5429348945617676 359
3.551565408706665 359
3.568080186843872 359
3.5763399600982666 359
3.5845677852630615 359
3.5935914516448975 359
3.602325916290283 359
3.612823486328125 359
3.621513605117798 359
3.6381726264953613 359
3.6476380825042725 359
3.6562304496765137 359
3.6644883155822754 359
3.6746933460235596 359
3.68249773979187 359
3.6920857429504395 359
3.7009165287017822 359
3.7090468406677246 359
3.7177183628082275 359
3.7264277935028076 359
3.7364795207977295 359
3.7467844486236572 359
3.75791072845459 359
3.7705507278442383 359
3.781724691390991 359
3.7950310707092285 359
3.8076236248016357 359
3.8187272548675537 359
3.8430142402648926 359
3.8518855571746826 359
3.864584445953369 359
3.8728251457214355 359
3.881626844406128 359
3.891868829727173 359
3.9024925231933594 359
3.911417245864868 359
3.919624090194702 359
3.9281556606292725 359
3.938453435897827 359
3.9488322734832764 359
3.9575936794281006 359
3.9663078784942627 359
3.9745171070098877 359
3.982342481613159 359
3.9908735752105713 359
4.001068115234375 359
4.009106397628784 359
4.017771244049072 359
4.026179790496826 359
4.036872148513794 359
4.045483589172363 359
4.054559707641602 359
4.066603422164917 359
4.074707746505737 359
4.082496643066406 359
4.090869426727295 359
4.101300477981567 359
4.109628915786743 359
4.1183061599731445 359
4.126756191253662 359
4.1370532512664795 359
4.145783424377441 359
4.155411005020142 359
4.162732839584351 359
4.1720428466796875 359
4.180351495742798 359
4.188580751419067 359
4.197073698043823 359
4.207032203674316 359
4.215479850769043 359
4.2227935791015625 359
4.232830762863159 359
4.241981506347656 359
4.251901626586914 359
4.264650344848633 359
4.272547483444214 359
4.281347751617432 359
4.289885520935059 359
4.298671722412109 359
4.30815052986145 359
4.3164167404174805 359
4.32466459274292 359
4.333717107772827 359
4.3418662548065186 359
4.351501226425171 359
4.359792947769165 359
4.368434906005859 359
4.377553224563599 359
4.385822534561157 359
4.393630027770996 359
4.403602838516235 359
4.4119579792022705 359
4.420409440994263 359
4.428809404373169 359
4.43858003616333 359
4.4508583545684814 359
4.460331439971924 359
4.470484018325806 359
4.478745937347412 359
4.487452745437622 359
4.49700665473938 359
4.5078864097595215 359
4.516176700592041 359
4.524363040924072 359
4.534396648406982 359
4.542223691940308 359
4.551444053649902 359
4.5622944831848145 359
4.57084584236145 359
4.578960180282593 359
4.5877439975738525 359
4.596480846405029 359
4.605925798416138 359
4.614156007766724 359
4.621958494186401 359
4.63164210319519 359
4.6399407386779785 359
4.6487884521484375 359
4.658409595489502 359
4.6713783740997314 359
4.679957628250122 359
4.688365936279297 359
4.6974194049835205 359
4.7058799266815186 359
4.715091228485107 359
4.722640514373779 359
4.732701539993286 359
4.741379499435425 359
4.749599456787109 359
4.758696556091309 359
4.767933368682861 359
4.776201963424683 359
4.784416437149048 359
4.792249441146851 359
4.801311016082764 359
4.810590744018555 359
4.818828582763672 359
4.828809976577759 359
4.838162422180176 359
4.8464515209198 359
4.855621337890625 359
4.865744352340698 359
4.87305212020874 359
4.881705284118652 359
4.89014196395874 359
4.898622512817383 359
4.907102346420288 359
4.916314125061035 359
4.924515247344971 359
4.934223175048828 359
4.942205429077148 359
4.950894117355347 359
4.96162486076355 359
4.969893932342529 359
4.978222608566284 359
4.9865992069244385 359
4.995620012283325 359
