0 0
0.021649837493896484 0
0.038451194763183594 0
0.057976484298706055 2
0.0772697925567627 6
0.10234808921813965 18
0.12340855598449707 28
0.13849139213562012 38
0.1471264362335205 42
0.15611004829406738 49
0.16403603553771973 54
0.17254972457885742 60
0.18292832374572754 67
0.19255948066711426 74
0.20129108428955078 80
0.20972418785095215 86
0.21824264526367188 93
0.2275681495666504 100
0.23590922355651855 107
0.24558591842651367 114
0.2541372776031494 121
0.26293325424194336 128
0.2713053226470947 134
0.27976179122924805 142
0.2915503978729248 150
0.30008983612060547 158
0.3090243339538574 164
0.31745123863220215 170
0.32705259323120117 179
0.33450889587402344 185
0.3441202640533447 194
0.35332608222961426 200
0.36194634437561035 208
0.3702995777130127 214
0.37914443016052246 221
0.39133191108703613 231
0.3998565673828125 238
0.4084291458129883 246
0.4171583652496338 252
0.4260120391845703 260
0.4339613914489746 267
0.44364333152770996 274
0.4530496597290039 282
0.46164560317993164 288
0.46999430656433105 297
0.4789137840270996 304
0.48908400535583496 311
0.5029506683349609 320
0.5114994049072266 324
0.5203731060028076 329
0.52921462059021 332
0.5376472473144531 335
0.5471036434173584 338
0.5558695793151855 340
0.5636947154998779 341
0.5720686912536621 344
0.5804562568664551 345
0.5902869701385498 347
0.6000103950500488 348
0.6085045337677002 349
0.6170039176940918 350
0.6257791519165039 352
0.6337630748748779 352
0.6420536041259766 353
0.6518399715423584 354
0.6602692604064941 354
0.6690065860748291 355
0.6772804260253906 355
0.6873624324798584 356
0.6976673603057861 356
0.7059333324432373 357
0.7138400077819824 358
0.7233614921569824 358
0.7329082489013672 358
0.7422153949737549 357
0.7529473304748535 357
0.7616119384765625 358
0.7703113555908203 359
0.7791733741760254 359
0.7897357940673828 359
0.799126386642456 358
0.8077893257141113 358
0.815997838973999 358
0.8241231441497803 358
0.832535982131958 358
0.8410794734954834 359
0.8514995574951172 359
0.8597629070281982 359
0.8681225776672363 359
0.8762099742889404 358
0.8861920833587646 358
0.894434928894043 359
0.911597728729248 360
0.9229519367218018 360
0.9342646598815918 360
0.9462697505950928 360
0.9596779346466064 360
0.9713287353515625 359
0.9844331741333008 359
0.9974830150604248 359
1.007331371307373 360
1.015138864517212 360
1.0238282680511475 360
1.0321106910705566 359
1.0403103828430176 359
1.049431324005127 359
1.0585956573486328 359
1.067060947418213 360
1.0743811130523682 360
1.0840024948120117 359
1.0923945903778076 358
1.1023411750793457 358
1.1110692024230957 359
1.1197149753570557 360
1.1279840469360352 360
1.1361823081970215 360
1.1441233158111572 360
1.154076099395752 360
1.1624977588653564 360
1.171095848083496 359
1.1793837547302246 359
1.1885359287261963 360
1.197282075881958 360
1.207148790359497 360
1.2200324535369873 358
1.2285466194152832 358
1.2371320724487305 358
1.2445142269134521 359
1.2556545734405518 360
1.2636518478393555 359
1.2734737396240234 358
1.2836577892303467 357
1.291964054107666 357
1.306053876876831 358
1.315558671951294 360
1.3236782550811768 360
1.3342878818511963 360
1.3429672718048096 359
1.3519551753997803 358
1.361450433731079 358
1.3701746463775635 359
1.3791134357452393 360
1.388948678970337 361
1.3971452713012695 360
1.4057552814483643 360
1.4158344268798828 360
1.423647403717041 360
1.431938648223877 359
1.4403445720672607 359
1.4494006633758545 358
1.4585728645324707 359
1.4670772552490234 359
1.4743616580963135 359
1.4843671321868896 359
1.4930362701416016 359
1.5014703273773193 359
1.5113286972045898 359
1.5200035572052002 359
1.5284302234649658 359
1.5368621349334717 359
1.5442321300506592 359
1.553506851196289 359
1.5630989074707031 359
1.5713131427764893 359
1.580317497253418 359
1.5893895626068115 359
1.5975933074951172 359
1.6057243347167969 359
1.6162524223327637 359
1.6241321563720703 359
1.632903814315796 359
1.6411488056182861 359
1.6497981548309326 359
1.6580874919891357 359
1.6674556732177734 359
1.67557954788208 359
1.6889538764953613 359
1.697227954864502 359
1.7103886604309082 359
1.7204322814941406 359
1.729154109954834 359
1.7377727031707764 359
1.747424840927124 359
1.755202293395996 359
1.7643280029296875 359
1.7730295658111572 359
1.7828471660614014 359
1.791074514389038 359
1.8009352684020996 359
1.810148000717163 359
1.8205156326293945 359
1.829190731048584 359
1.8373875617980957 359
1.8461518287658691 359
1.853957176208496 359
1.8624215126037598 359
1.8717982769012451 359
1.8816263675689697 359
1.8901350498199463 359
1.8985583782196045 359
1.906977891921997 359
1.9170386791229248 359
1.9244165420532227 359
1.9330215454101562 359
1.9413094520568848 359
1.9501698017120361 359
1.958601474761963 359
1.9682581424713135 359
1.9772617816925049 359
1.9860899448394775 359
1.9939165115356445 359
2.002223253250122 359
2.0130577087402344 359
2.0230278968811035 359
2.0312840938568115 359
2.0397660732269287 359
2.0490357875823975 359
2.0572760105133057 359
2.0645670890808105 359
2.074026584625244 359
2.083902359008789 359
2.0922560691833496 359
2.1043598651885986 359
2.113882541656494 359
2.1238789558410645 359
2.1323189735412598 359
2.1404366493225098 359
2.149658679962158 359
2.1582117080688477 359
2.1664726734161377 359
2.1762397289276123 359
2.18561053276062 359
2.193474292755127 359
2.201723575592041 359
2.2104597091674805 359
2.2192718982696533 359
2.2291293144226074 359
2.2373759746551514 359
2.246168613433838 359
2.2539377212524414 359
2.26225209236145 359
2.270341157913208 359
2.2804324626922607 359
2.290024995803833 359
2.298447847366333 359
2.3072030544281006 359
2.316887617111206 359
2.325868606567383 359
2.33414626121521 359
2.343520402908325 359
2.351787805557251 359
2.3600692749023438 359
2.368539810180664 359
2.378336191177368 359
2.3876547813415527 359
2.3958301544189453 359
2.403743267059326 359
2.413099765777588 359
2.421327590942383 359
2.430394411087036 359
2.439154624938965 359
2.447786808013916 359
2.4559154510498047 359
2.4638631343841553 359
2.4722282886505127 359
2.4829373359680176 359
2.4911439418792725 359
2.499455690383911 359
2.512556791305542 359
2.521193027496338 359
2.531158208847046 359
2.539644241333008 359
2.5488412380218506 359
2.557116746902466 359
2.564420700073242 359
2.573045253753662 359
2.584144353866577 359
2.5925488471984863 359
2.600559711456299 359
2.6096153259277344 359
2.6179213523864746 359
2.626096725463867 359
2.635082483291626 359
2.644125461578369 359
2.6525394916534424 359
2.6605732440948486 359
2.669306516647339 359
2.67919659614563 359
2.6882076263427734 359
2.696239471435547 359
2.7042527198791504 359
2.713371515274048 359
2.7216150760650635 359
2.7305641174316406 359
2.740351438522339 359
2.7489631175994873 359
2.757399082183838 359
2.765159845352173 359
2.773690700531006 359
2.783902883529663 359
2.7921323776245117 358
2.8005895614624023 358
2.8097469806671143 359
2.81925368309021 359
2.829164505004883 359
2.839615821838379 358
2.847904682159424 357
2.8561253547668457 356
2.8639674186706543 357
2.8732504844665527 358
2.8833374977111816 359
2.8916263580322266 359
2.899900197982788 358
2.912534713745117 357
2.9211630821228027 357
2.9297494888305664 357
2.9400289058685303 358
2.9485316276550293 358
2.956979274749756 358
2.9642722606658936 358
2.97353196144104 357
2.9836387634277344 357
2.991990804672241 357
3.0018131732940674 358
3.0137546062469482 358
3.0257787704467773 358
3.0394716262817383 358
3.0514090061187744 357
3.0631051063537598 356
3.0744950771331787 357
3.0930678844451904 358
3.1057496070861816 359
3.1139755249023438 359
3.1225314140319824 358
3.1308584213256836 358
3.1405436992645264 357
3.1497464179992676 357
3.158121109008789 357
3.167556047439575 358
3.176954746246338 358
3.185865879058838 358
3.1945416927337646 358
3.2037625312805176 357
3.212049961090088 357
3.2202680110931396 357
3.2289183139801025 357
3.238435983657837 357
3.2469894886016846 358
3.254323720932007 358
3.262953519821167 358
3.2718756198883057 357
3.280351400375366 357
3.291405200958252 357
3.299880027770996 358
3.312870979309082 358
3.3214094638824463 358
3.3310720920562744 358
3.3410468101501465 357
3.3498101234436035 356
3.3583831787109375 356
3.3668272495269775 356
3.3756937980651855 357
3.3917202949523926 358
3.4000260829925537 358
3.4091978073120117 357
3.4176602363586426 356
3.4271323680877686 356
3.4344727993011475 356
3.4476351737976074 357
3.4559221267700195 358
3.463862180709839 358
3.473039388656616 358
3.4823813438415527 356
3.490576982498169 356
3.500119924545288 356
3.509516716003418 357
3.5177865028381348 357
3.526020050048828 357
3.5338616371154785 356
3.543779134750366 356
3.5521140098571777 356
3.5611460208892822 357
3.570103406906128 357
3.5789875984191895 357
3.5879011154174805 356
3.597562313079834 356
3.60758376121521 356
3.6157305240631104 356
3.6240077018737793 357
3.6331121921539307 357
3.641975164413452 357
3.651432752609253 356
3.6619014739990234 356
3.6719586849212646 356
3.6928622722625732 357
3.7034835815429688 358
3.7162423133850098 358
3.7243497371673584 357
3.734389305114746 356
3.7477359771728516 356
3.756953001022339 357
3.7657032012939453 358
3.774393081665039 358
3.783841371536255 358
3.792255163192749 356
3.8040027618408203 356
3.81235408782959 356
3.8204753398895264 357
3.8291842937469482 358
3.8388421535491943 358
3.847100019454956 357
3.8561668395996094 356
3.8644397258758545 356
3.8735687732696533 356
3.882934331893921 357
3.8912816047668457 358
3.9014077186584473 358
3.9097390174865723 357
3.918951988220215 356
3.927234649658203 356
3.937067985534668 356
3.945587396621704 357
3.95597243309021 357
3.965088129043579 357
3.9740192890167236 357
3.983201503753662 356
3.991513729095459 356
4.0003015995025635 356
4.009740352630615 356
4.018261671066284 357
4.027223825454712 357
4.037356853485107 356
4.046015739440918 356
4.05515193939209 355
4.063345432281494 355
4.072389125823975 356
4.081920146942139 357
4.090157985687256 357
4.099511384963989 356
4.113007307052612 355
4.121408700942993 354
4.129953622817993 355
4.13952898979187 356
4.147836923599243 357
4.157511234283447 357
4.166118383407593 356
4.173990249633789 355
4.183484315872192 355
4.191838502883911 355
4.201287031173706 356
4.2103869915008545 356
4.2190752029418945 356
4.2274768352508545 356
4.236126899719238 356
4.243959903717041 356
4.2523322105407715 356
4.261723756790161 356
4.270547866821289 356
4.279265642166138 356
4.289035081863403 356
4.2979044914245605 356
4.307615041732788 356
4.31818413734436 356
4.32623291015625 356
4.33448338508606 356
4.3431620597839355 356
4.351444721221924 356
4.36092472076416 356
4.37000298500061 356
4.378877401351929 356
4.387963056564331 356
4.396172285079956 356
4.404393911361694 356
4.413950204849243 356
4.422305345535278 356
4.431558132171631 356
4.440026760101318 356
4.448465347290039 356
4.456950426101685 356
4.467065334320068 356
4.475714921951294 356
4.484184741973877 356
4.493009328842163 356
4.5018699169158936 356
4.5144877433776855 356
4.523329973220825 356
4.532535552978516 356
4.541059255599976 356
4.549365758895874 356
4.557809352874756 356
4.567671060562134 356
4.577114820480347 356
4.5869715213775635 356
4.594297647476196 356
4.603415489196777 356
4.6133058071136475 356
4.621865272521973 356
4.630540370941162 356
4.639145135879517 356
4.647407531738281 356
4.655207872390747 356
4.665897846221924 356
4.6736955642700195 356
4.683084964752197 356
4.691666603088379 356
4.700126886367798 356
4.708588361740112 356
4.717946767807007 356
4.726173639297485 356
4.734334945678711 356
4.743118047714233 356
4.751535177230835 356
4.759793758392334 356
4.769818067550659 356
4.778220176696777 356
4.787478923797607 356
4.796154737472534 356
4.80408787727356 356
4.8125386238098145 356
4.823115110397339 356
4.831996917724609 356
4.840236663818359 356
4.8489463329315186 356
4.857349157333374 356
4.865922689437866 356
4.8743860721588135 356
4.883737325668335 356
4.892853260040283 356
4.901797771453857 356
4.913870573043823 356
4.923680305480957 356
4.933095216751099 356
4.941452980041504 356
4.949731111526489 356
4.9579808712005615 356
4.967242002487183 356
4.976830244064331 356
4.985802888870239 356
4.994197368621826 356
