0 0
0.015943288803100586 0
0.03404712677001953 0
0.054166555404663086 2
0.0729987621307373 6
0.08989715576171875 14
0.10085749626159668 18
0.11004018783569336 23
0.11887669563293457 28
0.12741923332214355 32
0.13735127449035645 38
0.1469733715057373 45
0.15434050559997559 50
0.1630723476409912 55
0.1723027229309082 62
0.1808149814605713 68
0.18939948081970215 74
0.19908666610717773 81
0.20821166038513184 88
0.2168595790863037 94
0.22420525550842285 100
0.23375701904296875 105
0.24292635917663574 112
0.25229692459106445 119
0.2609841823577881 124
0.2699921131134033 131
0.2787966728210449 136
0.28714847564697266 141
0.2944779396057129 147
0.30437469482421875 152
0.3132483959197998 156
0.32154035568237305 161
0.3298299312591553 167
0.34018731117248535 172
0.3497495651245117 176
0.3582601547241211 182
0.3710191249847412 188
0.3795897960662842 191
0.3881673812866211 196
0.3964524269104004 200
0.4069859981536865 204
0.4184262752532959 209
0.43024206161499023 214
0.44376349449157715 219
0.45717573165893555 224
0.4696211814880371 228
0.4807615280151367 232
0.4928727149963379 236
0.5035650730133057 239
0.5118908882141113 242
0.5203089714050293 245
0.529019832611084 248
0.5394060611724854 250
0.5478875637054443 253
0.5575580596923828 255
0.5657553672790527 258
0.574230432510376 260
0.5829486846923828 262
0.5912532806396484 264
0.5996198654174805 266
0.6096992492675781 268
0.6181316375732422 270
0.626415491104126 272
0.6367406845092773 274
0.6450881958007812 276
0.6540203094482422 278
0.6627275943756104 279
0.671818733215332 281
0.6800613403320312 282
0.6888904571533203 284
0.6972053050994873 285
0.7072288990020752 287
0.7150835990905762 288
0.7233645915985107 289
0.7329864501953125 291
0.7419230937957764 292
0.7501897811889648 293
0.7598018646240234 294
0.7729084491729736 296
0.7813146114349365 297
0.7899255752563477 298
0.7985243797302246 299
0.8090372085571289 300
0.8175144195556641 302
0.8257334232330322 302
0.8356988430023193 304
0.8435478210449219 304
0.8528313636779785 306
0.8619484901428223 306
0.87103271484375 307
0.8794806003570557 308
0.887822151184082 309
0.896061897277832 310
0.9061474800109863 311
0.9140832424163818 311
0.9229133129119873 312
0.9334893226623535 312
0.9417967796325684 313
0.9502339363098145 314
0.9597795009613037 314
0.9690115451812744 315
0.9773223400115967 316
0.985506534576416 316
0.9933562278747559 316
1.0035429000854492 317
1.0130088329315186 318
1.0213282108306885 318
1.0298357009887695 319
1.0393493175506592 319
1.0476429462432861 320
1.0559570789337158 320
1.0657756328582764 320
1.073632001876831 320
1.0821444988250732 321
1.0904698371887207 321
1.0996067523956299 322
1.1079082489013672 322
1.1174063682556152 322
1.1255741119384766 322
1.1341359615325928 322
1.1427924633026123 322
1.1512341499328613 323
1.1603615283966064 323
1.1731841564178467 323
1.18156099319458 324
1.189964771270752 324
1.19942045211792 324
1.2079007625579834 323
1.2173993587493896 323
1.2255871295928955 323
1.2344801425933838 324
1.243187665939331 324
1.25148344039917 324
1.2597792148590088 324
1.269927978515625 324
1.2783787250518799 323
1.2869036197662354 323
1.2942211627960205 323
1.3034987449645996 324
1.3129878044128418 324
1.3212854862213135 324
1.3296706676483154 323
1.339613437652588 323
1.3478643894195557 323
1.3560247421264648 323
1.367898941040039 324
1.3800883293151855 324
1.3893139362335205 324
1.39805269241333 323
1.406158685684204 323
1.4155991077423096 323
1.423353672027588 323
1.435739517211914 324
1.4435715675354004 324
1.4614801406860352 323
1.4716687202453613 323
1.4799108505249023 324
1.4895844459533691 324
1.4989101886749268 324
1.5072946548461914 323
1.5164482593536377 323
1.524078369140625 323
1.534017562866211 323
1.542482852935791 323
1.5508182048797607 324
1.5591847896575928 324
1.5730652809143066 323
1.5814416408538818 323
1.589782953262329 323
1.5989282131195068 323
1.6073291301727295 323
1.6150991916656494 323
1.6240663528442383 323
1.6342017650604248 323
1.6428720951080322 323
1.6515114307403564 323
1.659789800643921 323
1.669877529144287 323
1.6783063411712646 323
1.6869196891784668 323
1.6942412853240967 323
1.7030401229858398 323
1.7112975120544434 323
1.7204086780548096 323
1.7296931743621826 323
1.7390086650848389 323
1.747419834136963 323
1.755582571029663 323
1.7638685703277588 323
1.773468255996704 323
1.7817540168762207 323
1.7900104522705078 323
1.7992675304412842 322
1.8077213764190674 322
1.8159444332122803 322
1.8245151042938232 322
1.8350353240966797 322
1.8432576656341553 321
1.8515987396240234 321
1.8600142002105713 320
1.8692305088043213 320
1.8784723281860352 320
1.8870527744293213 320
1.8958828449249268 320
1.903707504272461 320
1.9119842052459717 320
1.9202673435211182 319
1.932011604309082 318
1.9402661323547363 318
1.9490196704864502 318
1.9573028087615967 318
1.966193437576294 318
1.9797265529632568 317
1.9884600639343262 317
1.9984958171844482 316
2.0103049278259277 316
2.019009590148926 316
2.0289180278778076 316
2.0378823280334473 315
2.0461244583129883 315
2.0541083812713623 315
2.0633959770202637 314
2.0717358589172363 314
2.0812439918518066 314
2.089524745941162 314
2.0983400344848633 314
2.106900691986084 313
2.1142942905426025 313
2.1231582164764404 312
2.133406400680542 312
2.1417901515960693 312
2.149979829788208 312
2.158417224884033 312
2.1675655841827393 312
2.1774611473083496 311
2.1857259273529053 310
2.194068193435669 310
2.2029261589050293 310
2.2111032009124756 310
2.2194507122039795 310
2.229343891143799 310
2.2385263442993164 309
2.2471306324005127 309
2.2544426918029785 308
2.2637417316436768 308
2.2720367908477783 308
2.281435966491699 308
2.2898848056793213 308
2.299088478088379 307
2.3073461055755615 307
2.315579414367676 307
2.3233697414398193 306
2.333819627761841 306
2.3423187732696533 306
2.350855827331543 306
2.359741687774658 305
2.3682498931884766 305
2.3815841674804688 304
2.390007972717285 304
2.399278402328491 304
2.4077279567718506 304
2.4159095287323 304
2.423736095428467 304
2.4343981742858887 303
2.4430274963378906 303
2.451308012008667 302
2.4602794647216797 302
2.4691288471221924 302
2.4773404598236084 302
2.4870188236236572 302
2.499183177947998 301
2.5122029781341553 300
2.5241429805755615 300
2.538825750350952 300
2.5499653816223145 299
2.5620312690734863 299
2.5732882022857666 298
2.5871169567108154 298
2.5960426330566406 298
2.603846311569214 298
2.6121773719787598 297
2.6203105449676514 297
2.6296582221984863 297
2.6399457454681396 296
2.648841619491577 296
2.657609701156616 296
2.665794849395752 296
2.6736345291137695 295
2.6820034980773926 294
2.6929774284362793 294
2.701300621032715 294
2.709739923477173 294
2.7181687355041504 294
2.727053642272949 294
2.737314462661743 294
2.745551347732544 293
2.7534122467041016 293
2.762263536453247 292
2.7744951248168945 292
2.783317804336548 292
2.793346881866455 292
2.8017513751983643 292
2.8099851608276367 291
2.818464994430542 291
2.8277153968811035 290
2.836998224258423 290
2.8461203575134277 290
2.853931427001953 290
2.8630127906799316 290
2.8712470531463623 289
2.8796820640563965 289
2.8896586894989014 288
2.8989973068237305 288
2.9073781967163086 288
2.9155659675598145 288
2.923924207687378 287
2.933971643447876 287
2.943507194519043 286
2.9519784450531006 286
2.961062431335449 286
2.9694347381591797 286
2.977724313735962 286
2.985978603363037 285
2.9961421489715576 285
3.0039920806884766 284
3.0129342079162598 284
3.0238871574401855 284
3.0332658290863037 284
3.04233455657959 284
3.0505008697509766 283
3.059832811355591 282
3.06842303276062 282
3.076934337615967 282
3.0842559337615967 282
3.094306230545044 282
3.103501796722412 281
3.1118013858795166 281
3.1209843158721924 280
3.1295583248138428 280
3.1390013694763184 280
3.148210287094116 280
3.1574599742889404 279
3.1656529903411865 279
3.1780076026916504 279
3.1861588954925537 278
3.1967482566833496 278
3.204495668411255 278
3.213165521621704 278
3.2221994400024414 278
3.2312746047973633 277
3.23966908454895 277
3.2493348121643066 276
3.2582783699035645 276
3.2668135166168213 276
3.2741260528564453 276
3.2828638553619385 276
3.2918460369110107 275
3.301346778869629 275
3.309760093688965 275
3.318150281906128 274
3.3275225162506104 274
3.3392491340637207 274
3.353909730911255 273
3.362323760986328 272
3.3709864616394043 272
3.379342555999756 272
3.3893373012542725 272
3.399226188659668 271
3.4089419841766357 271
3.4192917346954346 270
3.4288275241851807 270
3.438998222351074 270
3.449132204055786 270
3.459441661834717 269
3.467730760574341 269
3.475959300994873 269
3.483798027038574 269
3.4929039478302 268
3.502058506011963 268
3.5112290382385254 268
3.5200915336608887 268
3.5288219451904297 267
3.5378317832946777 267
3.546091079711914 266
3.556748151779175 266
3.5641584396362305 266
3.5770130157470703 266
3.585756540298462 266
3.593763828277588 265
3.6034224033355713 265
3.612907648086548 264
3.621894598007202 264
3.630502939224243 264
3.639772891998291 264
3.648219585418701 264
3.6578640937805176 264
3.666097640991211 263
3.674081325531006 263
3.682955026626587 263
3.6921582221984863 262
3.700334310531616 262
3.709822177886963 262
3.7196342945098877 262
3.7282214164733887 262
3.737370252609253 261
3.745635509490967 261
3.7556140422821045 260
3.7634775638580322 260
3.7718405723571777 260
3.7801220417022705 260
3.789630889892578 260
3.798035144805908 259
3.807612419128418 259
3.815805196762085 258
3.8240041732788086 258
3.8334639072418213 258
3.8417489528656006 258
3.851365804672241 258
3.860410690307617 258
3.8690714836120605 257
3.877368688583374 257
3.8861095905303955 256
3.8939390182495117 256
3.9023165702819824 256
3.9117658138275146 256
3.921414375305176 256
3.929708242416382 256
3.9398117065429688 255
3.9482996463775635 255
3.9593212604522705 254
3.968271255493164 254
3.9804539680480957 254
3.9898314476013184 254
3.9983973503112793 254
4.007137775421143 253
4.017063617706299 253
4.025790691375732 252
4.0345139503479 252
4.04325532913208 252
4.0519983768463135 252
4.061411142349243 252
4.069804430007935 252
4.078277826309204 251
4.087623357772827 251
4.095859527587891 250
4.10376238822937 250
4.113309860229492 250
4.121870517730713 250
4.130320072174072 250
4.13932991027832 250
4.148486137390137 249
4.157072305679321 249
4.166393756866455 249
4.174028396606445 248
4.183422327041626 248
4.191776275634766 248
4.200101613998413 248
4.20890212059021 248
4.219040155410767 248
4.2278571128845215 247
4.237388849258423 247
4.24564003944397 247
4.2540647983551025 246
4.263667345046997 246
4.272234678268433 246
4.281230688095093 246
4.289570093154907 246
4.297883749008179 245
4.306183815002441 245
4.316781282424927 245
4.324175596237183 244
4.338830232620239 244
4.347576379776001 244
4.3558313846588135 244
4.364383697509766 244
4.373098611831665 244
4.3861939907073975 243
4.394261598587036 243
4.403503179550171 242
4.411985397338867 242
4.422035455703735 242
4.430435657501221 242
4.439692258834839 241
4.448976755142212 241
4.457377195358276 240
4.467207431793213 240
4.47760534286499 240
4.486947774887085 240
4.494332313537598 240
4.503347158432007 240
4.511759281158447 239
4.521612882614136 239
4.529927968978882 239
4.53991961479187 238
4.5491766929626465 238
4.55750036239624 238
4.565711259841919 238
4.579751014709473 238
4.591197729110718 237
4.602860927581787 237
4.6150290966033936 236
4.628734111785889 236
4.641099214553833 236
4.651872396469116 235
4.660322904586792 235
4.669749975204468 235
4.678967237472534 234
4.687536954879761 234
4.6957783699035645 234
4.703629493713379 234
4.7128825187683105 234
4.722268104553223 233
4.731003284454346 233
4.740418910980225 232
4.749659538269043 232
4.758203029632568 232
4.766522407531738 232
4.77583909034729 232
4.788992404937744 232
4.7974982261657715 232
4.805729150772095 231
4.814244031906128 231
4.82373833656311 230
4.833032608032227 230
4.841884613037109 230
4.851258277893066 230
4.859612464904785 230
4.8682427406311035 230
4.87841272354126 229
4.886966228485107 229
4.894311189651489 229
4.903056859970093 228
4.911925792694092 228
4.920226812362671 228
4.929892063140869 228
4.939940929412842 228
4.949310541152954 228
4.957601070404053 228
4.96584415435791 227
4.974471807479858 227
4.98452353477478 226
4.993395566940308 226
