0 0
0.014113426208496094 0
0.03294014930725098 0
0.052118778228759766 1
0.06885051727294922 6
0.08632230758666992 11
0.09601521492004395 15
0.10499429702758789 21
0.11327958106994629 25
0.12222099304199219 29
0.13167023658752441 35
0.14181232452392578 42
0.15021395683288574 47
0.15851712226867676 54
0.16651487350463867 58
0.1759788990020752 65
0.1845245361328125 72
0.19427943229675293 78
0.2027440071105957 85
0.21224737167358398 91
0.22064948081970215 99
0.2302227020263672 105
0.23977446556091309 113
0.2489614486694336 120
0.2568788528442383 127
0.2706136703491211 137
0.27964162826538086 144
0.28709959983825684 150
0.297229528427124 158
0.30682873725891113 166
0.31564760208129883 173
0.32480621337890625 181
0.3335864543914795 187
0.34398603439331055 195
0.352445125579834 202
0.36117982864379883 210
0.3702690601348877 217
0.3786046504974365 225
0.38655877113342285 230
0.403764009475708 251
0.4260678291320801 263
0.44875025749206543 284
0.4608802795410156 293
0.4700765609741211 301
0.48559093475341797 313
0.4944162368774414 321
0.5044069290161133 328
0.5142743587493896 335
0.5245785713195801 340
0.5328512191772461 344
0.5423791408538818 347
0.5518069267272949 350
0.5600979328155518 352
0.5686948299407959 353
0.5765585899353027 353
0.5849733352661133 354
0.5932712554931641 355
0.6122663021087646 357
0.6209158897399902 358
0.6304638385772705 359
0.6397998332977295 359
0.6487226486206055 358
0.6567130088806152 358
0.6711039543151855 358
0.6797747611999512 359
0.6871254444122314 359
0.6959099769592285 359
0.7060558795928955 359
0.7143168449401855 359
0.7255535125732422 359
0.7345590591430664 359
0.7427768707275391 359
0.7523164749145508 359
0.7609148025512695 359
0.7701146602630615 359
0.7782714366912842 359
0.7862799167633057 359
0.7945761680603027 359
0.8046290874481201 359
0.8128631114959717 359
0.8215231895446777 359
0.8306162357330322 359
0.8399171829223633 359
0.8472568988800049 359
0.856835126876831 359
0.8652582168579102 359
0.8745176792144775 359
0.8827474117279053 359
0.8911895751953125 359
0.9001660346984863 359
0.9096705913543701 359
0.9169704914093018 359
0.9268221855163574 359
0.9361734390258789 359
0.9444878101348877 359
0.9538857936859131 359
0.9624321460723877 359
0.9717543125152588 359
0.9801239967346191 359
0.9882981777191162 359
0.9961276054382324 359
1.0064187049865723 359
1.0146756172180176 359
1.0232741832733154 359
1.0331742763519287 359
1.0418171882629395 359
1.0500884056091309 359
1.059596300125122 359
1.0722522735595703 359
1.0809719562530518 359
1.0895884037017822 359
1.0969393253326416 359
1.1069209575653076 359
1.1162002086639404 359
1.1256709098815918 359
1.134413719177246 359
1.1427738666534424 359
1.1512296199798584 358
1.1606318950653076 358
1.1698977947235107 359
1.1771979331970215 359
1.1858704090118408 359
1.1941173076629639 359
1.202852487564087 358
1.2129030227661133 357
1.2216525077819824 357
1.2321429252624512 358
1.2412238121032715 358
1.2496917247772217 358
1.2570209503173828 358
1.2671620845794678 358
1.2757720947265625 358
1.2840032577514648 358
1.2922711372375488 357
1.30118989944458 357
1.310485601425171 357
1.3198063373565674 357
1.3324143886566162 358
1.3417460918426514 358
1.350132703781128 357
1.358351469039917 357
1.3672873973846436 357
1.3761043548583984 357
1.3866500854492188 358
1.3951010704040527 358
1.4043421745300293 358
1.4141016006469727 357
1.4224138259887695 357
1.4324555397033691 357
1.4420936107635498 357
1.4508781433105469 357
1.4589312076568604 358
1.4732656478881836 358
1.4820826053619385 357
1.490445613861084 356
1.5001070499420166 356
1.508345603942871 356
1.5170226097106934 356
1.5269584655761719 357
1.5360000133514404 357
1.544220209121704 357
1.5525290966033936 356
1.561598300933838 356
1.5716502666473389 357
1.579967975616455 357
1.5872700214385986 357
1.5964670181274414 357
1.6047735214233398 356
1.6129982471466064 356
1.6225552558898926 356
1.6326017379760742 357
1.641993761062622 357
1.6531498432159424 357
1.6669578552246094 356
1.6795663833618164 356
1.6908941268920898 356
1.702359676361084 357
1.7138957977294922 357
1.7289130687713623 357
1.7409296035766602 356
1.7516772747039795 355
1.760101556777954 356
1.7701077461242676 357
1.7783660888671875 357
1.7862060070037842 356
1.795515537261963 356
1.8038983345031738 355
1.8123199939727783 356
1.8218481540679932 357
1.8319218158721924 357
1.8402278423309326 356
1.848376989364624 355
1.856205701828003 355
1.865612506866455 356
1.8788607120513916 357
1.8867807388305664 356
1.8962323665618896 355
1.9046480655670166 355
1.9128563404083252 355
1.9225382804870605 355
1.93400239944458 356
1.9423561096191406 356
1.9517192840576172 357
1.9622747898101807 356
1.9718103408813477 356
1.9802014827728271 356
1.9883127212524414 356
1.9965412616729736 356
2.0065252780914307 356
2.0149142742156982 356
2.0255956649780273 356
2.035064935684204 356
2.0435616970062256 356
2.0519659519195557 356
2.060789108276367 356
2.0688862800598145 356
2.078336000442505 356
2.086169958114624 356
2.0954995155334473 356
2.1038379669189453 356
2.112210273742676 356
2.1204771995544434 356
2.1316287517547607 356
2.140462875366211 356
2.1486873626708984 356
2.1566202640533447 356
2.1657474040985107 356
2.174729824066162 356
2.1829559803009033 356
2.1916496753692627 356
2.200582981109619 356
2.208806037902832 356
2.2165729999542236 356
2.2269840240478516 356
2.236196756362915 356
2.244502067565918 356
2.2527506351470947 356
2.2619686126708984 356
2.2745442390441895 356
2.284365653991699 356
2.293287992477417 356
2.3020761013031006 356
2.3103296756744385 356
2.3185012340545654 356
2.3297014236450195 356
2.337013006210327 356
2.3458940982818604 356
2.3541276454925537 356
2.3628878593444824 356
2.3715786933898926 356
2.3805832862854004 356
2.3888256549835205 356
2.3971197605133057 356
2.406071424484253 356
2.4144985675811768 356
2.4229180812835693 356
2.432981252670288 356
2.442232370376587 356
2.4505832195281982 356
2.4598052501678467 356
2.468855142593384 356
2.4766571521759033 356
2.4861929416656494 355
2.4951043128967285 355
2.5035483837127686 355
2.5119359493255615 355
2.520339250564575 356
2.5296759605407715 356
2.53877854347229 355
2.547166585922241 355
2.555880546569824 355
2.564943790435791 354
2.57426118850708 355
2.5838510990142822 355
2.5928444862365723 355
2.60129714012146 355
2.610105276107788 355
2.618281841278076 354
2.627826690673828 354
2.636884927749634 354
2.6461901664733887 354
2.6545350551605225 355
2.6638474464416504 355
2.6761560440063477 355
2.6938440799713135 355
2.7025339603424072 354
2.710977554321289 354
2.7191646099090576 354
2.7286012172698975 355
2.737128496170044 355
2.745774030685425 355
2.754045009613037 354
2.7631406784057617 354
2.7718000411987305 354
2.7800755500793457 354
2.7899997234344482 354
2.797772169113159 354
2.806136131286621 354
2.8144752979278564 354
2.824610710144043 353
2.832876682281494 353
2.8425095081329346 354
2.850968599319458 354
2.859774351119995 354
2.867065668106079 353
2.8757705688476562 353
2.884167194366455 353
2.8941709995269775 354
2.9025254249572754 354
2.9109697341918945 355
2.919269561767578 354
2.9299709796905518 353
2.938950300216675 353
2.946836471557617 353
2.9565834999084473 353
2.9649360179901123 353
2.9751086235046387 353
2.9840798377990723 353
2.993220329284668 353
3.0020346641540527 354
3.01033616065979 354
3.0184929370880127 353
3.0282905101776123 353
3.0361199378967285 353
3.0455715656280518 353
3.0547258853912354 354
3.0632123947143555 354
3.071854591369629 354
3.0841643810272217 353
3.094256639480591 353
3.1026298999786377 353
3.111032009124756 353
3.119649648666382 353
3.129680633544922 353
3.1369521617889404 353
3.1464948654174805 353
3.155527114868164 353
3.164299964904785 353
3.1725916862487793 352
3.1812195777893066 352
3.190532684326172 353
3.1999361515045166 353
3.207287073135376 353
3.215940237045288 353
3.22584867477417 353
3.2341558933258057 352
3.2436270713806152 352
3.2520389556884766 353
3.2617785930633545 353
3.2701103687286377 353
3.278270721435547 352
3.286787271499634 352
3.2962968349456787 352
3.304718255996704 353
3.312983274459839 353
3.3346951007843018 352
3.3431236743927 351
3.3535428047180176 350
3.362668037414551 351
3.3711600303649902 351
3.3799006938934326 352
3.3965046405792236 353
3.4049456119537354 353
3.4131054878234863 353
3.422571897506714 353
3.4318628311157227 353
3.4410009384155273 353
3.45284104347229 352
3.461601495742798 352
3.47041392326355 352
3.4827566146850586 353
3.49200439453125 353
3.5017125606536865 353
3.509998083114624 352
3.51782488822937 352
3.527208089828491 352
3.535801887512207 352
3.544161319732666 352
3.5542449951171875 353
3.562537908554077 353
3.5717153549194336 352
3.580155849456787 352
3.589284658432007 352
3.597024917602539 353
3.606748342514038 353
3.6152217388153076 353
3.6246132850646973 352
3.632985830307007 352
3.6419517993927 351
3.6518521308898926 351
3.660339117050171 352
3.6686325073242188 353
3.676442861557007 353
3.6856846809387207 353
3.6943094730377197 352
3.703807830810547 351
3.7123818397521973 351
3.723026752471924 351
3.735682725906372 352
3.746978998184204 353
3.76155686378479 352
3.772858142852783 351
3.7850821018218994 351
3.7962002754211426 351
3.8120980262756348 352
3.8226537704467773 352
3.8328282833099365 352
3.8417584896087646 352
3.8506336212158203 352
3.860173225402832 352
3.868415117263794 352
3.8811068534851074 352
3.8903956413269043 352
3.898627519607544 352
3.9083073139190674 352
3.9167394638061523 352
3.926574230194092 352
3.9349472522735596 352
3.9430809020996094 352
3.9529387950897217 352
3.962682008743286 352
3.971569299697876 352
3.9798390865325928 352
3.9887490272521973 352
3.9965932369232178 351
4.0050225257873535 351
4.014322996139526 351
4.023534536361694 351
4.032600402832031 351
4.041030168533325 351
4.050118446350098 351
4.059666872024536 351
4.067033529281616 351
4.0757105350494385 351
4.085644483566284 351
4.093876600265503 351
4.102389812469482 351
4.1118645668029785 351
4.120798110961914 351
4.1300880908966064 351
4.137882232666016 351
4.146225929260254 351
4.154917240142822 351
4.164208173751831 351
4.1724817752838135 351
4.1809070110321045 351
4.189939975738525 351
4.197229623794556 351
4.206031799316406 351
4.2161865234375 351
4.225718975067139 351
4.234174728393555 351
4.242499589920044 351
4.2511491775512695 351
4.260584592819214 351
4.268908500671387 351
4.282139301300049 351
4.291284799575806 351
4.299917697906494 351
4.307243824005127 351
4.317824125289917 351
4.3268280029296875 351
4.335505962371826 351
4.343619346618652 351
4.352740287780762 351
4.36229944229126 351
4.370614528656006 351
4.378866195678711 351
4.38886022567749 351
4.39668869972229 351
4.405096769332886 351
4.4156951904296875 351
4.424794912338257 351
4.4330785274505615 351
4.44202446937561 351
4.451115131378174 350
4.459936857223511 350
4.471189022064209 350
4.480128288269043 350
4.488779544830322 350
4.496729373931885 350
4.505633115768433 350
4.515786170959473 350
4.524670362472534 350
4.532941102981567 350
4.541649103164673 350
4.550578832626343 350
4.558832168579102 350
4.568467855453491 350
4.576239585876465 350
4.585043907165527 350
4.593169927597046 350
4.602096796035767 350
4.611105680465698 350
4.621565818786621 350
4.630593299865723 350
4.638852834701538 350
4.647024393081665 350
4.655732154846191 350
4.664004325866699 350
4.673151969909668 350
4.68608021736145 350
4.694491147994995 350
4.703255653381348 350
4.714094638824463 350
4.72505521774292 350
4.733218669891357 350
4.742449045181274 350
4.752206325531006 350
4.761705160140991 350
4.7709550857543945 350
4.779868841171265 350
4.790126085281372 350
4.798823833465576 350
4.806759834289551 350
4.816649675369263 350
4.827096223831177 350
4.835782289505005 350
4.844620943069458 350
4.852829933166504 350
4.861771106719971 350
4.870987176895142 350
4.8799824714660645 350
4.887809991836548 350
4.8960864543914795 350
4.904821395874023 349
4.914095401763916 349
4.925206661224365 350
4.933616399765015 350
4.9420692920684814 350
4.950911045074463 350
4.9591779708862305 349
4.9668238162994385 349
4.97887396812439 349
4.986821889877319 349
4.995481252670288 349
