0 0
0.014633417129516602 0
0.030794858932495117 0
0.05065464973449707 2
0.06849408149719238 7
0.08826446533203125 14
0.09976077079772949 19
0.10824155807495117 24
0.11767578125 29
0.12609386444091797 34
0.13907098770141602 42
0.14916729927062988 49
0.15802574157714844 54
0.16712236404418945 61
0.17809152603149414 70
0.18754291534423828 76
0.1959362030029297 83
0.20565009117126465 89
0.21459674835205078 96
0.22255802154541016 101
0.23124980926513672 108
0.23986458778381348 115
0.24978137016296387 123
0.2583310604095459 129
0.2677030563354492 137
0.2770214080810547 145
0.28633832931518555 151
0.29472851753234863 159
0.3043355941772461 167
0.31270527839660645 174
0.3216257095336914 180
0.3301718235015869 186
0.3385937213897705 194
0.34792232513427734 203
0.3576846122741699 209
0.36606669425964355 216
0.37561821937561035 224
0.38442349433898926 232
0.3925209045410156 237
0.40201473236083984 245
0.4104878902435303 253
0.41973376274108887 259
0.4281318187713623 265
0.4364609718322754 272
0.445667028427124 277
0.45487499237060547 283
0.4627406597137451 287
0.47293829917907715 291
0.48232173919677734 294
0.49076199531555176 299
0.49910664558410645 303
0.5088284015655518 308
0.5183439254760742 312
0.5269618034362793 315
0.5400063991546631 319
0.5488007068634033 322
0.5584890842437744 323
0.5675890445709229 325
0.5788717269897461 328
0.587597131729126 330
0.5960791110992432 334
0.6056509017944336 336
0.6143054962158203 338
0.6222579479217529 338
0.6307637691497803 339
0.6390879154205322 340
0.6485319137573242 342
0.6581192016601562 344
0.6665127277374268 345
0.6777465343475342 346
0.6864972114562988 346
0.6948747634887695 346
0.7027192115783691 346
0.7128205299377441 348
0.7212491035461426 350
0.7298047542572021 350
0.7382726669311523 351
0.7478253841400146 351
0.7571649551391602 350
0.765723705291748 351
0.7747292518615723 352
0.78291916847229 353
0.7916512489318848 353
0.7998771667480469 353
0.8103647232055664 352
0.8186285495758057 352
0.827176570892334 354
0.8358018398284912 354
0.8446571826934814 356
0.852592945098877 356
0.8620772361755371 355
0.8717360496520996 354
0.8809611797332764 354
0.8890979290008545 354
0.8977329730987549 354
0.9059677124023438 355
0.9161155223846436 356
0.9243297576904297 357
0.9378349781036377 357
0.9468002319335938 356
0.9555854797363281 356
0.964836835861206 355
0.977973461151123 356
0.9864335060119629 357
0.9956643581390381 357
1.0029611587524414 356
1.0130643844604492 356
1.023059368133545 356
1.0346744060516357 357
1.0431973934173584 357
1.0520777702331543 358
1.0616488456726074 357
1.0709052085876465 356
1.0796020030975342 356
1.0890421867370605 357
1.0978257656097412 357
1.1062180995941162 357
1.1161155700683594 357
1.1242547035217285 357
1.1320793628692627 356
1.1415691375732422 356
1.149822473526001 356
1.158172845840454 357
1.1679778099060059 357
1.1779580116271973 357
1.1861984729766846 356
1.1945230960845947 356
1.2023811340332031 356
1.212205410003662 356
1.221639633178711 356
1.2301597595214844 357
1.2384710311889648 357
1.2476317882537842 356
1.256256341934204 356
1.2657208442687988 356
1.275731086730957 356
1.2843809127807617 357
1.2928013801574707 356
1.3015601634979248 356
1.310483694076538 356
1.3199560642242432 356
1.328190803527832 356
1.3420238494873047 356
1.3504858016967773 357
1.3589434623718262 357
1.3686001300811768 356
1.3788132667541504 355
1.387986421585083 355
1.3963770866394043 356
1.4048457145690918 356
1.435831069946289 354
1.44803786277771 353
1.45928955078125 352
1.4743399620056152 354
1.486130714416504 356
1.496121883392334 357
1.5044198036193848 358
1.5127696990966797 357
1.5223209857940674 356
1.5310182571411133 356
1.54020357131958 355
1.5486245155334473 355
1.5570130348205566 356
1.5656282901763916 356
1.5764880180358887 356
1.584691047668457 356
1.5926201343536377 356
1.6030540466308594 356
1.611976146697998 356
1.621074914932251 356
1.6292471885681152 355
1.6385080814361572 355
1.6470708847045898 355
1.655651569366455 355
1.6631159782409668 356
1.6732509136199951 355
1.682084321975708 355
1.690476655960083 354
1.699183464050293 355
1.7083380222320557 356
1.7166390419006348 357
1.7263143062591553 357
1.7387301921844482 356
1.7476484775543213 355
1.7561471462249756 355
1.7643520832061768 355
1.774815559387207 356
1.7827553749084473 356
1.7915737628936768 356
1.7998168468475342 355
1.8088066577911377 354
1.8176178932189941 354
1.8269870281219482 354
1.8352537155151367 355
1.844435214996338 355
1.8522367477416992 355
1.8605501651763916 355
1.868943452835083 355
1.8797540664672852 354
1.888392686843872 354
1.8967664241790771 354
1.9066357612609863 355
1.9149329662322998 355
1.9228107929229736 355
1.9322004318237305 355
1.9410152435302734 354
1.9497499465942383 354
1.958080530166626 354
1.9662768840789795 355
1.97617506980896 355
1.985671043395996 355
1.9929375648498535 355
2.0015947818756104 354
2.0130319595336914 354
2.0217206478118896 354
2.030956745147705 354
2.0397884845733643 354
2.0482451915740967 354
2.056595802307129 354
2.064821720123291 354
2.0752694606781006 354
2.084690809249878 354
2.0924806594848633 354
2.1007556915283203 354
2.1109046936035156 354
2.119029998779297 354
2.1278324127197266 354
2.1417720317840576 354
2.1500892639160156 354
2.1585636138916016 354
2.1671175956726074 353
2.177133798599243 353
2.186584949493408 354
2.1949050426483154 354
2.203233003616333 354
2.2124269008636475 354
2.2206716537475586 353
2.22902250289917 353
2.239072561264038 353
2.2478396892547607 353
2.256103754043579 354
2.264380931854248 354
2.2742598056793213 354
2.2828640937805176 353
2.2916934490203857 353
2.299976110458374 352
2.3099727630615234 353
2.31838059425354 353
2.3266472816467285 354
2.3365423679351807 354
2.344752550125122 353
2.3526854515075684 352
2.3611044883728027 352
2.3710827827453613 353
2.379606246948242 353
2.3888983726501465 354
2.3976402282714844 353
2.4064671993255615 352
2.415663957595825 352
2.423013925552368 352
2.431774139404297 352
2.441999673843384 352
2.4502222537994385 352
2.4584977626800537 353
2.467924118041992 353
2.477130174636841 352
2.486661434173584 352
2.4949283599853516 352
2.503129720687866 352
2.511747360229492 352
2.5243968963623047 352
2.532837152481079 352
2.547820806503296 352
2.5565707683563232 352
2.5648515224456787 352
2.5765397548675537 351
2.58677077293396 351
2.5961031913757324 351
2.605804443359375 352
2.6131348609924316 352
2.622314929962158 352
2.6307618618011475 351
2.6422479152679443 351
2.6504733562469482 352
2.658857822418213 352
2.6681227684020996 352
2.6772708892822266 352
2.6857519149780273 351
2.6955456733703613 351
2.7044100761413574 351
2.7122042179107666 351
2.720640182495117 352
2.728965997695923 352
2.7379491329193115 351
2.747288227081299 350
2.7558441162109375 350
2.7631192207336426 351
2.773123264312744 352
2.7818806171417236 352
2.7912192344665527 351
2.800337791442871 350
2.8086905479431152 350
2.8171706199645996 350
2.8257946968078613 350
2.8345394134521484 351
2.843273401260376 351
2.8521063327789307 351
2.8607735633850098 351
2.8704614639282227 351
2.8787553310394287 351
2.8876285552978516 350
2.897214412689209 350
2.905890464782715 351
2.9137909412384033 351
2.922022581100464 351
2.9317243099212646 351
2.945622205734253 351
2.95297908782959 351
2.961883068084717 350
2.9791321754455566 350
2.9890518188476562 350
2.9991660118103027 351
3.008441686630249 351
3.016887664794922 351
3.0249531269073486 351
3.0365827083587646 351
3.0460381507873535 351
3.0538647174835205 350
3.0621488094329834 350
3.072049617767334 350
3.080305814743042 350
3.0901172161102295 350
3.100024938583374 350
3.1083288192749023 350
3.11664080619812 350
3.1248552799224854 350
3.133152723312378 350
3.1417996883392334 350
3.151047945022583 350
3.1591598987579346 350
3.1686367988586426 349
3.1779985427856445 349
3.1862947940826416 350
3.1946158409118652 350
3.2044098377227783 350
3.2123939990997314 349
3.22102427482605 348
3.23152494430542 348
3.2397780418395996 349
3.2490856647491455 350
3.257758140563965 351
3.266916275024414 351
3.2759740352630615 350
3.2838826179504395 349
3.292123556137085 349
3.3022568225860596 349
3.3105225563049316 350
3.3188445568084717 350
3.328127384185791 350
3.336786985397339 349
3.3505890369415283 349
3.359055280685425 349
3.375706195831299 350
3.3830740451812744 349
3.392017364501953 349
3.401956558227539 348
3.4102535247802734 349
3.418684720993042 350
3.4279396533966064 350
3.4368832111358643 350
3.445552349090576 349
3.4547536373138428 348
3.4632253646850586 348
3.4727516174316406 349
3.481694459915161 350
3.492316961288452 350
3.5064244270324707 350
3.51751446723938 350
3.5295519828796387 348
3.5416953563690186 348
3.552907705307007 350
3.5670673847198486 351
3.579738140106201 350
3.591498374938965 348
3.603079319000244 347
3.6128039360046387 346
3.621621608734131 346
3.6306841373443604 347
3.639080286026001 347
3.648373603820801 348
3.6581499576568604 347
3.6672019958496094 346
3.6765806674957275 346
3.6848554611206055 346
3.6942408084869385 347
3.702178716659546 348
3.7117600440979004 348
3.7200276851654053 348
3.7290573120117188 347
3.7379629611968994 346
3.7507364749908447 346
3.760977029800415 346
3.7703778743743896 347
3.778857707977295 348
3.7876667976379395 348
3.796788454055786 347
3.804884672164917 346
3.814668893814087 346
3.8225226402282715 346
3.8315589427948 346
3.839888095855713 347
3.848238945007324 347
3.8565621376037598 346
3.8676557540893555 346
3.8768794536590576 346
3.884906053543091 346
3.8931057453155518 347
3.901887893676758 347
3.911040782928467 347
3.919178009033203 346
3.9286305904388428 346
3.9371421337127686 345
3.9457783699035645 346
3.954559564590454 346
3.964596748352051 347
3.973188638687134 347
3.981822967529297 346
3.9903924465179443 346
3.999279022216797 345
4.00809383392334 346
4.017591238021851 346
4.026238203048706 346
4.034585952758789 347
4.042421817779541 346
4.051087141036987 346
4.060164213180542 346
4.069734334945679 346
4.0798749923706055 346
4.088280916213989 346
4.097964763641357 346
4.1076624393463135 346
4.117284774780273 346
4.126141309738159 346
4.1343724727630615 346
4.142188549041748 346
4.156275510787964 346
4.166409730911255 346
4.176503419876099 346
4.185961008071899 346
4.194935321807861 346
4.204671382904053 345
4.212652921676636 345
4.222595453262329 345
4.232372522354126 346
4.241566896438599 346
4.251196622848511 346
4.261098861694336 345
4.271670341491699 344
4.279986381530762 345
4.288467645645142 345
4.297731399536133 346
4.305976390838623 346
4.314291000366211 345
4.324419975280762 345
4.332214593887329 345
4.340519666671753 346
4.349029064178467 346
4.358160734176636 345
4.3682239055633545 344
4.377634763717651 344
4.386059045791626 345
4.395550012588501 346
4.403021335601807 346
4.412721633911133 345
4.424622058868408 344
4.432921886444092 343
4.442354917526245 344
4.45067286491394 344
4.459724187850952 345
4.470610857009888 346
4.4790472984313965 345
4.487799882888794 344
4.497937917709351 344
4.50717568397522 344
4.516286849975586 344
4.5263495445251465 345
4.534618616104126 345
4.542401313781738 345
4.556048393249512 344
4.5655131340026855 344
4.576546669006348 344
4.584775686264038 344
4.594395637512207 344
4.602632284164429 344
4.6120524406433105 344
4.624611854553223 344
4.632468938827515 344
4.640737295150757 344
4.6491453647613525 344
4.658139944076538 344
4.667010307312012 344
4.677579641342163 343
4.6860010623931885 344
4.694875717163086 344
4.7026777267456055 344
4.711244821548462 344
4.719575881958008 344
4.7295286655426025 343
4.738109588623047 343
4.746373414993286 343
4.755150079727173 344
4.762868881225586 344
4.772506475448608 344
4.782160043716431 343
4.791619300842285 343
4.799871206283569 343
4.808256149291992 343
4.816568613052368 343
4.825783729553223 343
4.834807634353638 343
4.842626571655273 343
4.850951910018921 343
4.860109806060791 343
4.869089365005493 343
4.879061937332153 342
4.88863468170166 342
4.897060871124268 343
4.905776739120483 343
4.913179636001587 344
4.922626972198486 342
4.932088851928711 342
4.940332889556885 342
4.953010559082031 343
4.961815595626831 344
4.976292371749878 343
4.986182451248169 342
4.9945526123046875 340
