0 0
0.012345314025878906 0
0.03362441062927246 0
0.0503542423248291 2
0.06621217727661133 6
0.08538508415222168 11
0.09372973442077637 15
0.1029360294342041 19
0.11126255989074707 23
0.11962175369262695 29
0.12842988967895508 35
0.13889861106872559 40
0.14735174179077148 45
0.15575289726257324 51
0.1648721694946289 57
0.17336058616638184 62
0.18204069137573242 69
0.19156503677368164 76
0.20174789428710938 84
0.21136045455932617 90
0.21973848342895508 97
0.22841191291809082 105
0.2434072494506836 114
0.2521052360534668 122
0.2610621452331543 130
0.2721128463745117 138
0.2807931900024414 144
0.2899961471557617 152
0.298433780670166 158
0.30742979049682617 164
0.3158857822418213 172
0.32436370849609375 182
0.33768129348754883 188
0.3470489978790283 197
0.3554539680480957 203
0.36500000953674316 212
0.3735780715942383 218
0.383303165435791 226
0.3929557800292969 234
0.40192341804504395 242
0.4104039669036865 249
0.41948437690734863 257
0.42986154556274414 265
0.43953919410705566 272
0.4503593444824219 278
0.4579966068267822 284
0.4673454761505127 288
0.4756927490234375 293
0.48411107063293457 297
0.4946787357330322 302
0.5031261444091797 306
0.5115118026733398 309
0.5198464393615723 314
0.5306413173675537 317
0.5381293296813965 320
0.5479185581207275 322
0.5566959381103516 324
0.5652956962585449 326
0.5737338066101074 329
0.5823907852172852 332
0.5918078422546387 336
0.6014106273651123 338
0.6096248626708984 340
0.6175594329833984 340
0.6279017925262451 340
0.6423020362854004 340
0.6510844230651855 342
0.6594083309173584 344
0.6681392192840576 345
0.6768076419830322 346
0.6850988864898682 346
0.6953916549682617 346
0.7037296295166016 347
0.712303638458252 348
0.720994234085083 349
0.7309179306030273 350
0.7382574081420898 350
0.747960090637207 350
0.7566924095153809 350
0.7653489112854004 351
0.7737002372741699 352
0.7824246883392334 354
0.7912089824676514 355
0.8012495040893555 355
0.8095345497131348 354
0.8173439502716064 353
0.8269319534301758 353
0.8351902961730957 353
0.8447506427764893 355
0.8534162044525146 356
0.8621597290039062 356
0.87064528465271 355
0.8780796527862549 355
0.8867411613464355 355
0.896813154220581 356
0.905397891998291 357
0.9137768745422363 358
0.9223775863647461 359
0.9333992004394531 359
0.9417126178741455 358
0.9520959854125977 358
0.9616539478302002 358
0.9698586463928223 358
0.9776442050933838 358
0.9861245155334473 359
0.9952914714813232 360
1.0046935081481934 359
1.0132548809051514 359
1.0221948623657227 358
1.0328097343444824 359
1.0456373691558838 360
1.0555713176727295 361
1.0649292469024658 360
1.0735535621643066 360
1.0822365283966064 359
1.0912539958953857 359
1.1007897853851318 359
1.1082346439361572 360
1.11692476272583 360
1.1266460418701172 359
1.1355717182159424 358
1.1440463066101074 358
1.1537024974822998 359
1.1630818843841553 360
1.1713683605194092 360
1.179516077041626 359
1.1876449584960938 359
1.1969149112701416 359
1.2067854404449463 360
1.215101718902588 360
1.2241301536560059 360
1.2334165573120117 360
1.2419204711914062 360
1.2500147819519043 360
1.2598330974578857 359
1.267895221710205 359
1.2763197422027588 359
1.2844204902648926 359
1.2936437129974365 359
1.3030669689178467 360
1.311598300933838 359
1.319930076599121 358
1.3337810039520264 359
1.3430211544036865 360
1.3514246940612793 361
1.36149001121521 361
1.3696701526641846 360
1.3776524066925049 359
1.3863320350646973 358
1.3953306674957275 359
1.4047601222991943 360
1.413273572921753 361
1.421633243560791 361
1.4315736293792725 360
1.4444222450256348 359
1.453390121459961 359
1.4654548168182373 359
1.474348545074463 360
1.4830374717712402 361
1.491736888885498 361
1.5000176429748535 361
1.5096116065979004 360
1.5174312591552734 359
1.5274033546447754 359
1.535766839981079 359
1.544729471206665 360
1.553299903869629 360
1.563297986984253 359
1.5719456672668457 358
1.580359697341919 358
1.5893666744232178 358
1.5972113609313965 359
1.6056361198425293 360
1.615149974822998 360
1.6247210502624512 359
1.6338341236114502 358
1.6430103778839111 357
1.6514208316802979 357
1.661503553390503 358
1.6698880195617676 359
1.6777820587158203 359
1.686363935470581 359
1.6954882144927979 359
1.7038769721984863 358
1.7135236263275146 358
1.7223756313323975 358
1.7317829132080078 359
1.739978313446045 359
1.7482972145080566 359
1.757646083831787 359
1.7670619487762451 359
1.7753076553344727 358
1.7837576866149902 358
1.7929832935333252 358
1.8015131950378418 359
1.8109424114227295 360
1.8188939094543457 359
1.8282699584960938 358
1.8371624946594238 358
1.8513312339782715 359
1.861788272857666 360
1.8707051277160645 360
1.8780772686004639 359
1.8872897624969482 358
1.8957345485687256 358
1.9039440155029297 358
1.9135024547576904 358
1.9227416515350342 358
1.9327733516693115 358
1.9409706592559814 358
1.9482369422912598 358
1.9578557014465332 358
1.9715209007263184 358
1.9832470417022705 358
1.9947471618652344 358
2.008025646209717 358
2.0217819213867188 358
2.0336506366729736 358
2.0447418689727783 358
2.053755760192871 358
2.062140464782715 358
2.071446180343628 358
2.0796258449554443 358
2.0879409313201904 358
2.0966837406158447 358
2.105106830596924 358
2.1133484840393066 358
2.1232173442840576 358
2.1327297687530518 358
2.1409289836883545 358
2.1482291221618652 358
2.157972574234009 358
2.1675500869750977 358
2.175814390182495 358
2.184177875518799 358
2.1931140422821045 358
2.201345443725586 358
2.20945405960083 358
2.2194929122924805 358
2.228100299835205 358
2.2367327213287354 358
2.249941825866699 358
2.2597458362579346 358
2.268432378768921 358
2.2772438526153564 358
2.28668212890625 358
2.2947728633880615 358
2.3032023906707764 358
2.311432123184204 358
2.321483612060547 358
2.338026762008667 358
2.346968173980713 358
2.355660915374756 358
2.364306688308716 358
2.373711347579956 358
2.384002447128296 358
2.393547773361206 358
2.402113914489746 358
2.4103593826293945 358
2.4184000492095947 358
2.428234577178955 358
2.4368669986724854 358
2.4466285705566406 358
2.455528497695923 358
2.464340925216675 358
2.4738285541534424 358
2.482673406600952 358
2.491598606109619 358
2.499765157699585 358
2.507540464401245 358
2.515803813934326 358
2.5270578861236572 358
2.5353052616119385 358
2.5435633659362793 358
2.5523178577423096 358
2.5608088970184326 358
2.568129777908325 358
2.577683448791504 358
2.586909055709839 358
2.5951709747314453 358
2.603415012359619 358
2.6117429733276367 358
2.6209588050842285 358
2.631227970123291 358
2.6394073963165283 358
2.6521055698394775 358
2.6606595516204834 358
2.6683950424194336 358
2.6780171394348145 358
2.6872265338897705 358
2.6955628395080566 358
2.7039363384246826 358
2.7123992443084717 358
2.721377372741699 358
2.731478452682495 358
2.7396931648254395 358
2.7476513385772705 358
2.756852149963379 358
2.7655322551727295 357
2.774144411087036 358
2.7843592166900635 358
2.7930357456207275 358
2.8012959957122803 358
2.809478998184204 358
2.8177905082702637 357
2.828352689743042 357
2.8370003700256348 356
2.84523606300354 357
2.8541018962860107 357
2.8627655506134033 357
2.8715808391571045 358
2.882028102874756 358
2.8900930881500244 357
2.897984266281128 356
2.906754493713379 356
2.915708303451538 357
2.925729751586914 358
2.935359239578247 358
2.943763256072998 358
2.954143762588501 357
2.9637749195098877 356
2.972348928451538 356
2.9827938079833984 357
2.9912900924682617 358
2.9995503425598145 358
3.0075759887695312 358
3.017209053039551 358
3.026825189590454 357
3.0360913276672363 356
3.047471046447754 357
3.0574111938476562 358
3.066195487976074 358
3.0744175910949707 358
3.085212230682373 357
3.09370756149292 356
3.102269411087036 356
3.1107988357543945 356
3.119537115097046 357
3.1282832622528076 358
3.1380083560943604 358
3.147275447845459 358
3.1555540561676025 357
3.1640286445617676 356
3.172879219055176 356
3.182401657104492 357
3.1920368671417236 358
3.2004096508026123 358
3.207995891571045 358
3.2172138690948486 358
3.226382255554199 357
3.235849380493164 356
3.2442173957824707 356
3.2535431385040283 356
3.2621114253997803 357
3.2707407474517822 357
3.278107166290283 357
3.2882184982299805 356
3.296976089477539 356
3.305351734161377 356
3.3140721321105957 356
3.322777271270752 357
3.3317675590515137 357
3.3474600315093994 356
3.3559136390686035 355
3.3643813133239746 355
3.3730318546295166 355
3.3820619583129883 356
3.39166259765625 356
3.3998830318450928 357
3.408010721206665 357
3.417294979095459 356
3.4270212650299072 356
3.435365915298462 355
3.4454338550567627 356
3.4576525688171387 356
3.467479944229126 356
3.475895404815674 355
3.4854962825775146 355
3.4953770637512207 356
3.50382924079895 356
3.512988567352295 356
3.5213730335235596 356
3.53031849861145 356
3.537899971008301 356
3.54813289642334 356
3.556790828704834 356
3.564988851547241 356
3.573554515838623 357
3.5829250812530518 356
3.5929908752441406 356
3.6014533042907715 356
3.6097166538238525 356
3.6179184913635254 356
3.627314805984497 356
3.635606050491333 355
3.6459007263183594 355
3.654320001602173 356
3.663221836090088 356
3.6715221405029297 356
3.6803619861602783 356
3.6879355907440186 356
3.6979103088378906 356
3.7062430381774902 356
3.7153029441833496 356
3.723703145980835 357
3.7332868576049805 357
3.741607904434204 356
3.751600980758667 356
3.759854555130005 356
3.7677011489868164 356
3.776949882507324 356
3.7854080200195312 356
3.7947168350219727 355
3.8033533096313477 355
3.812121629714966 356
3.820741653442383 356
3.829671621322632 356
3.837510824203491 356
3.8522493839263916 355
3.860994815826416 355
3.8682591915130615 355
3.877763271331787 356
3.886251926422119 356
3.8943910598754883 356
3.9097371101379395 356
3.9176812171936035 356
3.9277689456939697 356
3.936152935028076 356
3.9453632831573486 356
3.956822395324707 356
3.965620517730713 356
3.9738547801971436 356
3.98290753364563 356
3.9911715984344482 356
4.001087665557861 356
4.009991884231567 356
4.019994258880615 356
4.029423952102661 356
4.0373053550720215 356
4.048418283462524 356
4.061783790588379 356
4.072941780090332 356
4.085697412490845 356
4.097599506378174 356
4.11283278465271 356
4.124178171157837 356
4.136817455291748 356
4.148414611816406 356
4.157899856567383 356
4.166203498840332 356
4.176055431365967 356
4.185818910598755 356
4.19520378112793 356
4.205209493637085 356
4.215589284896851 356
4.224015951156616 356
4.233097791671753 356
4.24200963973999 356
4.254910707473755 356
4.263524293899536 356
4.272094488143921 356
4.281359910964966 356
4.289509534835815 356
4.297300100326538 356
4.30785346031189 356
4.316244840621948 356
4.325666189193726 356
4.33393669128418 356
4.343015909194946 356
4.351313352584839 356
4.360851287841797 356
4.368299961090088 355
4.377475023269653 355
4.3859546184539795 356
4.394341707229614 356
4.402972459793091 356
4.412760496139526 355
4.421227931976318 355
4.430652379989624 355
4.438130855560303 356
4.447307109832764 356
4.455669641494751 356
4.4651196002960205 355
4.473998785018921 354
4.482814311981201 354
4.491107225418091 355
4.49944543838501 356
4.509746313095093 356
4.517980337142944 355
4.530686140060425 354
4.538162469863892 354
4.54715633392334 354
4.555402994155884 355
4.565173149108887 356
4.574081897735596 356
4.582805633544922 355
4.591294527053833 354
4.599587917327881 354
4.607986211776733 354
4.617956876754761 354
4.627722978591919 355
4.636180639266968 355
4.644924640655518 355
4.657148361206055 355
4.666360139846802 356
4.675757169723511 356
4.684340715408325 355
4.693229913711548 355
4.701521158218384 354
4.711496353149414 355
4.7203638553619385 355
4.729501485824585 356
4.737435817718506 356
4.7468178272247314 355
4.7552525997161865 355
4.764732599258423 354
4.7737717628479 355
4.782384872436523 356
4.79095458984375 356
4.798274755477905 356
4.8075268268585205 355
4.817629337310791 354
4.827423334121704 354
4.835722208023071 354
4.844940900802612 355
4.853504657745361 356
4.862192630767822 356
4.872072458267212 355
4.88071084022522 354
4.8881635665893555 354
4.896860599517822 354
4.9057536125183105 354
4.915254592895508 355
4.9238104820251465 356
4.933745861053467 356
4.943032741546631 355
4.951570987701416 354
4.9598729610443115 353
4.969438552856445 353
4.977758169174194 354
4.986830711364746 354
4.995112657546997 355
