0 0
0.011493682861328125 0
0.031009912490844727 0
0.051978111267089844 2
0.06894040107727051 7
0.08903384208679199 15
0.09743809700012207 18
0.10697746276855469 23
0.11574721336364746 28
0.12985587120056152 36
0.1373002529144287 42
0.14701223373413086 47
0.15650677680969238 53
0.1657721996307373 60
0.17406845092773438 65
0.18271803855895996 71
0.19276976585388184 78
0.20267581939697266 87
0.2127702236175537 93
0.22214388847351074 101
0.2305314540863037 107
0.23894500732421875 115
0.2484879493713379 121
0.257049560546875 129
0.265993595123291 135
0.27490949630737305 143
0.2841930389404297 149
0.29338884353637695 157
0.30214715003967285 164
0.3119387626647949 172
0.3269627094268799 185
0.34081196784973145 196
0.3507499694824219 204
0.35907602310180664 211
0.3669750690460205 217
0.37625646591186523 224
0.3858933448791504 232
0.3952960968017578 240
0.40470075607299805 249
0.41306138038635254 255
0.42252016067504883 262
0.4310152530670166 270
0.4399242401123047 277
0.45003747940063477 285
0.45738983154296875 291
0.4660637378692627 298
0.4744129180908203 305
0.4833829402923584 312
0.4921720027923584 317
0.5014894008636475 323
0.5109920501708984 327
0.5234134197235107 332
0.5322587490081787 335
0.5406937599182129 339
0.5507669448852539 341
0.5590660572052002 342
0.5670475959777832 343
0.5759110450744629 345
0.5850164890289307 346
0.593278169631958 347
0.6028103828430176 349
0.6126687526702881 351
0.622560977935791 352
0.6310014724731445 352
0.6391489505767822 352
0.648932695388794 353
0.6568272113800049 353
0.6651599407196045 354
0.6733405590057373 355
0.6832385063171387 356
0.6919889450073242 356
0.7013952732086182 356
0.7117607593536377 355
0.721280574798584 355
0.7297224998474121 356
0.7371301651000977 357
0.745966911315918 357
0.7557520866394043 357
0.764176607131958 357
0.7724263668060303 357
0.7820959091186523 357
0.790316104888916 357
0.7984850406646729 357
0.8088912963867188 357
0.8170106410980225 358
0.8256914615631104 358
0.8340809345245361 358
0.8424301147460938 358
0.8527100086212158 357
0.8613114356994629 357
0.8697330951690674 358
0.8770878314971924 359
0.8897483348846436 358
0.9026045799255371 357
0.9158620834350586 355
0.9334595203399658 356
0.9450235366821289 358
0.9589593410491943 360
0.966968297958374 361
0.9758307933807373 360
0.9851515293121338 359
0.9932773113250732 359
1.0019617080688477 358
1.015869140625 359
1.024864912033081 360
1.0330874919891357 360
1.0419127941131592 360
1.0506622791290283 359
1.0606911182403564 359
1.070709466934204 359
1.079930305480957 359
1.0885429382324219 359
1.096484661102295 358
1.1068065166473389 358
1.1160812377929688 358
1.1258552074432373 358
1.1340625286102295 358
1.1424448490142822 358
1.1513252258300781 358
1.1608030796051025 358
1.1690702438354492 358
1.1769132614135742 357
1.18589448928833 357
1.194080114364624 358
1.2025904655456543 358
1.2133562564849854 358
1.2222325801849365 357
1.2305841445922852 357
1.238802194595337 356
1.2472238540649414 356
1.2559306621551514 357
1.2651276588439941 357
1.2733008861541748 357
1.282315731048584 357
1.2912101745605469 356
1.2995021343231201 356
1.3094863891601562 356
1.3184723854064941 356
1.3317844867706299 357
1.3403925895690918 357
1.3490793704986572 356
1.3570783138275146 356
1.3666162490844727 356
1.3748672008514404 356
1.3839774131774902 357
1.3927974700927734 357
1.4013991355895996 357
1.4122169017791748 356
1.4205870628356934 355
1.4288220405578613 355
1.4366281032562256 355
1.4454619884490967 356
1.4539613723754883 357
1.4638097286224365 357
1.472214937210083 356
1.481426477432251 355
1.489905595779419 355
1.4971883296966553 355
1.5065865516662598 355
1.5166447162628174 356
1.5251638889312744 356
1.5333259105682373 357
1.5421009063720703 356
1.551145315170288 355
1.559432029724121 355
1.5687408447265625 355
1.577183723449707 355
1.5859363079071045 356
1.594348669052124 356
1.6032075881958008 355
1.6147871017456055 355
1.623063087463379 355
1.6328027248382568 355
1.6431162357330322 355
1.6517860889434814 355
1.6599860191345215 355
1.6689550876617432 355
1.6771368980407715 355
1.6858031749725342 355
1.6939868927001953 355
1.7031190395355225 355
1.7129132747650146 355
1.7224619388580322 355
1.7346739768981934 355
1.7439587116241455 355
1.7524168491363525 355
1.7608280181884766 355
1.7701890468597412 355
1.7789311408996582 355
1.7867674827575684 355
1.7951202392578125 355
1.8048365116119385 355
1.8133387565612793 355
1.822906255722046 355
1.831355094909668 355
1.839860439300537 355
1.8485698699951172 355
1.8564066886901855 355
1.8647212982177734 355
1.8749465942382812 355
1.8833131790161133 355
1.8919398784637451 355
1.9003145694732666 355
1.9104151725769043 355
1.919466257095337 355
1.9270386695861816 355
1.935462236404419 355
1.944631576538086 355
1.952890157699585 355
1.9613978862762451 355
1.9706614017486572 355
1.9795022010803223 355
1.9870760440826416 354
1.9958999156951904 354
2.008012294769287 354
2.0162196159362793 354
2.0253939628601074 354
2.033452272415161 354
2.0427215099334717 354
2.0511064529418945 354
2.05912709236145 354
2.0670201778411865 353
2.077024459838867 353
2.0858049392700195 354
2.094614028930664 355
2.103163480758667 355
2.1139886379241943 353
2.12334942817688 353
2.1364643573760986 353
2.146484613418579 353
2.154855251312256 353
2.163010835647583 354
2.171827793121338 354
2.1820068359375 354
2.1903135776519775 353
2.1985225677490234 353
2.2085001468658447 353
2.2162981033325195 353
2.2257843017578125 353
2.2340219020843506 353
2.242933988571167 353
2.2513442039489746 353
2.2599682807922363 353
2.2673285007476807 353
2.277425527572632 353
2.286017417907715 352
2.2944462299346924 352
2.3027994632720947 353
2.3127331733703613 353
2.3212342262268066 354
2.3308653831481934 353
2.3404505252838135 353
2.349081516265869 352
2.356874942779541 352
2.365429162979126 352
2.3747611045837402 353
2.3842356204986572 353
2.392653703689575 353
2.4011828899383545 353
2.410998582839966 352
2.420210599899292 352
2.4297027587890625 352
2.437039375305176 352
2.446012020111084 353
2.454383134841919 353
2.4626665115356445 353
2.4713668823242188 352
2.4812803268432617 352
2.4897775650024414 352
2.4970812797546387 352
2.50649094581604 352
2.5148191452026367 353
2.524026393890381 353
2.5388870239257812 352
2.5471482276916504 351
2.555940866470337 351
2.5642623901367188 351
2.5731582641601562 352
2.5826940536499023 352
2.591107130050659 351
2.5998382568359375 351
2.6097235679626465 351
2.6170308589935303 351
2.626143217086792 351
2.635427236557007 352
2.644582748413086 351
2.654897689819336 351
2.66404128074646 351
2.6729631423950195 351
2.6824920177459717 351
2.690762996673584 351
2.6989405155181885 351
2.7087035179138184 352
2.716506004333496 352
2.725863456726074 351
2.7350003719329834 351
2.744227170944214 350
2.75248646736145 351
2.760793447494507 351
2.7690367698669434 352
2.777252435684204 352
2.7871131896972656 351
2.79581618309021 351
2.805875301361084 351
2.8141028881073 351
2.8224382400512695 351
2.8312973976135254 351
2.8413853645324707 351
2.8498833179473877 351
2.8571953773498535 350
2.865905523300171 350
2.874752998352051 350
2.882983446121216 351
2.8924524784088135 351
2.9009876251220703 351
2.9111859798431396 350
2.9194891452789307 350
2.927028179168701 350
2.942180633544922 350
2.950530767440796 350
2.9588451385498047 351
2.9713358879089355 350
2.9828855991363525 349
2.9954493045806885 349
3.018954277038574 350
3.03179669380188 350
3.0444552898406982 350
3.0527303218841553 350
3.0620999336242676 350
3.0711255073547363 350
3.0797107219696045 349
3.0888969898223877 349
3.096683979034424 350
3.106508731842041 351
3.1148569583892822 351
3.1251769065856934 350
3.1352806091308594 349
3.144735813140869 348
3.152961254119873 348
3.161384344100952 349
3.1706154346466064 349
3.1788222789764404 350
3.1866376399993896 350
3.196152687072754 349
3.206371784210205 349
3.2146530151367188 349
3.2228991985321045 349
3.2313437461853027 349
3.241909980773926 349
3.250190496444702 349
3.257490396499634 349
3.266282796859741 349
3.2752439975738525 349
3.2833850383758545 349
3.2931160926818848 349
3.302523136138916 349
3.311856746673584 349
3.320272445678711 349
3.3280529975891113 349
3.341325044631958 349
3.3507814407348633 349
3.3590211868286133 349
3.374073028564453 349
3.3825957775115967 349
3.3908824920654297 349
3.4007651805877686 349
3.4101808071136475 349
3.418043613433838 349
3.426215171813965 349
3.435429811477661 349
3.4448509216308594 349
3.4531354904174805 349
3.461850643157959 349
3.4714901447296143 349
3.4799914360046387 349
3.487321138381958 349
3.4967703819274902 349
3.5067663192749023 349
3.5151331424713135 349
3.5233144760131836 348
3.5325660705566406 348
3.5409886837005615 348
3.550346851348877 349
3.558565855026245 349
3.567263126373291 349
3.575901508331299 348
3.5841760635375977 348
3.5924997329711914 347
3.6024389266967773 347
3.6122379302978516 348
3.6207144260406494 349
3.629056692123413 349
3.6394670009613037 349
3.6493608951568604 348
3.6570067405700684 347
3.666459321975708 347
3.6747782230377197 347
3.6831576824188232 348
3.6921513080596924 349
3.7018449306488037 349
3.7110836505889893 349
3.7191414833068848 348
3.727006673812866 348
3.7414910793304443 348
3.751786947250366 348
3.7601537704467773 348
3.7688512802124023 348
3.77667498588562 348
3.784919500350952 348
3.7931947708129883 347
3.804548740386963 347
3.8128905296325684 347
3.8214595317840576 347
3.8303232192993164 348
3.838958501815796 348
3.846756935119629 347
3.856769561767578 347
3.866075277328491 346
3.874297857284546 347
3.882632255554199 347
3.8909852504730225 346
3.9003233909606934 346
3.910675525665283 347
3.9189293384552 347
3.9269087314605713 347
3.936006784439087 347
3.9442391395568848 347
3.9543778896331787 346
3.9633657932281494 346
3.9720139503479004 347
3.980621099472046 347
3.9888832569122314 347
3.9973270893096924 346
4.011907339096069 345
4.020183324813843 345
4.028026580810547 345
4.036670923233032 345
4.045158624649048 346
4.053307771682739 346
4.064371824264526 345
4.072676658630371 345
4.08130669593811 345
4.089844703674316 345
4.098040580749512 345
4.1089208126068115 345
4.116773366928101 345
4.125181674957275 345
4.138737678527832 345
4.150320529937744 345
4.160539388656616 345
4.169435977935791 345
4.176985025405884 345
4.185393333435059 345
4.193467617034912 345
4.202688694000244 345
4.212867021560669 345
4.221753120422363 345
4.230352878570557 345
4.238548755645752 345
4.246367454528809 345
4.254687547683716 345
4.2652201652526855 345
4.273348331451416 345
4.282145261764526 345
4.290410995483398 345
4.29936408996582 345
4.308518886566162 345
4.31705379486084 345
4.325688600540161 345
4.33437705039978 345
4.342799663543701 345
4.3512492179870605 345
4.359708309173584 345
4.369881629943848 345
4.377185583114624 345
4.385823011398315 345
4.394433259963989 345
4.402862787246704 345
4.412887334823608 345
4.421400547027588 345
4.430570602416992 345
4.438787221908569 345
4.4466023445129395 345
4.454879522323608 345
4.466033697128296 345
4.474424362182617 345
4.482708930969238 345
4.491119384765625 345
4.500182867050171 345
4.509424686431885 345
4.51870059967041 345
4.527257680892944 345
4.54030442237854 345
4.5485100746154785 345
4.556462049484253 344
4.566500425338745 344
4.575463056564331 344
4.584043025970459 344
4.592425584793091 344
4.601925373077393 344
4.611403942108154 344
4.620793104171753 344
4.63000226020813 343
4.6373610496521 343
4.646230697631836 344
4.656094789505005 345
4.664860725402832 344
4.674355506896973 343
4.682694911956787 343
4.691110372543335 343
4.700525760650635 343
4.709872245788574 343
4.718889474868774 343
4.726998567581177 343
4.735804557800293 343
4.743997812271118 343
4.75236177444458 343
4.761320352554321 343
4.770625829696655 343
4.778850555419922 343
4.7866973876953125 343
4.795874834060669 343
4.8048317432403564 343
4.813212871551514 343
4.822821855545044 343
4.8321027755737305 343
4.84037971496582 343
4.848547697067261 343
4.856378555297852 343
4.865020036697388 343
4.875033617019653 343
4.883390665054321 343
4.892479419708252 343
4.900781631469727 343
4.910132884979248 343
4.917428493499756 343
4.927488327026367 343
4.9361419677734375 343
4.948981523513794 343
4.956860065460205 343
4.96614670753479 343
4.975752592086792 343
4.984553337097168 343
4.993816137313843 343
