0 0
0.019498109817504883 0
0.046410322189331055 0
0.07640838623046875 5
0.10927057266235352 16
0.14001893997192383 36
0.18787312507629395 67
0.21430087089538574 87
0.2417769432067871 107
0.2632472515106201 121
0.28423523902893066 140
0.30533814430236816 154
0.33158016204833984 177
0.34952521324157715 189
0.36815428733825684 207
0.39000797271728516 225
0.40894508361816406 239
0.4260587692260742 255
0.44612622261047363 272
0.464296817779541 287
0.4855189323425293 301
0.5027685165405273 317
0.5198154449462891 333
0.5399470329284668 346
0.5614662170410156 355
0.5775089263916016 358
0.6009953022003174 359
0.6229698657989502 356
0.6421375274658203 353
0.6652584075927734 354
0.6818356513977051 359
0.6993832588195801 361
0.7297148704528809 361
0.7500720024108887 355
0.7679054737091064 352
0.789658784866333 352
0.8089261054992676 356
0.8241393566131592 360
0.8518795967102051 361
0.8689920902252197 359
0.8858654499053955 356
0.9048035144805908 355
0.9182920455932617 357
0.9399783611297607 361
0.963090181350708 363
0.9800331592559814 362
0.9996533393859863 359
1.0189085006713867 355
1.028289556503296 353
1.0374622344970703 353
1.0471513271331787 354
1.0578951835632324 356
1.0661611557006836 357
1.0749003887176514 357
1.083484411239624 357
1.0935373306274414 357
1.1017370223999023 357
1.1097347736358643 357
1.1355042457580566 359
1.167407512664795 360
1.184389352798462 360
1.2056665420532227 359
1.2250289916992188 357
1.241593360900879 357
1.2636001110076904 360
1.2828319072723389 362
1.2998321056365967 361
1.317431926727295 359
1.3359103202819824 356
1.3559999465942383 356
1.3703653812408447 358
1.389723300933838 361
1.4079816341400146 361
1.4270188808441162 359
1.4436635971069336 356
1.4655940532684326 355
1.482391119003296 357
1.5036544799804688 360
1.527930736541748 360
1.5589606761932373 354
1.5741629600524902 350
1.5930931568145752 349
1.615990400314331 353
1.6364712715148926 359
1.65610933303833 364
1.6734824180603027 364
1.7100470066070557 355
1.7636628150939941 340
1.7929108142852783 339
1.8163800239562988 343
1.8370015621185303 349
1.8558177947998047 356
1.8731622695922852 359
1.8952839374542236 359
1.9102294445037842 355
1.935669183731079 352
1.9548978805541992 351
1.971825361251831 354
1.989572525024414 357
2.008890151977539 359
2.0263965129852295 358
2.049715757369995 354
2.0683960914611816 354
2.0882492065429688 356
2.1081933975219727 360
2.1279237270355225 360
2.1553597450256348 357
2.1759982109069824 353
2.1904802322387695 352
2.208235740661621 354
2.229217767715454 357
2.2494869232177734 360
2.267284631729126 359
2.287051200866699 355
2.305342435836792 354
2.329536199569702 355
2.35606050491333 362
2.375438928604126 363
2.393602132797241 361
2.4128148555755615 358
2.4316515922546387 354
2.4536192417144775 354
2.473381280899048 357
2.4920766353607178 361
2.508157968521118 362
2.531075954437256 359
2.5499329566955566 353
2.567734956741333 351
2.5862362384796143 351
2.604156732559204 355
2.623572587966919 358
2.6332201957702637 360
2.6410298347473145 361
2.6516969203948975 360
2.66106915473938 358
2.698837995529175 356
2.719127893447876 357
2.7444334030151367 359
2.7677435874938965 359
2.7872474193573 357
2.807210683822632 353
2.8348798751831055 353
2.849581003189087 355
2.872144937515259 361
2.8901984691619873 361
2.9094295501708984 359
2.929516315460205 355
2.951566219329834 352
2.9675722122192383 353
2.9889352321624756 357
3.0064215660095215 361
3.024224281311035 361
3.04893159866333 359
3.064159393310547 354
3.0832395553588867 353
3.102860927581787 354
3.120246410369873 359
3.1484057903289795 359
3.1750805377960205 355
3.2033064365386963 348
3.2129416465759277 347
3.2332546710968018 347
3.2537198066711426 351
3.2982022762298584 367
3.3214480876922607 370
3.3418257236480713 369
3.362994909286499 365
3.3798465728759766 358
3.39788818359375 355
3.4218482971191406 355
3.441716194152832 359
3.459639072418213 361
3.4791653156280518 361
3.4969778060913086 357
3.514272451400757 353
3.539050340652466 352
3.5603456497192383 356
3.5810749530792236 360
3.599107503890991 361
3.617762565612793 359
3.634310483932495 354
3.6572535037994385 351
3.682077407836914 353
3.701939344406128 357
3.7184395790100098 359
3.738288402557373 358
3.761708974838257 353
3.7798244953155518 350
3.8132476806640625 351
3.8362278938293457 359
3.8598010540008545 362
3.885319948196411 361
3.899961233139038 355
3.9182357788085938 352
3.945732831954956 351
3.9641904830932617 355
3.988189697265625 359
4.009646654129028 360
4.0293049812316895 357
4.048102378845215 353
4.06897234916687 351
4.08916711807251 353
4.113006830215454 357
4.1347105503082275 358
4.155140161514282 354
4.17581033706665 350
4.207840204238892 351
4.227517127990723 354
4.249027729034424 359
4.267877101898193 360
4.291060447692871 358
4.309198617935181 353
4.3334925174713135 350
4.355143308639526 351
4.372886657714844 355
4.389900207519531 358
4.409377336502075 357
4.426759719848633 355
4.4472949504852295 351
4.466110467910767 351
4.490110397338867 355
4.51479697227478 359
4.528393268585205 360
4.555353879928589 356
4.573313474655151 351
4.593049049377441 348
4.617907285690308 350
4.637421131134033 355
4.656040191650391 359
4.675885200500488 359
4.693758249282837 356
4.7135169506073 353
4.737817287445068 350
4.760108947753906 353
4.787201881408691 358
4.818964004516602 358
4.833293676376343 355
4.853572368621826 351
4.879993200302124 350
4.896952152252197 352
4.916974067687988 356
4.933681488037109 357
4.95365571975708 354
4.973653793334961 349
4.992919206619263 348
