0 0
0.01600933074951172 0
0.03740715980529785 0
0.0595550537109375 0
0.07295060157775879 0
0.08697152137756348 2
0.09422111511230469 5
0.10365653038024902 8
0.11187863349914551 10
0.12026810646057129 12
0.12907719612121582 14
0.14030838012695312 17
0.14911270141601562 19
0.15808558464050293 21
0.1670997142791748 22
0.17495369911193848 25
0.187178373336792 28
0.19539380073547363 30
0.20407485961914062 33
0.21290087699890137 35
0.2213757038116455 36
0.2297043800354004 37
0.2402200698852539 40
0.24889755249023438 42
0.2573513984680176 44
0.26671266555786133 47
0.2741076946258545 49
0.2829294204711914 50
0.2921884059906006 52
0.3011655807495117 53
0.31340575218200684 56
0.32187414169311523 59
0.3318905830383301 61
0.3417623043060303 64
0.35004711151123047 66
0.35925936698913574 68
0.3681511878967285 70
0.3766462802886963 71
0.38413214683532715 72
0.3938717842102051 74
0.4029531478881836 76
0.41137099266052246 78
0.41969966888427734 80
0.42826080322265625 82
0.43752431869506836 84
0.4471008777618408 86
0.454974889755249 87
0.46371984481811523 88
0.4728264808654785 90
0.4811439514160156 92
0.49029088020324707 94
0.49962759017944336 96
0.5084035396575928 98
0.517021656036377 99
0.5243642330169678 100
0.5339114665985107 101
0.5434799194335938 102
0.5518925189971924 104
0.5601744651794434 106
0.5697004795074463 108
0.5781691074371338 110
0.5866432189941406 110
0.5955986976623535 111
0.604107141494751 112
0.612856388092041 113
0.6211645603179932 115
0.6296720504760742 117
0.6395442485809326 118
0.6492538452148438 120
0.6576151847839355 120
0.66703200340271 122
0.6743569374084473 124
0.6831440925598145 126
0.6936471462249756 128
0.7027451992034912 129
0.7154154777526855 130
0.7234556674957275 130
0.7337169647216797 132
0.7422428131103516 134
0.7518157958984375 136
0.7600719928741455 137
0.769376277923584 138
0.777778148651123 139
0.7860269546508789 140
0.795452356338501 142
0.8038332462310791 144
0.8126721382141113 146
0.8211002349853516 147
0.8302314281463623 147
0.8395521640777588 148
0.8491065502166748 149
0.8573932647705078 151
0.8660359382629395 152
0.8740065097808838 154
0.8827259540557861 155
0.8909957408905029 156
0.9006836414337158 157
0.9092662334442139 158
0.9176979064941406 160
0.9259810447692871 162
0.9360413551330566 163
0.943856954574585 164
0.95340895652771 164
0.9627265930175781 165
0.9710972309112549 166
0.9794111251831055 167
0.9881510734558105 170
0.997051477432251 171
1.0063481330871582 172
1.0139422416687012 172
1.0227043628692627 173
1.0323398113250732 174
1.0410146713256836 176
1.0503480434417725 177
1.0590436458587646 178
1.068131685256958 179
1.0764293670654297 179
1.083996057510376 180
1.0927588939666748 181
1.1029574871063232 183
1.1167726516723633 185
1.124100685119629 186
1.1360158920288086 186
1.1439731121063232 186
1.1536188125610352 187
1.1628239154815674 189
1.1713402271270752 190
1.1796934604644775 191
1.1881558895111084 192
1.198080062866211 193
1.209075927734375 194
1.2174534797668457 195
1.225606918334961 196
1.2355544567108154 196
1.24349045753479 197
1.2530739307403564 198
1.262136697769165 200
1.270263910293579 200
1.2789909839630127 200
1.2874655723571777 201
1.2969305515289307 202
1.3058969974517822 204
1.3137032985687256 204
1.3221628665924072 205
1.3318252563476562 206
1.3400957584381104 208
1.3490962982177734 209
1.3586931228637695 210
1.3676800727844238 210
1.3760125637054443 210
1.3856472969055176 211
1.3939192295074463 212
1.4026477336883545 214
1.4159202575683594 216
1.429090976715088 216
1.4412353038787842 215
1.4531495571136475 215
1.4674992561340332 217
1.4791042804718018 218
1.4903416633605957 221
1.5027782917022705 222
1.5172457695007324 222
1.52592134475708 222
1.5356042385101318 222
1.5436201095581055 223
1.5527703762054443 225
1.5629045963287354 227
1.5713541507720947 227
1.5797443389892578 228
1.5883252620697021 228
1.598184585571289 229
1.6067159175872803 230
1.615795612335205 230
1.6237540245056152 231
1.6332175731658936 232
1.6415433883666992 233
1.6500136852264404 234
1.65999436378479 234
1.6688497066497803 234
1.6771903038024902 234
1.68540620803833 235
1.6938376426696777 236
1.7023909091949463 238
1.7131998538970947 239
1.721527338027954 239
1.7315845489501953 238
1.7399485111236572 238
1.7487711906433105 239
1.7577884197235107 241
1.7675130367279053 242
1.7758054733276367 242
1.7837634086608887 242
1.792924404144287 243
1.801645278930664 244
1.8100287914276123 245
1.8196849822998047 246
1.829155683517456 246
1.8386950492858887 246
1.8469300270080566 246
1.854215383529663 246
1.8641259670257568 248
1.8729133605957031 250
1.8813347816467285 251
1.890699863433838 252
1.8991284370422363 252
1.907440185546875 252
1.9212474822998047 254
1.9314324855804443 256
1.9399151802062988 258
1.948943853378296 259
1.9576668739318848 258
1.9673669338226318 258
1.9755451679229736 257
1.9834630489349365 258
1.9928736686706543 259
2.001152515411377 260
2.0112454891204834 260
2.0203185081481934 259
2.0295193195343018 259
2.0389821529388428 259
2.0472404956817627 260
2.055635929107666 261
2.0638296604156494 262
2.0734305381774902 263
2.0818936824798584 263
2.0910019874572754 262
2.099473714828491 262
2.1083524227142334 262
2.1175336837768555 263
2.1269373893737793 264
2.136773109436035 265
2.1441667079925537 265
2.152838706970215 265
2.1612977981567383 265
2.1703977584838867 265
2.1791203022003174 266
2.1875579357147217 268
2.1967990398406982 268
2.204210042953491 269
2.2130236625671387 270
2.225764036178589 270
2.2343428134918213 269
2.243082284927368 268
2.2515900135040283 269
2.2602124214172363 270
2.26888108253479 270
2.2781569957733154 270
2.2864251136779785 270
2.295029878616333 271
2.3033287525177 272
2.311800241470337 273
2.3266444206237793 272
2.3355910778045654 271
2.3437671661376953 270
2.3521814346313477 271
2.361393451690674 272
2.3755288124084473 272
2.3837993144989014 272
2.3931336402893066 271
2.4014899730682373 272
2.409794569015503 272
2.419837713241577 273
2.4309322834014893 273
2.439789295196533 273
2.448244094848633 273
2.457416534423828 274
2.4656448364257812 276
2.4750092029571533 276
2.4832231998443604 276
2.4919328689575195 276
2.50019907951355 276
2.5089356899261475 277
2.517273187637329 278
2.528287410736084 277
2.5374550819396973 276
2.5467350482940674 277
2.5555591583251953 278
2.5633866786956787 278
2.571709394454956 278
2.5810165405273438 278
2.5897715091705322 278
2.599372148513794 279
2.608168363571167 280
2.616676092147827 281
2.6273326873779297 282
2.6367876529693604 282
2.644129514694214 282
2.653282403945923 283
2.6622250080108643 284
2.6710050106048584 284
2.6801340579986572 284
2.6892781257629395 284
2.69757342338562 284
2.7058396339416504 285
2.7187676429748535 286
2.7295639514923096 286
2.739830493927002 285
2.7487802505493164 284
2.7589612007141113 284
2.767585515975952 285
2.7758383750915527 286
2.785707712173462 286
2.793668508529663 286
2.802053213119507 286
2.8101959228515625 286
2.819800853729248 286
2.8282413482666016 286
2.8383097648620605 287
2.847095251083374 288
2.8559935092926025 288
2.86397123336792 288
2.8723573684692383 288
2.880371570587158 288
2.8902251720428467 288
2.8988358974456787 289
2.9074079990386963 290
2.9156947135925293 290
2.9260027408599854 289
2.936800241470337 288
2.9442243576049805 288
2.9533393383026123 289
2.9617393016815186 290
2.9701311588287354 290
2.9788401126861572 290
2.9890427589416504 289
2.9973721504211426 289
3.0055744647979736 290
3.013512134552002 290
3.022873640060425 291
3.031947374343872 291
3.0415656566619873 290
3.0506696701049805 290
3.0591070652008057 291
3.0675301551818848 292
3.0758650302886963 292
3.085954189300537 292
3.0939724445343018 292
3.1023435592651367 292
3.110382080078125 292
3.1237988471984863 292
3.1339876651763916 294
3.143618106842041 294
3.1531996726989746 293
3.1616382598876953 292
3.1699516773223877 292
3.178422212600708 293
3.1883413791656494 294
3.196920871734619 295
3.2043516635894775 294
3.213332176208496 294
3.222330331802368 293
3.231580972671509 293
3.2429611682891846 294
3.252830743789673 295
3.261190414428711 295
3.2696616649627686 295
3.278067111968994 294
3.2871758937835693 294
3.2966864109039307 294
3.304011821746826 295
3.3128597736358643 295
3.3215506076812744 296
3.3309450149536133 295
3.346755266189575 295
3.355424404144287 295
3.363415241241455 296
3.3717904090881348 296
3.380206823348999 296
3.3904294967651367 297
3.3992960453033447 297
3.4075965881347656 297
3.416032552719116 297
3.423863410949707 296
3.43325138092041 296
3.442878246307373 297
3.4520628452301025 298
3.4602596759796143 297
3.4690048694610596 296
3.4772651195526123 296
3.486013889312744 296
3.4990921020507812 296
3.510763168334961 296
3.5394794940948486 297
3.5540318489074707 298
3.566770076751709 298
3.5744078159332275 298
3.58355975151062 298
3.5940396785736084 298
3.6028194427490234 298
3.6111249923706055 298
3.6200337409973145 299
3.628992795944214 299
3.6380321979522705 299
3.6488547325134277 298
3.658958673477173 298
3.667243242263794 298
3.6754074096679688 298
3.683936357498169 299
3.6928648948669434 300
3.702043294906616 300
3.710233449935913 299
3.7196922302246094 298
3.728283643722534 298
3.7384207248687744 299
3.749114513397217 300
3.757488250732422 300
3.765744209289551 299
3.773801565170288 298
3.783202648162842 298
3.7915024757385254 299
3.8011977672576904 300
3.8097457885742188 300
3.818829298019409 300
3.8271212577819824 299
3.8366875648498535 298
3.8440370559692383 298
3.854064464569092 298
3.8626914024353027 298
3.8710243701934814 298
3.8798491954803467 298
3.888324499130249 298
3.8969454765319824 298
3.9060304164886475 298
3.9143123626708984 298
3.9275496006011963 298
3.9370553493499756 298
3.9443705081939697 298
3.9543282985687256 298
3.963019609451294 298
3.9712491035461426 298
3.9800832271575928 298
3.988881826400757 298
3.997227907180786 298
4.006694316864014 298
4.015478134155273 298
4.023341178894043 298
4.032922267913818 298
4.041151762008667 298
4.0497636795043945 298
4.059131860733032 298
4.067344427108765 298
4.075532913208008 298
4.083916664123535 298
4.0923144817352295 298
4.100374221801758 298
4.1100029945373535 298
4.119060277938843 298
4.127335071563721 298
4.137258529663086 298
4.146086931228638 298
4.155548334121704 298
4.164957046508789 298
4.1733558177948 298
4.182383060455322 298
4.190420627593994 298
4.199077844619751 298
4.2089455127716064 298
4.217730760574341 298
4.225982189178467 298
4.23551869392395 298
4.243944406509399 298
4.252641916275024 298
4.261765956878662 298
4.27000880241394 298
4.279177188873291 298
4.287684202194214 298
4.295910358428955 298
4.303694248199463 298
4.313721418380737 298
4.32664680480957 298
4.335560321807861 298
4.344110012054443 298
4.353133916854858 298
4.363148927688599 298
4.3713929653167725 298
4.380050420761108 298
4.388780117034912 298
4.397045612335205 298
4.404350280761719 298
4.415509223937988 298
4.423469066619873 298
4.432902812957764 298
4.441164255142212 298
4.449803829193115 298
4.459263563156128 298
4.467710971832275 298
4.476921319961548 298
4.484243869781494 298
4.492903232574463 298
4.501148462295532 298
4.511001348495483 298
4.519353866577148 298
4.527775526046753 298
4.537108659744263 298
4.54591178894043 298
4.553826093673706 298
4.563395738601685 298
4.571673631668091 298
4.58024263381958 298
4.589055776596069 298
4.597276449203491 298
4.60546612739563 298
4.615030527114868 297
4.623356342315674 297
4.632886648178101 297
4.6416707038879395 297
4.650242805480957 297
4.658879280090332 297
4.668963432312012 297
4.679495811462402 296
4.6881632804870605 296
4.696772813796997 296
4.704258441925049 297
4.715029716491699 297
4.7277748584747314 296
4.73741602897644 296
4.746021270751953 295
4.75406813621521 295
4.763512849807739 296
4.772217512130737 296
4.781483888626099 296
4.789716720581055 296
4.798305034637451 295
4.807563066482544 294
4.8172478675842285 294
4.825480222702026 295
4.835575819015503 295
4.8439621925354 295
4.85277795791626 294
4.861170291900635 294
4.871229410171509 293
4.880124568939209 294
4.889079809188843 294
4.897459983825684 295
4.905681371688843 294
4.9139416217803955 293
4.923458576202393 293
4.932928800582886 294
4.942805767059326 294
4.951249361038208 294
4.959551572799683 294
4.969001054763794 294
4.978305339813232 294
4.98680305480957 293
4.994264841079712 293
