0 0
0.01578521728515625 0
0.03266406059265137 0
0.05822157859802246 3
0.07268309593200684 10
0.08767914772033691 13
0.09510207176208496 17
0.10451745986938477 22
0.1129906177520752 27
0.1267075538635254 35
0.13676905632019043 41
0.14658331871032715 47
0.15622282028198242 54
0.16476869583129883 60
0.17398405075073242 65
0.18446636199951172 74
0.1936497688293457 80
0.20252561569213867 87
0.2108631134033203 93
0.21962928771972656 99
0.228057861328125 105
0.2383413314819336 115
0.24771451950073242 121
0.2551534175872803 127
0.2645454406738281 135
0.2734537124633789 141
0.28293323516845703 149
0.2925224304199219 157
0.30176472663879395 163
0.31032514572143555 170
0.31890106201171875 178
0.3275299072265625 185
0.337726354598999 193
0.34784555435180664 201
0.355776309967041 209
0.36459851264953613 215
0.37348055839538574 221
0.38225674629211426 228
0.39183998107910156 233
0.4014928340911865 239
0.40996813774108887 244
0.41843414306640625 251
0.42703986167907715 256
0.4351692199707031 261
0.4461941719055176 265
0.45413970947265625 268
0.4634232521057129 273
0.47191476821899414 277
0.48046112060546875 281
0.49115586280822754 285
0.5009477138519287 289
0.5101099014282227 292
0.522573709487915 296
0.5325202941894531 299
0.5445420742034912 303
0.5545637607574463 307
0.5639183521270752 310
0.5723001956939697 313
0.5806233882904053 314
0.5929155349731445 316
0.6057510375976562 319
0.6140544414520264 324
0.6521768569946289 331
0.6688268184661865 333
0.6881890296936035 333
0.7091317176818848 337
0.729053258895874 343
0.7537684440612793 348
0.7709665298461914 347
0.7903919219970703 344
0.8167598247528076 342
0.829909086227417 343
0.8482279777526855 348
0.8719236850738525 352
0.8977513313293457 349
0.9168317317962646 343
0.9399831295013428 340
0.9504573345184326 341
0.959446907043457 341
0.9683823585510254 343
0.9766337871551514 343
0.9845561981201172 343
0.9981992244720459 344
1.0064823627471924 346
1.0144617557525635 347
1.0357630252838135 347
1.056758165359497 344
1.07637619972229 343
1.093682050704956 345
1.111905813217163 349
1.1284546852111816 353
1.1507163047790527 353
1.1695873737335205 349
1.1879425048828125 347
1.202307939529419 348
1.2188961505889893 351
1.2405221462249756 352
1.2600650787353516 349
1.275052547454834 348
1.2944071292877197 349
1.3129267692565918 354
1.3380451202392578 357
1.3584444522857666 355
1.3795394897460938 351
1.394726037979126 349
1.4138646125793457 350
1.430739164352417 354
1.450669527053833 356
1.4706456661224365 355
1.489851474761963 351
1.5104460716247559 350
1.5296318531036377 352
1.546682596206665 357
1.5682334899902344 359
1.5851173400878906 358
1.6042876243591309 355
1.626415491104126 352
1.6410861015319824 353
1.6583740711212158 357
1.677778959274292 359
1.6979763507843018 358
1.718496561050415 352
1.7516260147094727 351
1.7707486152648926 355
1.7920339107513428 357
1.8091130256652832 355
1.8340914249420166 349
1.8520500659942627 346
1.8724720478057861 346
1.8919386863708496 349
1.9176585674285889 351
1.9450466632843018 346
1.973803997039795 343
1.9979918003082275 345
2.019623041152954 351
2.03460431098938 355
2.054276466369629 355
2.0746939182281494 352
2.0943684577941895 349
2.1124796867370605 349
2.1349802017211914 352
2.1567060947418213 356
2.1764934062957764 357
2.192965030670166 356
2.2106196880340576 352
2.2319698333740234 350
2.2505552768707275 352
2.2677552700042725 355
2.289433002471924 358
2.303103446960449 357
2.3237295150756836 353
2.3438751697540283 351
2.3590774536132812 352
2.3800837993621826 355
2.398015022277832 357
2.4149210453033447 355
2.4351682662963867 349
2.457611083984375 345
2.4750802516937256 345
2.4944963455200195 348
2.5090010166168213 350
2.5394651889801025 348
2.5546250343322754 343
2.572272539138794 341
2.5928542613983154 341
2.611729860305786 345
2.6328179836273193 349
2.653369903564453 349
2.670250177383423 347
2.6883511543273926 343
2.706390619277954 343
2.72370982170105 346
2.738755941390991 351
2.7678096294403076 351
2.788397789001465 347
2.808272123336792 345
2.8275222778320312 343
2.8494372367858887 346
2.868201971054077 352
2.8888392448425293 356
2.90788197517395 356
2.93027925491333 352
2.951936960220337 350
2.96850848197937 350
2.988538980484009 354
3.0077097415924072 355
3.0249669551849365 354
3.0449628829956055 349
3.0631186962127686 347
3.081944465637207 348
3.101992130279541 351
3.1185033321380615 353
3.140129804611206 352
3.159501075744629 348
3.173083782196045 347
3.194089651107788 348
3.211088180541992 353
3.230729818344116 356
3.250676155090332 355
3.26774263381958 352
3.2847838401794434 349
3.302598714828491 349
3.3238654136657715 351
3.351691722869873 355
3.3721892833709717 353
3.3977134227752686 347
3.416654348373413 343
3.4329662322998047 343
3.4548542499542236 347
3.47641921043396 349
3.4980671405792236 347
3.518239974975586 343
3.5365641117095947 340
3.5576512813568115 340
3.581925868988037 345
3.5906238555908203 347
3.6005382537841797 348
3.6095895767211914 348
3.618652820587158 347
3.6276373863220215 347
3.6380202770233154 346
3.6488659381866455 347
3.657592296600342 347
3.6662206649780273 347
3.673995018005371 346
3.6848361492156982 345
3.7194836139678955 349
3.7549734115600586 365
3.7829391956329346 369
3.8142099380493164 367
3.836547374725342 359
3.8575193881988525 355
3.88386869430542 355
3.902829885482788 359
3.9317119121551514 360
3.9651734828948975 351
3.987752914428711 345
4.0234010219573975 341
4.059873580932617 351
4.0877931118011475 360
4.111159086227417 369
4.139576435089111 371
4.165025234222412 366
4.2126500606536865 347
4.260653495788574 343
4.3017120361328125 351
4.324691295623779 359
4.3588316440582275 358
4.380248785018921 355
4.399884223937988 348
4.41808009147644 344
4.43776535987854 343
4.460102081298828 347
4.481935024261475 349
4.502201557159424 347
4.523650407791138 342
4.544153690338135 339
4.564249515533447 339
4.584726572036743 345
4.599109888076782 347
4.620553731918335 346
4.640100955963135 341
4.6689276695251465 341
4.694423675537109 344
4.7143378257751465 347
4.733637571334839 345
4.755070686340332 339
4.781771659851074 335
4.799036264419556 335
4.821073055267334 340
4.84091591835022 343
4.861724138259888 342
4.881124019622803 337
4.900997638702393 335
4.9208619594573975 336
4.95058274269104 342
4.964738607406616 344
4.974962949752808 344
4.983789443969727 344
4.992045640945435 343
