0 0
0.02466559410095215 0
0.05259299278259277 0
0.07953190803527832 4
0.11786437034606934 20
0.15447711944580078 40
0.17911243438720703 60
0.20522284507751465 76
0.22718214988708496 89
0.24768424034118652 107
0.26529932022094727 121
0.28571081161499023 136
0.306673526763916 151
0.32335638999938965 167
0.3458271026611328 184
0.36885714530944824 201
0.38590478897094727 217
0.4049520492553711 230
0.42659854888916016 252
0.4456520080566406 266
0.467207670211792 281
0.4834411144256592 298
0.501103401184082 309
0.5177023410797119 324
0.5406463146209717 336
0.5607738494873047 343
0.5780019760131836 346
0.5973856449127197 347
0.6171689033508301 348
0.6340329647064209 350
0.6571929454803467 357
0.6771049499511719 360
0.6953330039978027 360
0.7174131870269775 356
0.7358150482177734 354
0.7634353637695312 357
0.7863314151763916 362
0.8049101829528809 366
0.8180630207061768 366
0.837679386138916 363
0.8576147556304932 358
0.8770813941955566 356
0.8968863487243652 358
0.9135043621063232 362
0.931389331817627 364
0.9535913467407227 362
0.9764726161956787 357
0.9915225505828857 354
1.0120582580566406 355
1.021369457244873 356
1.0308363437652588 357
1.043468952178955 358
1.070878267288208 356
1.0872595310211182 354
1.1070656776428223 355
1.1236701011657715 359
1.1477932929992676 363
1.1673672199249268 363
1.1864862442016602 360
1.2052805423736572 356
1.224363088607788 356
1.2446422576904297 359
1.26204252243042 362
1.2813806533813477 362
1.2997641563415527 358
1.3188834190368652 356
1.3354413509368896 354
1.3584132194519043 357
1.3751654624938965 361
1.3949534893035889 365
1.4168341159820557 364
1.4346356391906738 361
1.455763339996338 356
1.4751367568969727 355
1.4965054988861084 358
1.511573314666748 362
1.5326707363128662 364
1.5518381595611572 361
1.5764176845550537 356
1.5940403938293457 352
1.6112899780273438 352
1.6366465091705322 356
1.656975269317627 363
1.6736605167388916 367
1.6934432983398438 367
1.7093448638916016 364
1.72898268699646 360
1.745603322982788 356
1.767676830291748 356
1.7868270874023438 359
1.7957916259765625 362
1.804520845413208 363
1.8135850429534912 364
1.822617530822754 364
1.8308508396148682 363
1.8393001556396484 362
1.8503634929656982 360
1.8612806797027588 360
1.8698627948760986 360
1.8779988288879395 360
1.8866093158721924 360
1.8956587314605713 360
1.9037373065948486 361
1.9159438610076904 361
1.9367856979370117 359
1.957170009613037 357
1.966907262802124 356
1.9754416942596436 357
1.983701467514038 358
1.9931597709655762 358
2.0009963512420654 358
2.0109071731567383 358
2.021188974380493 358
2.029491424560547 358
2.0386552810668945 359
2.048360824584961 360
2.05867862701416 360
2.067763090133667 359
2.0765457153320312 358
2.084867238998413 357
2.0940678119659424 357
2.1016504764556885 358
2.110469102859497 359
2.120987892150879 359
2.129321575164795 359
2.137526750564575 359
2.145969867706299 358
2.1565988063812256 358
2.1666760444641113 359
2.1785805225372314 360
2.1918838024139404 360
2.204502820968628 359
2.216876268386841 358
2.2291758060455322 358
2.2408792972564697 359
2.2569010257720947 361
2.2675790786743164 362
2.2763614654541016 362
2.284782886505127 362
2.293593168258667 361
2.3016161918640137 360
2.3102943897247314 359
2.3204591274261475 359
2.3287501335144043 359
2.3375468254089355 360
2.350940465927124 360
2.3610286712646484 359
2.3707144260406494 358
2.379209518432617 358
2.3884127140045166 358
2.3968505859375 359
2.4054174423217773 360
2.4137399196624756 360
2.4251549243927 359
2.4335668087005615 358
2.441460609436035 358
2.451638698577881 358
2.460313320159912 359
2.4688150882720947 360
2.4779317378997803 360
2.4870855808258057 360
2.4953668117523193 359
2.5039384365081787 358
2.511648654937744 358
2.5217320919036865 358
2.530571222305298 359
2.5389602184295654 360
2.547356128692627 360
2.557555675506592 359
2.566887617111206 358
2.5765299797058105 358
2.585411310195923 358
2.593647003173828 359
2.6016006469726562 360
2.6104190349578857 360
2.619374990463257 359
2.629016160964966 358
2.6373908519744873 358
2.645951747894287 360
2.6631178855895996 360
2.6715264320373535 361
2.6811716556549072 361
2.6906721591949463 360
2.6991093158721924 360
2.708955764770508 360
2.71882700920105 360
2.7278294563293457 360
2.73649525642395 359
2.7448816299438477 359
2.7592036724090576 360
2.769139289855957 361
2.7788937091827393 361
2.7874958515167236 360
2.796312093734741 360
2.8045709133148193 359
2.812028408050537 359
2.821345806121826 359
2.8309831619262695 360
2.839416980743408 360
2.847985029220581 360
2.857550621032715 359
2.866424322128296 359
2.875271797180176 359
2.8851075172424316 359
2.8932762145996094 360
2.9012837409973145 360
2.9096012115478516 360
2.918952226638794 359
2.928417444229126 358
2.9369924068450928 358
2.9454567432403564 359
2.9554543495178223 360
2.9639499187469482 361
2.9716460704803467 360
2.9813294410705566 360
2.9906482696533203 359
2.999098777770996 359
3.0074915885925293 359
3.016005277633667 360
3.025228500366211 360
3.034593343734741 360
3.041886568069458 360
3.0520215034484863 359
3.0608203411102295 358
3.0693702697753906 358
3.0785858631134033 360
3.0885393619537354 361
3.097027063369751 361
3.1053647994995117 361
3.113617420196533 360
3.1226296424865723 360
3.131784677505493 359
3.140559434890747 359
3.154775857925415 360
3.1626408100128174 360
3.170961380004883 361
3.187648057937622 360
3.209221601486206 360
3.235177993774414 359
3.2586441040039062 358
3.277329444885254 358
3.2948577404022217 361
3.3120431900024414 362
3.3331658840179443 359
3.354722261428833 354
3.371741771697998 351
3.3912651538848877 352
3.4088571071624756 355
3.4276797771453857 360
3.4476985931396484 362
3.466045379638672 360
3.489495038986206 355
3.5088748931884766 353
3.521693229675293 353
3.5309197902679443 354
3.5417680740356445 356
3.557056188583374 358
3.5667531490325928 358
3.5768139362335205 356
3.5860531330108643 355
3.6065258979797363 356
3.6215274333953857 360
3.6449167728424072 363
3.6676864624023438 362
3.6869492530822754 360
3.7068371772766113 358
3.724977493286133 360
3.7468466758728027 364
3.7671139240264893 366
3.7867424488067627 364
3.8065860271453857 359
3.823535919189453 356
3.8436715602874756 357
3.866590738296509 362
3.8831872940063477 364
3.9006426334381104 363
3.91575026512146 359
3.934690475463867 358
3.9604332447052 360
3.9756546020507812 364
4.000495433807373 364
4.014775276184082 363
4.036478042602539 358
4.054682493209839 356
4.071526050567627 358
4.090816259384155 361
4.108635902404785 364
4.127565145492554 364
4.150379180908203 360
4.1685566902160645 355
4.186705112457275 352
4.206328868865967 352
4.223212957382202 356
4.23919415473938 360
4.268009662628174 364
4.296358823776245 360
4.321176052093506 351
4.3485939502716064 346
4.384916067123413 350
4.405224800109863 356
4.425100088119507 360
4.4419591426849365 360
4.466639995574951 356
4.484020709991455 354
4.503454685211182 356
4.524395942687988 361
4.544897794723511 364
4.561577558517456 364
4.5806591510772705 362
4.595837593078613 357
4.617146730422974 354
4.632065534591675 355
4.658753395080566 360
4.675400018692017 364
4.694391489028931 364
4.711272954940796 361
4.733283519744873 356
4.751029968261719 354
4.776544809341431 356
4.793739557266235 360
4.809889316558838 362
4.8309385776519775 362
4.845297574996948 358
4.869354963302612 356
4.887650489807129 358
4.905751705169678 362
4.925912857055664 363
4.945314884185791 360
4.964871168136597 356
4.98491096496582 353
