0 0
0.01734447479248047 0
0.05465388298034668 0
0.09078621864318848 8
0.14037203788757324 28
0.1870894432067871 60
0.2164006233215332 79
0.2351241111755371 94
0.2562828063964844 109
0.27297163009643555 124
0.29252123832702637 140
0.3107151985168457 156
0.3310978412628174 171
0.3559226989746094 189
0.37305235862731934 205
0.39061880111694336 217
0.41266560554504395 238
0.42882347106933594 253
0.45430660247802734 269
0.47796130180358887 289
0.49723243713378906 304
0.5193331241607666 314
0.5382962226867676 318
0.5573005676269531 324
0.5760085582733154 331
0.595975399017334 337
0.6141073703765869 342
0.6309757232666016 344
0.6493496894836426 343
0.671919584274292 344
0.6898460388183594 348
0.7069764137268066 352
0.7339890003204346 352
0.7536802291870117 348
0.7707343101501465 346
0.7908804416656494 347
0.8239772319793701 355
0.8409016132354736 361
0.860905647277832 364
0.880549430847168 362
0.8981213569641113 358
0.9228744506835938 356
0.9388115406036377 357
0.9580690860748291 360
0.9771358966827393 362
1.0000033378601074 359
1.0273733139038086 351
1.0492854118347168 346
1.0683584213256836 346
1.0869524478912354 349
1.1085219383239746 353
1.1328647136688232 354
1.1529042720794678 352
1.1747689247131348 349
1.1938817501068115 351
1.2113542556762695 356
1.2307066917419434 359
1.2482044696807861 360
1.2647037506103516 356
1.288604497909546 356
1.3051748275756836 359
1.3269190788269043 360
1.3464374542236328 359
1.360732078552246 356
1.3811285495758057 355
1.4007253646850586 358
1.420039415359497 360
1.4366340637207031 361
1.4570286273956299 356
1.4753758907318115 354
1.5038282871246338 356
1.5256659984588623 360
1.547290325164795 364
1.5670039653778076 362
1.592726707458496 356
1.6211578845977783 355
1.6409010887145996 358
1.6629524230957031 360
1.6829545497894287 359
1.7056701183319092 354
1.725947380065918 350
1.7463665008544922 350
1.7629766464233398 353
1.7852122783660889 358
1.8044116497039795 358
1.823028326034546 356
1.841313123703003 352
1.8605778217315674 350
1.8808088302612305 352
1.899212121963501 356
1.920780897140503 358
1.9469916820526123 355
1.965022087097168 350
1.987985372543335 346
2.0101068019866943 346
2.025217056274414 349
2.04721999168396 352
2.0663816928863525 351
2.0813729763031006 348
2.0988073348999023 346
2.12022066116333 347
2.139888048171997 351
2.159696578979492 353
2.1804819107055664 350
2.2166011333465576 344
2.2408974170684814 341
2.2664849758148193 345
2.2845802307128906 351
2.306588649749756 355
2.32279634475708 354
2.348188638687134 350
2.3649051189422607 347
2.383897066116333 347
2.4013729095458984 350
2.4213268756866455 354
2.440178632736206 356
2.4590752124786377 354
2.4686548709869385 352
2.4771010875701904 351
2.4858851432800293 350
2.4962642192840576 350
2.5073494911193848 350
2.525383710861206 350
2.5464212894439697 350
2.587373971939087 350
2.630221128463745 350
2.6699697971343994 350
2.708235025405884 350
2.748297929763794 350
2.7759993076324463 350
2.7925777435302734 350
2.8191301822662354 350
2.84295392036438 350
2.8670899868011475 350
2.8845877647399902 350
2.9049696922302246 349
2.9281885623931885 348
2.9468183517456055 350
2.9642350673675537 352
2.9885849952697754 350
3.0259451866149902 339
3.0724925994873047 334
3.1141533851623535 345
3.1547658443450928 368
3.1898508071899414 376
3.2400715351104736 370
3.2852115631103516 347
3.315842390060425 338
3.3325369358062744 335
3.3500800132751465 335
3.367877244949341 338
3.3845112323760986 344
3.4071152210235596 347
3.4336397647857666 346
3.45259952545166 340
3.461918354034424 338
3.4709219932556152 337
3.4802744388580322 337
3.4888782501220703 337
3.5000863075256348 338
3.5099258422851562 340
3.5181944370269775 340
3.5265555381774902 341
3.540181875228882 340
3.5488688945770264 339
3.557309865951538 340
3.567307949066162 341
3.5759541988372803 342
3.584350347518921 342
3.5930380821228027 342
3.602526903152466 341
3.6130576133728027 341
3.6208794116973877 342
3.6302170753479004 342
3.639171600341797 343
3.649709701538086 343
3.6585018634796143 342
3.6684508323669434 342
3.6783547401428223 343
3.6866683959960938 344
3.696578025817871 344
3.706498861312866 343
3.717057466506958 342
3.726771831512451 342
3.7379751205444336 343
3.746386766433716 344
3.7548866271972656 345
3.7650341987609863 345
3.7733821868896484 344
3.7827820777893066 343
3.791215181350708 342
3.800879955291748 343
3.8104329109191895 344
3.8200395107269287 345
3.8289268016815186 345
3.838373899459839 344
3.8473193645477295 343
3.8564562797546387 342
3.867130994796753 343
3.875825881958008 343
3.884199380874634 344
3.892388105392456 343
3.9008710384368896 343
3.9104909896850586 343
3.9204299449920654 343
3.930201292037964 344
3.9443020820617676 344
3.9538426399230957 344
3.9646012783050537 344
3.9740984439849854 343
3.982680559158325 344
3.990642786026001 344
3.9999372959136963 344
4.008869409561157 344
4.01836895942688 344
4.027696847915649 343
4.03627610206604 343
4.045233249664307 343
4.0537636280059814 344
4.06243896484375 344
4.071043491363525 344
4.079751014709473 344
4.088144540786743 343
4.09694504737854 342
4.105714797973633 342
4.114901065826416 343
4.124449968338013 344
4.134106159210205 344
4.142720937728882 344
4.150699853897095 343
4.1611106395721436 342
4.170657157897949 342
4.179039478302002 343
4.187292575836182 344
4.196425914764404 344
4.205014705657959 344
4.214192628860474 344
4.223848819732666 343
4.2325279712677 343
4.240355014801025 343
4.251275300979614 343
4.264527082443237 342
4.277374505996704 342
4.2891411781311035 343
4.301141738891602 344
4.314528465270996 343
4.328363418579102 341
4.345027208328247 340
4.35420036315918 340
4.362826585769653 341
4.370882272720337 342
4.382465839385986 342
4.39330792427063 342
4.401149034500122 341
4.411153078079224 340
4.419843912124634 340
4.42991828918457 341
4.438885450363159 342
4.447697401046753 342
4.457927227020264 341
4.46645450592041 340
4.476064443588257 340
4.484477281570435 340
4.493919134140015 341
4.50132417678833 342
4.5109241008758545 341
4.519810438156128 340
4.529661417007446 340
4.5379180908203125 341
4.546449899673462 342
4.555670499801636 342
4.564772844314575 341
4.573339223861694 340
4.582592725753784 340
4.5908427238464355 340
4.599755764007568 341
4.6086344718933105 341
4.61690354347229 341
4.627087831497192 341
4.63582444190979 341
4.644266843795776 341
4.6524436473846436 341
4.660928010940552 341
4.672045707702637 341
4.681025266647339 341
4.690354824066162 341
4.698621511459351 341
4.707037448883057 341
4.716323137283325 341
4.725125551223755 341
4.734412908554077 341
4.747333288192749 341
4.756617784500122 341
4.76523494720459 341
4.773884296417236 341
4.782991409301758 341
4.7913360595703125 341
4.800040245056152 341
4.809874773025513 341
4.818118572235107 341
4.827040195465088 341
4.838340759277344 341
4.846653938293457 341
4.856199502944946 341
4.8659303188323975 340
4.874344825744629 340
4.884259462356567 340
4.8938727378845215 340
4.901212692260742 340
4.910792350769043 340
4.919865131378174 340
4.929049253463745 340
4.938515901565552 340
4.946787595748901 340
4.956153869628906 340
4.964477062225342 340
4.973670482635498 340
4.981168270111084 339
4.9911816120147705 339
4.999871492385864 340
