0 0
0.01578068733215332 0
0.03067159652709961 0
0.054792165756225586 3
0.07756376266479492 10
0.09212994575500488 16
0.10004425048828125 19
0.10856461524963379 24
0.11692190170288086 29
0.12634611129760742 35
0.13489818572998047 40
0.14482784271240234 46
0.15346455574035645 51
0.1623368263244629 58
0.1710371971130371 64
0.1798245906829834 69
0.1902027130126953 76
0.1987309455871582 84
0.20694684982299805 90
0.2157132625579834 96
0.22444820404052734 104
0.23336434364318848 110
0.24259710311889648 117
0.2516021728515625 124
0.260528564453125 132
0.27669191360473633 144
0.2855641841888428 150
0.295468807220459 158
0.30401062965393066 165
0.3123774528503418 173
0.3209409713745117 180
0.3297078609466553 186
0.3403339385986328 196
0.34886765480041504 202
0.3582611083984375 210
0.3682241439819336 219
0.37678074836730957 225
0.385634183883667 232
0.39693593978881836 242
0.4064955711364746 250
0.4153623580932617 256
0.4247407913208008 265
0.43333983421325684 272
0.44251227378845215 280
0.4573807716369629 291
0.4660658836364746 298
0.47574305534362793 306
0.48429393768310547 314
0.49541759490966797 323
0.5038661956787109 330
0.5120735168457031 338
0.5224611759185791 346
0.5304396152496338 351
0.5388689041137695 356
0.5485131740570068 360
0.558199405670166 364
0.566765546798706 366
0.5775482654571533 368
0.5878109931945801 370
0.5969338417053223 370
0.6058435440063477 369
0.6141376495361328 368
0.623424768447876 366
0.6308186054229736 364
0.6395518779754639 362
0.6488223075866699 361
0.6583461761474609 360
0.6670291423797607 360
0.6763594150543213 360
0.6847937107086182 360
0.6938192844390869 360
0.7030692100524902 360
0.7106292247772217 360
0.7200314998626709 360
0.728482723236084 359
0.7367494106292725 359
0.7461650371551514 359
0.7553744316101074 359
0.7637085914611816 360
0.7726585865020752 360
0.7804722785949707 360
0.7897825241088867 359
0.7993199825286865 358
0.8076024055480957 358
0.8160054683685303 359
0.8255457878112793 360
0.8338444232940674 361
0.8416454792022705 361
0.8565797805786133 360
0.865504264831543 358
0.8757712841033936 358
0.8849837779998779 357
0.8935425281524658 358
0.9026033878326416 359
0.9105625152587891 359
0.9199767112731934 360
0.928272008895874 359
0.9365787506103516 358
0.9453384876251221 358
0.9555072784423828 359
0.9640834331512451 360
0.9734115600585938 360
0.9807636737823486 360
0.9899947643280029 360
0.9983077049255371 360
1.0077741146087646 360
1.0161983966827393 359
1.0256764888763428 359
1.0343854427337646 358
1.0426409244537354 359
1.052673578262329 360
1.0605380535125732 360
1.0699729919433594 359
1.0783331394195557 358
1.0882952213287354 358
1.0965490341186523 358
1.1060609817504883 359
1.1144084930419922 360
1.1237561702728271 360
1.1315326690673828 359
1.1397979259490967 358
1.1483266353607178 358
1.1581807136535645 358
1.1664292812347412 358
1.176142930984497 358
1.1854116916656494 359
1.1937060356140137 359
1.2010688781738281 359
1.210707426071167 359
1.2200384140014648 359
1.2283310890197754 359
1.2365999221801758 359
1.245070457458496 359
1.2594962120056152 359
1.2690205574035645 359
1.2783482074737549 359
1.287024974822998 359
1.295654535293579 359
1.3039166927337646 359
1.3133890628814697 359
1.3220438957214355 359
1.3300087451934814 359
1.338304042816162 359
1.346592903137207 359
1.3562893867492676 359
1.3647825717926025 359
1.3741459846496582 359
1.3835036754608154 359
1.3908252716064453 359
1.3995552062988281 359
1.4088702201843262 359
1.4179909229278564 359
1.426283359527588 359
1.4347147941589355 359
1.443361520767212 359
1.4520676136016846 359
1.460754156112671 359
1.4701387882232666 358
1.4784417152404785 358
1.487044334411621 359
1.4957289695739746 359
1.5041298866271973 359
1.5135493278503418 359
1.52223539352417 358
1.5300610065460205 358
1.538503885269165 358
1.5466997623443604 358
1.556074619293213 359
1.5658988952636719 359
1.5754518508911133 358
1.5846447944641113 358
1.592691421508789 358
1.6037209033966064 358
1.6127007007598877 358
1.6209282875061035 358
1.6297428607940674 358
1.638023853302002 358
1.6462931632995605 358
1.6595675945281982 358
1.6699421405792236 358
1.6784393787384033 358
1.6882190704345703 358
1.6964781284332275 358
1.706193447113037 358
1.7194068431854248 358
1.7304885387420654 358
1.7425241470336914 358
1.7548515796661377 358
1.7675516605377197 358
1.779494047164917 358
1.7895843982696533 358
1.7979340553283691 358
1.806344985961914 358
1.815859317779541 358
1.8245465755462646 358
1.8326761722564697 358
1.8404788970947266 358
1.8488094806671143 358
1.857975959777832 358
1.8690083026885986 358
1.8773584365844727 358
1.8867924213409424 358
1.8955185413360596 358
1.90376615524292 358
1.9110667705535889 358
1.921607494354248 358
1.9300694465637207 358
1.9383776187896729 358
1.9465923309326172 358
1.9558396339416504 358
1.9640920162200928 358
1.9742448329925537 358
1.9824562072753906 358
1.9907562732696533 358
1.9994828701019287 358
2.0093894004821777 358
2.019498109817505 358
2.0277798175811768 358
2.0360734462738037 358
2.044576644897461 358
2.0567851066589355 358
2.06558895111084 358
2.0757391452789307 357
2.084200143814087 357
2.0933711528778076 357
2.1006686687469482 357
2.1105661392211914 358
2.1204984188079834 358
2.1288583278656006 358
2.137002944946289 357
2.145674467086792 356
2.154589891433716 356
2.1626977920532227 357
2.1735148429870605 358
2.1808793544769287 358
2.190342664718628 358
2.199469566345215 358
2.2076613903045654 357
2.2161147594451904 357
2.2263436317443848 356
2.234809398651123 357
2.2432873249053955 357
2.252164840698242 357
2.2599480152130127 357
2.2784252166748047 356
2.2878477573394775 356
2.2967326641082764 356
2.305562734603882 357
2.313992500305176 357
2.3247036933898926 357
2.3346731662750244 357
2.3433475494384766 356
2.352242946624756 356
2.3599929809570312 356
2.3694629669189453 357
2.3785929679870605 358
2.3888773918151855 358
2.39732027053833 357
2.406069278717041 356
2.414350748062134 355
2.4244420528411865 355
2.4327192306518555 356
2.4405434131622314 356
2.4497389793395996 356
2.4621546268463135 356
2.470951795578003 356
2.4805450439453125 357
2.4899468421936035 357
2.498296022415161 357
2.5069544315338135 356
2.516101598739624 356
2.524674892425537 356
2.533940553665161 356
2.5421857833862305 357
2.5505692958831787 357
2.558988332748413 356
2.568152666091919 356
2.5778541564941406 356
2.5865700244903564 357
2.595323085784912 357
2.6040596961975098 357
2.612217664718628 356
2.6206014156341553 356
2.6301016807556152 356
2.6384129524230957 356
2.6467254161834717 356
2.6560490131378174 357
2.6644206047058105 357
2.6738696098327637 357
2.683614730834961 356
2.6909236907958984 356
2.69954252243042 356
2.7084197998046875 356
2.717405080795288 356
2.72582745552063 356
2.735304117202759 356
2.743483304977417 356
2.752037525177002 356
2.760218381881714 356
2.7696774005889893 356
2.7779438495635986 356
2.7879819869995117 356
2.796279191970825 356
2.8047428131103516 356
2.814356565475464 356
2.8225958347320557 356
2.8322842121124268 356
2.840273141860962 356
2.849374771118164 356
2.8610520362854004 356
2.872201442718506 356
2.8823392391204834 356
2.8904011249542236 356
2.9009346961975098 356
2.9101765155792236 356
2.919405937194824 356
2.9276607036590576 355
2.9367520809173584 355
2.945615530014038 356
2.954584836959839 356
2.9626777172088623 356
2.9721453189849854 355
2.980574369430542 355
2.990060806274414 356
2.9983997344970703 356
3.006742000579834 356
3.016284942626953 356
3.024742603302002 355
3.0329995155334473 355
3.04215931892395 355
3.0505974292755127 356
3.059440851211548 356
3.068711996078491 356
3.0768826007843018 356
3.0869100093841553 356
3.0956685543060303 356
3.1039156913757324 355
3.112600326538086 355
3.1208276748657227 356
3.1296513080596924 356
3.138967752456665 356
3.14791202545166 355
3.1562793254852295 355
3.164705991744995 354
3.173889398574829 355
3.1827046871185303 356
3.192373275756836 356
3.200190782546997 356
3.2084410190582275 356
3.218029499053955 355
3.22644305229187 354
3.23490309715271 354
3.2444028854370117 355
3.2535645961761475 356
3.2662224769592285 356
3.2758922576904297 356
3.2849254608154297 355
3.2942304611206055 354
3.30251145362854 354
3.310458183288574 354
3.319520950317383 354
3.3277769088745117 355
3.3437154293060303 356
3.3526549339294434 356
3.360588312149048 355
3.370224714279175 354
3.3790221214294434 354
3.3876686096191406 354
3.3968653678894043 355
3.4065144062042236 355
3.41593599319458 355
3.4250237941741943 356
3.43354868888855 355
3.4426238536834717 355
3.4510278701782227 355
3.459726095199585 355
3.4687864780426025 356
3.4779207706451416 356
3.486361265182495 356
3.4960596561431885 355
3.504406452178955 354
3.513733148574829 354
3.5210421085357666 354
3.5302932262420654 355
3.538724422454834 355
3.5485594272613525 356
3.556830644607544 356
3.5655441284179688 355
3.57478404045105 354
3.583996534347534 354
3.592190980911255 355
3.6007590293884277 355
3.6100380420684814 356
3.618541955947876 355
3.6275722980499268 355
3.636007785797119 354
3.6461246013641357 354
3.6543984413146973 355
3.668416976928711 356
3.6778042316436768 356
3.6862399578094482 355
3.6956729888916016 354
3.7040820121765137 354
3.7130420207977295 354
3.720606803894043 355
3.7299444675445557 355
3.7383339405059814 355
3.7483017444610596 355
3.7565884590148926 354
3.76537823677063 354
3.774437427520752 354
3.7843668460845947 354
3.7955751419067383 354
3.808992624282837 355
3.8204450607299805 354
3.8334102630615234 354
3.8453800678253174 353
3.858125925064087 354
3.87080454826355 355
3.884390354156494 355
3.895001173019409 355
3.9045705795288086 354
3.9143075942993164 354
3.924354314804077 354
3.9325435161590576 354
3.9404029846191406 354
3.9503977298736572 354
3.9593710899353027 355
3.9687705039978027 354
3.9779815673828125 354
3.986332416534424 353
3.9947969913482666 353
4.00433611869812 354
4.013516187667847 354
4.020854949951172 354
4.029676675796509 354
4.038440227508545 354
4.047666788101196 354
4.056867599487305 354
4.0701353549957275 354
4.079456329345703 354
4.088025808334351 354
4.09628701210022 354
4.105844259262085 354
4.11490797996521 354
4.123432636260986 354
4.130746603012085 354
4.1406755447387695 354
4.1495068073272705 354
4.158477067947388 354
4.1669206619262695 354
4.176549196243286 354
4.185023784637451 354
4.19355034828186 354
4.200873851776123 354
4.211639165878296 354
4.219855546951294 354
4.228111982345581 354
4.236349582672119 354
4.246016502380371 354
4.255551815032959 354
4.264005422592163 354
4.274026870727539 354
4.28260612487793 354
4.290429592132568 354
4.298792839050293 354
4.308756589889526 354
4.316904067993164 354
4.325716733932495 354
4.335052013397217 354
4.34411358833313 354
4.352301359176636 354
4.36077880859375 354
4.370244979858398 354
4.379022121429443 354
4.387857675552368 354
4.39628791809082 354
4.4067535400390625 354
4.416640281677246 353
4.4264075756073 353
4.434929609298706 353
4.444320917129517 353
4.453791379928589 353
4.466846227645874 353
4.476491212844849 353
4.48504900932312 353
4.494429111480713 353
4.502603530883789 353
4.522390842437744 353
4.530383110046387 353
4.539467811584473 353
4.547651052474976 353
4.556029558181763 353
4.565619230270386 353
4.575562477111816 353
4.583848714828491 353
4.5916290283203125 353
4.59986138343811 353
4.609889984130859 353
4.618290424346924 353
4.626654148101807 353
4.6353678703308105 353
4.644107341766357 353
4.653395175933838 353
4.662458181381226 353
4.673423767089844 353
4.682035207748413 353
4.692036151885986 353
4.699850797653198 353
4.708542823791504 353
4.718016862869263 353
4.726329326629639 353
4.73481011390686 353
4.744138240814209 353
4.752335548400879 353
4.760616064071655 353
4.7723023891448975 353
4.7801430225372314 353
4.788572549819946 353
4.796783447265625 353
4.806122779846191 353
4.815671443939209 353
4.823936223983765 353
4.832170724868774 353
4.840601444244385 353
4.84902811050415 353
4.8575379848480225 353
4.873530864715576 353
4.881637334823608 353
4.889964818954468 353
4.898407220840454 353
4.907377004623413 353
4.916772365570068 353
4.925589323043823 353
4.934545278549194 353
4.945045471191406 353
4.953564882278442 353
4.9623777866363525 353
4.973485946655273 353
4.980847358703613 353
4.989813327789307 353
4.998108863830566 353
