0 0
0.013594627380371094 0
0.03848457336425781 0
0.06009078025817871 2
0.07763457298278809 7
0.08939456939697266 11
0.09790658950805664 14
0.10740160942077637 16
0.11532783508300781 18
0.12369608879089355 19
0.13309836387634277 21
0.14304637908935547 22
0.15130877494812012 24
0.15987443923950195 26
0.16826391220092773 29
0.1785566806793213 31
0.18760991096496582 32
0.19593119621276855 33
0.20452356338500977 35
0.21320676803588867 37
0.22177553176879883 40
0.23125195503234863 42
0.24031305313110352 43
0.24969172477722168 44
0.25803589820861816 46
0.26633167266845703 47
0.2752237319946289 49
0.28534722328186035 50
0.2936997413635254 51
0.3020927906036377 52
0.31120824813842773 54
0.3196849822998047 56
0.32802295684814453 59
0.33834290504455566 60
0.34753894805908203 61
0.35579347610473633 62
0.36379098892211914 63
0.37323975563049316 66
0.382479190826416 68
0.39150547981262207 69
0.39998316764831543 70
0.4092981815338135 70
0.4176650047302246 71
0.42592501640319824 72
0.4405665397644043 76
0.4501073360443115 79
0.459181547164917 82
0.4675614833831787 84
0.4763166904449463 85
0.48581576347351074 85
0.49420857429504395 86
0.5037558078765869 87
0.5121080875396729 90
0.5206196308135986 91
0.5292949676513672 92
0.5392360687255859 93
0.5493850708007812 93
0.5577278137207031 94
0.565903902053833 96
0.5743856430053711 98
0.5936360359191895 102
0.6077249050140381 103
0.6194636821746826 103
0.6311841011047363 105
0.6458683013916016 108
0.6579279899597168 112
0.6712732315063477 114
0.6829397678375244 114
0.6921882629394531 115
0.7020044326782227 116
0.7102763652801514 117
0.7191152572631836 119
0.7275564670562744 120
0.7375819683074951 122
0.747154951095581 123
0.7544939517974854 124
0.7634584903717041 126
0.7724025249481201 129
0.7806429862976074 131
0.7901854515075684 132
0.7994391918182373 132
0.8087000846862793 133
0.8173549175262451 134
0.8247363567352295 135
0.8404579162597656 138
0.8498566150665283 140
0.8584380149841309 140
0.8674936294555664 141
0.8757424354553223 142
0.8837666511535645 143
0.89353346824646 145
0.9033443927764893 146
0.911658525466919 147
0.9200420379638672 148
0.9284815788269043 148
0.9377129077911377 150
0.9482638835906982 152
0.9566373825073242 154
0.9643509387969971 154
0.9736416339874268 155
0.9819931983947754 155
0.9904723167419434 156
1.0014753341674805 157
1.0101475715637207 159
1.0191714763641357 160
1.0278761386871338 162
1.037114143371582 162
1.0471432209014893 163
1.0545835494995117 164
1.0635180473327637 165
1.0722527503967285 166
1.0805716514587402 168
1.0892877578735352 168
1.099320888519287 170
1.107635736465454 170
1.1159007549285889 171
1.1239910125732422 172
1.1332285404205322 173
1.142242431640625 174
1.151942253112793 176
1.1602702140808105 176
1.1703855991363525 176
1.1793427467346191 177
1.1876804828643799 178
1.1971776485443115 180
1.2070629596710205 182
1.2145442962646484 182
1.2233309745788574 182
1.2375144958496094 183
1.247762680053711 184
1.2559611797332764 186
1.2651798725128174 188
1.273512840270996 189
1.2820308208465576 190
1.2904798984527588 190
1.3010621070861816 190
1.3100924491882324 190
1.3186132907867432 192
1.3272647857666016 193
1.3361821174621582 195
1.344710350036621 196
1.3542935848236084 196
1.3632285594940186 196
1.3721747398376465 198
1.3804242610931396 198
1.3892226219177246 199
1.397914171218872 200
1.4075431823730469 201
1.4163358211517334 202
1.4242868423461914 202
1.4338207244873047 202
1.4431166648864746 203
1.4521057605743408 204
1.460451602935791 205
1.4698021411895752 206
1.478407621383667 207
1.486708402633667 208
1.4943079948425293 208
1.504497766494751 208
1.5137112140655518 208
1.5222163200378418 210
1.5315508842468262 211
1.5403215885162354 213
1.5500247478485107 214
1.5594613552093506 214
1.5684010982513428 214
1.5769963264465332 214
1.5844318866729736 215
1.5931553840637207 216
1.6031959056854248 218
1.6116373538970947 219
1.6204047203063965 220
1.6297097206115723 219
1.643251895904541 220
1.6516895294189453 221
1.6614930629730225 222
1.6705317497253418 223
1.679872989654541 224
1.6898603439331055 224
1.698674201965332 224
1.7080492973327637 225
1.716339111328125 226
1.7247037887573242 227
1.73396635055542 228
1.7433841228485107 228
1.7517571449279785 228
1.7619500160217285 228
1.7702929973602295 228
1.7792706489562988 229
1.7875359058380127 230
1.7963392734527588 230
1.8060405254364014 230
1.8139586448669434 231
1.8232016563415527 232
1.8322486877441406 234
1.8411717414855957 235
1.8501718044281006 235
1.8598644733428955 235
1.8690338134765625 235
1.8773605823516846 235
1.885263204574585 236
1.8935179710388184 238
1.9030036926269531 239
1.9121472835540771 239
1.9204845428466797 238
1.9299366474151611 238
1.9384708404541016 238
1.94864821434021 240
1.9593300819396973 242
1.9691131114959717 244
1.9775302410125732 244
1.9858028888702393 244
1.9943926334381104 244
2.004305601119995 245
2.014024257659912 246
2.02371883392334 249
2.039296865463257 249
2.049065589904785 249
2.0577497482299805 249
2.067948818206787 251
2.076256513595581 252
2.085928440093994 252
2.094266891479492 252
2.1030631065368652 252
2.112419366836548 253
2.1206233501434326 254
2.130030870437622 256
2.139477252960205 256
2.1500699520111084 256
2.1585934162139893 256
2.168968677520752 256
2.1773600578308105 258
2.185257911682129 259
2.1941773891448975 261
2.203082323074341 262
2.2126684188842773 262
2.220705032348633 262
2.230144500732422 263
2.238687753677368 265
2.2480523586273193 266
2.256301164627075 267
2.266643762588501 267
2.274243116378784 266
2.2830610275268555 266
2.291325330734253 267
2.3002586364746094 268
2.3087313175201416 269
2.3183417320251465 270
2.327120065689087 269
2.3358335494995117 268
2.344430446624756 268
2.353165626525879 268
2.3619813919067383 269
2.3715367317199707 270
2.3801167011260986 272
2.3886430263519287 272
2.3976547718048096 272
2.4058406352996826 272
2.413638114929199 272
2.4230806827545166 273
2.4321634769439697 275
2.4481117725372314 276
2.456347942352295 276
2.467064142227173 276
2.474416732788086 277
2.4831020832061768 278
2.4918911457061768 278
2.503528356552124 278
2.511875867843628 279
2.5215020179748535 280
2.5305254459381104 282
2.5397651195526123 282
2.549936294555664 282
2.5591113567352295 282
2.568098545074463 282
2.5763373374938965 283
2.584489345550537 285
2.594024896621704 286
2.602400541305542 287
2.6106181144714355 286
2.6203532218933105 286
2.6298205852508545 285
2.638655185699463 285
2.648512125015259 286
2.658565044403076 288
2.6714048385620117 288
2.683184862136841 288
2.695831298828125 288
2.707538604736328 289
2.7190189361572266 291
2.7319107055664062 292
2.745975971221924 292
2.756301164627075 291
2.7642016410827637 290
2.773709535598755 290
2.7820403575897217 291
2.791307210922241 292
2.79992938041687 294
2.8085126876831055 294
2.8170056343078613 293
2.827066421508789 293
2.8344080448150635 293
2.849557638168335 295
2.8587288856506348 296
2.8674323558807373 296
2.876737117767334 296
2.884411573410034 295
2.89361310005188 295
2.9020798206329346 296
2.9103519916534424 297
2.91939377784729 297
2.9298291206359863 297
2.9381062984466553 297
2.9479141235351562 297
2.957326889038086 298
2.9652655124664307 299
2.9744932651519775 300
2.983327865600586 300
2.9921276569366455 300
3.0003862380981445 300
3.0090839862823486 301
3.0178468227386475 302
3.028411865234375 303
3.03704833984375 303
3.045851945877075 302
3.055828332901001 301
3.063749074935913 301
3.0721771717071533 302
3.081538677215576 303
3.0906240940093994 303
3.0994622707366943 304
3.1084518432617188 304
3.116999626159668 304
3.1253371238708496 303
3.1344285011291504 304
3.1440351009368896 304
3.153247833251953 305
3.1643779277801514 305
3.1731274127960205 304
3.182391881942749 305
3.1915693283081055 305
3.1999623775482178 306
3.208418130874634 306
3.2170350551605225 306
3.225879430770874 306
3.234621047973633 306
3.2485806941986084 308
3.258371591567993 310
3.267094373703003 310
3.2744991779327393 310
3.2841951847076416 310
3.29428768157959 311
3.3033878803253174 311
3.312077760696411 311
3.321667194366455 312
3.3313190937042236 313
3.339930772781372 313
3.3493857383728027 313
3.359066963195801 313
3.3677451610565186 313
3.3775103092193604 314
3.3876655101776123 315
3.3959431648254395 315
3.4103035926818848 314
3.4195611476898193 313
3.42800235748291 313
3.4374399185180664 313
3.446713924407959 314
3.4557600021362305 315
3.4644775390625 315
3.4731826782226562 315
3.4814507961273193 315
3.4913108348846436 315
3.499887704849243 316
3.5083343982696533 316
3.517021656036377 316
3.5253071784973145 317
3.534435510635376 318
3.5445916652679443 318
3.553952693939209 317
3.563230276107788 316
3.571502923965454 316
3.5799810886383057 317
3.590085983276367 318
3.598679304122925 318
3.6072072982788086 318
3.614558458328247 318
3.6240601539611816 318
3.6323766708374023 318
3.647995948791504 320
3.657257080078125 320
3.665924072265625 321
3.6757915019989014 321
3.6836624145507812 321
3.693680763244629 321
3.7021162509918213 321
3.7103774547576904 322
3.7198729515075684 322
3.7283356189727783 323
3.7378571033477783 323
3.747523307800293 322
3.7571020126342773 321
3.764543294906616 322
3.773806571960449 322
3.782214403152466 323
3.7924323081970215 322
3.8006935119628906 322
3.809345245361328 322
3.817920684814453 322
3.8261313438415527 323
3.8341591358184814 324
3.844548463821411 324
3.853900909423828 323
3.86269211769104 322
3.8717195987701416 322
3.880131483078003 322
3.8899173736572266 322
3.8983709812164307 323
3.907015562057495 324
3.914458990097046 324
3.9237489700317383 324
3.9322006702423096 322
3.945936441421509 323
3.9558990001678467 324
3.9638304710388184 325
3.9723527431488037 326
3.980541229248047 325
3.9898393154144287 324
4.00044322013855 325
4.010151624679565 326
4.019282341003418 326
4.0275352001190186 326
4.035724401473999 326
4.049998760223389 326
4.059589862823486 326
4.068460464477539 327
4.0775792598724365 327
4.0867369174957275 328
4.0961594581604 326
4.104149341583252 326
4.112495183944702 326
4.121397495269775 327
4.129939317703247 328
4.1385886669158936 328
4.14962363243103 328
4.1579155921936035 328
4.166180849075317 328
4.175732374191284 328
4.184204816818237 328
4.1925530433654785 329
4.202138662338257 330
4.210493564605713 330
4.219851493835449 329
4.22838020324707 328
4.237134218215942 328
4.248202562332153 330
4.25695013999939 330
4.264428615570068 331
4.273293733596802 331
4.281962871551514 330
4.290315628051758 330
4.299973249435425 331
4.308578729629517 332
4.317891597747803 332
4.326188325881958 332
4.334051132202148 332
4.343404769897461 332
4.353234767913818 332
4.361629009246826 332
4.3698859214782715 332
4.378393173217773 333
4.388354063034058 334
4.397094488143921 334
4.406178712844849 333
4.415292739868164 332
4.423777341842651 332
4.432104587554932 332
4.440498352050781 333
4.454698801040649 334
4.463506460189819 334
4.472002267837524 333
4.481703281402588 332
4.490095376968384 332
4.498569488525391 333
4.508050203323364 334
4.517212867736816 335
4.524636268615723 334
4.533652067184448 334
4.543987274169922 333
4.5541815757751465 333
4.562548875808716 334
4.573162317276001 334
4.582535743713379 334
4.590681791305542 334
4.5994884967803955 334
4.609393119812012 334
4.618255376815796 334
4.6263508796691895 335
4.634320497512817 335
4.643826007843018 335
4.654026508331299 334
4.662631988525391 334
4.670729160308838 335
4.680069208145142 335
4.689204692840576 335
4.697502613067627 335
4.707162380218506 334
4.716050386428833 334
4.724023818969727 335
4.7325053215026855 336
4.74429178237915 336
4.75787091255188 334
4.7691428661346436 333
4.781797647476196 333
4.793904781341553 334
4.8076231479644775 336
4.819128751754761 336
4.830343008041382 335
4.839598655700684 334
4.854054689407349 334
4.8636510372161865 335
4.8722312450408936 336
4.8816978931427 337
4.890134334564209 338
4.899492502212524 338
4.908725023269653 336
4.917956590652466 336
4.926201581954956 336
4.934010744094849 336
4.949249267578125 336
4.958516836166382 336
4.966979026794434 337
4.974484443664551 337
4.983668327331543 337
4.991973161697388 337
5.000258684158325 336
