0 0
0.01592230796813965 0
0.03600025177001953 0
0.053678274154663086 0
0.0729360580444336 2
0.0855255126953125 5
0.09333562850952148 7
0.1016988754272461 11
0.11005949974060059 14
0.11970162391662598 20
0.12824153900146484 24
0.13768386840820312 30
0.14717936515808105 34
0.15636944770812988 40
0.1640174388885498 46
0.17280292510986328 51
0.1882622241973877 62
0.19752025604248047 69
0.20588254928588867 75
0.21385765075683594 80
0.22303390502929688 86
0.2312939167022705 94
0.24115705490112305 100
0.2511866092681885 106
0.25951123237609863 112
0.271517276763916 122
0.27993035316467285 127
0.28993678092956543 134
0.298900842666626 139
0.3071722984313965 144
0.31537890434265137 150
0.323777437210083 154
0.33271002769470215 159
0.34728050231933594 166
0.3592674732208252 173
0.3701648712158203 179
0.3816566467285156 186
0.3971748352050781 192
0.40865230560302734 198
0.4203770160675049 203
0.43187689781188965 208
0.448958158493042 215
0.4580531120300293 219
0.4665999412536621 222
0.47396016120910645 225
0.4834780693054199 228
0.49297165870666504 231
0.5017263889312744 235
0.5101163387298584 238
0.5190591812133789 240
0.5277004241943359 243
0.5359630584716797 246
0.5468893051147461 249
0.555626630783081 252
0.5635051727294922 254
0.5718355178833008 256
0.5800621509552002 258
0.590266227722168 261
0.5990939140319824 263
0.6080784797668457 266
0.6170487403869629 268
0.624366044998169 270
0.6331503391265869 271
0.6434504985809326 274
0.6528034210205078 276
0.661264181137085 278
0.6734898090362549 280
0.6827316284179688 282
0.6921110153198242 284
0.7003622055053711 285
0.7096347808837891 287
0.7191541194915771 289
0.7274141311645508 290
0.7356982231140137 292
0.7455837726593018 294
0.7539269924163818 295
0.7627980709075928 296
0.7711458206176758 297
0.7796423435211182 299
0.7889118194580078 300
0.7983107566833496 301
0.8071656227111816 302
0.816279411315918 304
0.8239274024963379 305
0.832697868347168 306
0.8420357704162598 307
0.8517653942108154 308
0.860069751739502 309
0.8687736988067627 310
0.8770911693572998 311
0.8860151767730713 312
0.8955514430999756 313
0.9099299907684326 315
0.9190230369567871 316
0.9272994995117188 316
0.9354815483093262 317
0.9466755390167236 318
0.9540414810180664 318
0.9628477096557617 319
0.9710953235626221 320
0.9801316261291504 320
0.9888293743133545 321
0.9979634284973145 322
1.0062973499298096 322
1.0157122611999512 323
1.0236575603485107 324
1.0320560932159424 324
1.0406558513641357 325
1.0512633323669434 325
1.0595364570617676 326
1.0715765953063965 326
1.0808658599853516 327
1.089404582977295 328
1.0990381240844727 328
1.107485055923462 328
1.1171910762786865 329
1.1254606246948242 330
1.1332964897155762 330
1.1428935527801514 330
1.1526639461517334 331
1.1609187126159668 331
1.1693332195281982 332
1.1786324977874756 332
1.1869027614593506 332
1.1941752433776855 332
1.203843593597412 333
1.2133638858795166 333
1.2221789360046387 334
1.230642557144165 334
1.2391986846923828 334
1.2499308586120605 334
1.2588386535644531 334
1.2671620845794678 334
1.2749340534210205 335
1.2837903499603271 335
1.2921433448791504 335
1.3015398979187012 335
1.309783935546875 336
1.319061040878296 336
1.327326774597168 336
1.3355059623718262 336
1.34676194190979 336
1.355698585510254 336
1.363480567932129 336
1.3718810081481934 336
1.381105661392212 336
1.389373779296875 336
1.3976585865020752 336
1.4079499244689941 336
1.417391300201416 336
1.426295280456543 336
1.4338977336883545 336
1.4440793991088867 336
1.4534766674041748 336
1.4618122577667236 336
1.4742448329925537 336
1.4834489822387695 336
1.4918427467346191 336
1.5002796649932861 336
1.5103614330291748 336
1.5189838409423828 336
1.5276553630828857 336
1.5358331203460693 336
1.545647144317627 336
1.5534026622772217 336
1.562962293624878 336
1.5716559886932373 336
1.581162452697754 336
1.5898160934448242 336
1.5995798110961914 336
1.6102194786071777 336
1.619464635848999 336
1.6287517547607422 336
1.6373913288116455 336
1.6473493576049805 336
1.6555120944976807 336
1.665644645690918 336
1.67386794090271 336
1.683711290359497 336
1.6931266784667969 336
1.7018365859985352 336
1.7117350101470947 336
1.7198951244354248 336
1.7294511795043945 336
1.7380249500274658 336
1.7473018169403076 336
1.7554614543914795 336
1.764162540435791 336
1.7728049755096436 336
1.7814052104949951 336
1.7896814346313477 336
1.7982439994812012 336
1.80672025680542 336
1.8167448043823242 336
1.824016809463501 336
1.833176851272583 336
1.8421056270599365 336
1.8502438068389893 336
1.85902738571167 336
1.8718891143798828 336
1.8811819553375244 336
1.8896818161010742 336
1.898266315460205 336
1.9067425727844238 336
1.9175047874450684 336
1.9274389743804932 336
1.9362938404083252 336
1.9459540843963623 336
1.953728437423706 336
1.963099718093872 336
1.9713637828826904 336
1.9803721904754639 336
1.9889543056488037 336
1.9971871376037598 336
2.007692575454712 336
2.017317771911621 336
2.0254878997802734 336
2.0337185859680176 336
2.0439834594726562 336
2.052621603012085 336
2.0606930255889893 336
2.0702576637268066 336
2.0795114040374756 336
2.087853193283081 336
2.09596586227417 336
2.103860378265381 336
2.1129510402679443 336
2.1221115589141846 336
2.1309733390808105 336
2.1400580406188965 336
2.1494619846343994 336
2.158012866973877 336
2.167171001434326 336
2.1757991313934326 336
2.183610200881958 336
2.1918811798095703 336
2.200084924697876 336
2.2092058658599854 336
2.2188117504119873 336
2.2270898818969727 336
2.2349021434783936 336
2.2456207275390625 336
2.2534172534942627 336
2.2617130279541016 336
2.2758424282073975 336
2.2839012145996094 336
2.2926764488220215 336
2.3009696006774902 336
2.3095827102661133 336
2.3189730644226074 336
2.3276596069335938 336
2.335906744003296 336
2.3467233180999756 336
2.3540029525756836 336
2.3626468181610107 336
2.3727047443389893 336
2.3808658123016357 336
2.389139175415039 336
2.3975210189819336 336
2.4068002700805664 336
2.4141318798065186 336
2.4278805255889893 336
2.440173864364624 336
2.4529190063476562 336
2.4641430377960205 336
2.478069305419922 336
2.4892518520355225 336
2.5000295639038086 336
2.512159585952759 336
2.5227231979370117 336
2.530946969985962 336
2.5401878356933594 336
2.549818992614746 336
2.558223247528076 336
2.5666825771331787 336
2.5770137310028076 336
2.5843429565429688 336
2.592984437942505 336
2.601228952407837 336
2.6100592613220215 336
2.618727445602417 336
2.6278560161590576 336
2.635991096496582 335
2.645894765853882 335
2.6540913581848145 335
2.662799119949341 335
2.677251100540161 334
2.685480833053589 334
2.6934943199157715 334
2.702122211456299 334
2.711091995239258 333
2.7194690704345703 333
2.728935480117798 333
2.7417666912078857 333
2.7500827312469482 332
2.7589426040649414 332
2.767202377319336 332
2.7771759033203125 332
2.785348415374756 332
2.793149471282959 332
2.8015694618225098 332
2.8108978271484375 331
2.8194570541381836 331
2.8290200233459473 330
2.837599039077759 330
2.847010612487793 330
2.855780839920044 330
2.8635847568511963 330
2.8726930618286133 330
2.8820276260375977 330
2.8902087211608887 330
2.8988373279571533 330
2.9077186584472656 329
2.915996551513672 329
2.9237897396087646 329
2.9334590435028076 329
2.945591449737549 328
2.953453779220581 328
2.9622764587402344 328
2.9713692665100098 328
2.980302095413208 328
2.9889464378356934 328
2.997404098510742 327
3.006579875946045 327
3.0139687061309814 327
3.0226974487304688 327
3.0318658351898193 327
3.0418319702148438 326
3.050118923187256 326
3.0594727993011475 326
3.0687429904937744 326
3.081988573074341 326
3.090226411819458 326
3.099008083343506 325
3.1078922748565674 325
3.115983486175537 325
3.1238975524902344 325
3.134085178375244 324
3.143601894378662 324
3.1520133018493652 324
3.160953998565674 324
3.1697850227355957 324
3.1783626079559326 324
3.1880481243133545 324
3.196275472640991 324
3.204979181289673 324
3.213129758834839 324
3.2214090824127197 323
3.2297110557556152 323
3.239999294281006 323
3.2491872310638428 323
3.257441997528076 322
3.2670280933380127 322
3.274925708770752 322
3.283867597579956 322
3.2926924228668213 322
3.3018577098846436 322
3.3100204467773438 322
3.318851947784424 322
3.327101230621338 322
3.336920976638794 321
3.347048044204712 321
3.361398935317993 321
3.3703560829162598 321
3.3789732456207275 321
3.3881592750549316 321
3.3966445922851562 320
3.405456781387329 320
3.413332223892212 321
3.421833038330078 321
3.4300436973571777 321
3.440276622772217 320
3.45096755027771 320
3.4594831466674805 320
3.469058036804199 320
3.481337547302246 320
3.4909350872039795 320
3.499943256378174 320
3.5087876319885254 319
3.517213821411133 319
3.5254905223846436 319
3.5339324474334717 319
3.544853687286377 318
3.5531656742095947 318
3.5614945888519287 318
3.5708415508270264 318
3.5794312953948975 318
3.587738037109375 318
3.5981152057647705 317
3.6066665649414062 317
3.614081859588623 317
3.622861385345459 317
3.6315369606018066 317
3.6415648460388184 317
3.6498351097106934 316
3.6587367057800293 316
3.6676769256591797 316
3.676804780960083 316
3.6841864585876465 316
3.6936798095703125 316
3.702996253967285 315
3.71148943901062 315
3.719909191131592 315
3.728665828704834 315
3.737457513809204 315
3.7502901554107666 314
3.758965015411377 314
3.7680883407592773 314
3.776825189590454 314
3.784174919128418 314
3.793633460998535 314
3.804957389831543 314
3.813194990158081 313
3.821587324142456 313
3.8308236598968506 313
3.8393540382385254 313
3.8493759632110596 312
3.858879327774048 312
3.8685998916625977 312
3.8811967372894287 312
3.8895764350891113 312
3.899803876876831 312
3.908782482147217 312
3.9170570373535156 312
3.9243645668029785 312
3.9337785243988037 312
3.9431657791137695 312
3.952619791030884 312
3.960953950881958 311
3.9698398113250732 311
3.978347063064575 311
3.987353801727295 311
3.9970641136169434 310
4.004915475845337 310
4.013469696044922 310
4.022019386291504 310
4.030958890914917 310
4.039337396621704 310
4.049317836761475 310
4.057617425918579 310
4.066809892654419 310
4.074127197265625 310
4.083420753479004 310
4.091726064682007 310
4.10173225402832 310
4.110008239746094 310
4.118716478347778 310
4.127005100250244 310
4.135711431503296 310
4.1443445682525635 309
4.1538684368133545 309
4.163324356079102 308
4.171645164489746 308
4.179926872253418 308
4.1890692710876465 308
4.198078870773315 308
4.207413673400879 308
4.215591669082642 308
4.223386764526367 308
4.2328269481658936 308
4.241730690002441 308
4.251396656036377 308
4.259815454483032 308
4.268813610076904 308
4.2803521156311035 308
4.289595365524292 308
4.299016952514648 308
4.308681964874268 308
4.317069053649902 308
4.324891567230225 308
4.333761215209961 308
4.343584299087524 307
4.353034019470215 307
4.362256050109863 306
4.372745990753174 306
4.381645202636719 306
4.390626907348633 306
4.399737596511841 306
4.4092700481414795 306
4.4175803661346436 306
4.425790309906006 306
4.433918237686157 305
4.443660497665405 305
4.452045440673828 305
4.462265253067017 304
4.470672607421875 304
4.479123830795288 304
4.487515926361084 304
4.497445344924927 304
4.509871959686279 304
4.521495580673218 304
4.533628702163696 304
4.546658277511597 304
4.560044288635254 303
4.571682929992676 303
4.581160068511963 302
4.589520215988159 302
4.59912371635437 302
4.608225584030151 302
4.616897821426392 302
4.6241912841796875 302
4.633296728134155 302
4.6427552700042725 302
4.6511006355285645 302
4.660972356796265 301
4.669411659240723 301
4.681667804718018 300
4.690035343170166 300
4.700138807296753 300
4.709774017333984 300
4.718240022659302 300
4.727025985717773 300
4.734360694885254 300
4.743818283081055 299
4.752753019332886 299
4.762184381484985 299
4.770334005355835 299
4.778993606567383 299
4.787230968475342 299
4.7966203689575195 298
4.805354118347168 298
4.8139801025390625 298
4.822652101516724 298
4.831478834152222 298
4.839710712432861 298
4.849179267883301 298
4.858367204666138 298
4.86785626411438 298
4.875962734222412 298
4.885767459869385 298
4.893941164016724 297
4.903176307678223 297
4.912750244140625 297
4.921141624450684 297
4.930060863494873 296
4.938827276229858 296
4.947726726531982 296
4.955935716629028 296
4.965949773788452 296
4.973756790161133 296
4.9823222160339355 296
4.991463661193848 295
4.999777793884277 295
