0 0
0.013968229293823242 0
0.033629417419433594 0
0.05048513412475586 2
0.06809377670288086 5
0.08631634712219238 12
0.0964651107788086 16
0.1057577133178711 21
0.11411499977111816 26
0.1228938102722168 32
0.130873441696167 36
0.14049673080444336 41
0.14901328086853027 48
0.1583106517791748 53
0.1666414737701416 60
0.1752490997314453 66
0.18438506126403809 72
0.1946103572845459 80
0.2039015293121338 86
0.21179890632629395 92
0.22088980674743652 100
0.22972846031188965 106
0.2391374111175537 114
0.2535438537597656 125
0.2610135078430176 131
0.2698974609375 137
0.2784383296966553 145
0.2877495288848877 156
0.3008537292480469 163
0.3097951412200928 169
0.31897926330566406 178
0.32723522186279297 184
0.3359949588775635 190
0.3464384078979492 200
0.3558840751647949 207
0.36447811126708984 215
0.3728923797607422 222
0.3807811737060547 228
0.3923971652984619 238
0.4004092216491699 243
0.4137110710144043 254
0.42606568336486816 264
0.4377779960632324 274
0.45119357109069824 288
0.4638032913208008 296
0.47565579414367676 306
0.48967933654785156 317
0.49967026710510254 326
0.508044958114624 332
0.5164921283721924 341
0.5257394313812256 347
0.5341863632202148 354
0.5425028800964355 361
0.5528836250305176 367
0.5607829093933105 372
0.5695688724517822 375
0.5779008865356445 378
0.5869789123535156 380
0.5971934795379639 382
0.6061913967132568 383
0.6146383285522461 383
0.6240789890289307 382
0.6323771476745605 380
0.6402819156646729 378
0.6556589603424072 373
0.6642906665802002 370
0.6724996566772461 366
0.6804590225219727 363
0.6904070377349854 359
0.7000410556793213 356
0.7084226608276367 354
0.7183036804199219 352
0.7327206134796143 352
0.7407863140106201 353
0.7507507801055908 354
0.7592039108276367 356
0.7672984600067139 358
0.7760066986083984 360
0.7849621772766113 361
0.7943167686462402 362
0.8038163185119629 362
0.8111531734466553 361
0.8207535743713379 360
0.8292391300201416 359
0.8376336097717285 358
0.8462326526641846 358
0.8561403751373291 358
0.8645641803741455 358
0.8728005886077881 359
0.8806591033935547 359
0.8908901214599609 360
0.8995907306671143 360
0.9090063571929932 359
0.9179108142852783 359
0.9271531105041504 359
0.935805082321167 359
0.9440343379974365 358
0.9542999267578125 358
0.962533712387085 358
0.9704940319061279 358
0.978757381439209 359
0.988661527633667 359
0.9970810413360596 359
1.006507396697998 359
1.015754222869873 358
1.0246949195861816 358
1.0328764915466309 358
1.040677785873413 359
1.055920124053955 359
1.0643548965454102 360
1.072547197341919 359
1.0811772346496582 359
1.090590476989746 359
1.0988044738769531 359
1.1082639694213867 359
1.1171283721923828 359
1.1258676052093506 358
1.1341662406921387 358
1.14235258102417 358
1.1508369445800781 359
1.1604368686676025 359
1.1686897277832031 359
1.176863670349121 359
1.186157464981079 359
1.1955931186676025 358
1.2039852142333984 358
1.213740587234497 358
1.2210814952850342 359
1.2302417755126953 359
1.238532543182373 359
1.2476308345794678 359
1.2569124698638916 358
1.265916109085083 358
1.274177074432373 358
1.2828419208526611 358
1.291079044342041 359
1.2997429370880127 359
1.3089933395385742 359
1.3181309700012207 359
1.3271360397338867 358
1.3358440399169922 358
1.3440866470336914 358
1.3529021739959717 359
1.3618979454040527 359
1.3700876235961914 359
1.3783440589904785 358
1.3886268138885498 358
1.3968453407287598 358
1.4056224822998047 358
1.4151968955993652 358
1.4236772060394287 359
1.4323148727416992 359
1.4429075717926025 359
1.4561567306518555 358
1.4657940864562988 358
1.474276065826416 358
1.4832563400268555 358
1.4924609661102295 358
1.500220775604248 358
1.5086257457733154 357
1.518517017364502 357
1.526787281036377 357
1.535207986831665 358
1.543699026107788 358
1.5524349212646484 358
1.5602333545684814 358
1.569812297821045 358
1.5784881114959717 358
1.5870020389556885 357
1.5962364673614502 357
1.6046428680419922 358
1.6146636009216309 358
1.6228954792022705 358
1.6307830810546875 358
1.6399750709533691 358
1.6490967273712158 357
1.6572718620300293 357
1.6667842864990234 357
1.6752827167510986 358
1.6843905448913574 358
1.6938536167144775 358
1.7011339664459229 358
1.7097723484039307 358
1.7199218273162842 357
1.7282400131225586 357
1.7364439964294434 357
1.746229648590088 358
1.7545838356018066 358
1.762808084487915 358
1.7718539237976074 358
1.7808330059051514 357
1.790191411972046 357
1.7984657287597656 357
1.806917428970337 357
1.8169653415679932 358
1.825669288635254 358
1.8338909149169922 358
1.8411359786987305 357
1.8546595573425293 357
1.8628902435302734 357
1.872819185256958 357
1.8812873363494873 357
1.8923273086547852 358
1.9002149105072021 358
1.9086756706237793 358
1.918548583984375 357
1.927116870880127 357
1.9357538223266602 357
1.9452226161956787 357
1.9544620513916016 357
1.9626235961914062 357
1.9711003303527832 358
1.9803411960601807 358
1.9899051189422607 358
1.9981369972229004 357
2.0080454349517822 357
2.016810655593872 357
2.0262789726257324 357
2.0347959995269775 357
2.0442681312561035 357
2.0525145530700684 358
2.060319662094116 358
2.0685923099517822 357
2.0785915851593018 357
2.086968183517456 357
2.0961694717407227 357
2.104527235031128 357
2.11372447013855 357
2.122757911682129 357
2.130516767501831 357
2.138742208480835 357
2.1482138633728027 357
2.1565215587615967 357
2.1651384830474854 357
2.1751861572265625 357
2.1836962699890137 357
2.1924588680267334 357
2.2002623081207275 357
2.2090747356414795 357
2.2171432971954346 358
2.226646661758423 358
2.235109567642212 357
2.2442305088043213 357
2.2567336559295654 357
2.265308380126953 357
2.2757346630096436 357
2.2959144115448 357
2.305797576904297 357
2.3146908283233643 357
2.323894739151001 357
2.3329474925994873 357
2.341841459274292 357
2.353710651397705 357
2.3610427379608154 357
2.3697023391723633 357
2.379622459411621 357
2.3884317874908447 356
2.3967370986938477 356
2.406217336654663 356
2.415642738342285 356
2.424008369445801 357
2.4335238933563232 357
2.442345142364502 357
2.450101852416992 357
2.458353042602539 356
2.466784954071045 356
2.4759602546691895 356
2.486098289489746 356
2.4983971118927 356
2.510578155517578 356
2.5235657691955566 356
2.5359277725219727 356
2.547312021255493 356
2.5599260330200195 356
2.5712437629699707 356
2.585965156555176 356
2.5970585346221924 356
2.6061110496520996 356
2.6143994331359863 356
2.622570276260376 356
2.6311426162719727 356
2.6404123306274414 356
2.6537299156188965 356
2.6623151302337646 356
2.670228958129883 356
2.6790757179260254 356
2.6896979808807373 356
2.6978611946105957 356
2.7068347930908203 356
2.7152082920074463 356
2.7236602306365967 356
2.7309203147888184 356
2.7408859729766846 356
2.7498221397399902 356
2.7580559253692627 356
2.7664902210235596 356
2.7756049633026123 356
2.7851758003234863 356
2.794522285461426 356
2.8026909828186035 356
2.811033248901367 356
2.819805383682251 356
2.828749179840088 356
2.8385374546051025 356
2.8467671871185303 356
2.8552470207214355 356
2.864264965057373 356
2.8735318183898926 356
2.881006956100464 356
2.892747402191162 356
2.9005606174468994 356
2.9098362922668457 356
2.9199399948120117 356
2.9285836219787598 356
2.938605785369873 356
2.9475598335266113 356
2.956012487411499 356
2.96433162689209 356
2.974126100540161 356
2.9822885990142822 356
2.992570161819458 356
3.000413417816162 356
3.0091309547424316 356
3.0172829627990723 356
3.0259199142456055 356
3.0341691970825195 356
3.0443692207336426 356
3.05649995803833 356
3.065836191177368 356
3.0756900310516357 356
3.084059238433838 356
3.094057321548462 356
3.1017942428588867 356
3.110555648803711 356
3.119588851928711 356
3.1279101371765137 356
3.136843681335449 356
3.1464273929595947 356
3.1548287868499756 356
3.1629202365875244 356
3.1723504066467285 356
3.1801397800445557 356
3.1897175312042236 356
3.1988024711608887 356
3.2078745365142822 356
3.2162132263183594 356
3.22448468208313 356
3.2327325344085693 355
3.242636203765869 355
3.2506444454193115 355
3.2589704990386963 355
3.267094612121582 355
3.277287006378174 355
3.285857677459717 355
3.2958366870880127 355
3.304478168487549 355
3.3126511573791504 355
3.3204071521759033 355
3.328655242919922 355
3.3377585411071777 355
3.346813678741455 355
3.355198860168457 355
3.370285749435425 355
3.3791165351867676 355
3.3884031772613525 355
3.3979125022888184 355
3.406891107559204 355
3.415623426437378 355
3.42414927482605 355
3.433551073074341 355
3.4423627853393555 355
3.4510648250579834 355
3.464056968688965 355
3.472715139389038 355
3.4810547828674316 355
3.490739107131958 355
3.5002408027648926 355
3.509530544281006 355
3.517634153366089 355
3.526087999343872 355
3.5350587368011475 355
3.5436878204345703 355
3.5528371334075928 355
3.560666561126709 355
3.5699708461761475 355
3.5782182216644287 355
3.5871713161468506 355
3.5965280532836914 355
3.6068503856658936 355
3.6155471801757812 355
3.623804807662964 355
3.6311378479003906 355
3.640653371810913 355
3.6500320434570312 355
3.6583290100097656 355
3.667572498321533 355
3.6760082244873047 355
3.685023546218872 355
3.6943390369415283 355
3.7041711807250977 355
3.7123959064483643 355
3.720228672027588 355
3.7286953926086426 355
3.7378361225128174 355
3.7462239265441895 355
3.7556674480438232 355
3.7639496326446533 355
3.772799253463745 355
3.7805991172790527 355
3.790719747543335 355
3.800718069076538 355
3.809114456176758 355
3.8172645568847656 355
3.825941801071167 355
3.8356354236602783 355
3.844088315963745 355
3.8568828105926514 355
3.8661954402923584 355
3.874588966369629 355
3.8828532695770264 355
3.893840789794922 355
3.9040725231170654 355
3.9122884273529053 355
3.9202322959899902 355
3.928529977798462 355
3.9384262561798096 355
3.947784423828125 355
3.95688533782959 355
3.966395139694214 354
3.9746830463409424 355
3.9829022884368896 355
3.993191719055176 355
4.001199007034302 355
4.010713815689087 354
4.0191261768341064 354
4.027806997299194 354
4.036726236343384 354
4.045198202133179 354
4.0536932945251465 354
4.062808275222778 354
4.071122884750366 354
4.079869985580444 354
4.089132785797119 355
4.098687171936035 355
4.108160734176636 355
4.116581439971924 354
4.1250481605529785 354
4.13425612449646 354
4.142412185668945 354
4.150405406951904 354
4.159986972808838 354
4.1687095165252686 354
4.176940202713013 354
4.185657739639282 354
4.195608854293823 353
4.204910516738892 353
4.214285850524902 353
4.222514629364014 354
4.230963706970215 354
4.2396399974823 354
4.2480926513671875 354
4.26082706451416 354
4.270251989364624 353
4.278670310974121 353
4.287203311920166 354
4.29802131652832 354
4.306369781494141 354
4.315820217132568 354
4.324345827102661 354
4.333250522613525 353
4.340833425521851 353
4.349126815795898 353
4.357587099075317 354
4.36726188659668 354
4.376050233840942 354
4.384457111358643 354
4.393794059753418 353
4.402729272842407 353
4.411871433258057 353
4.42003870010376 353
4.428273439407349 353
4.437068462371826 353
4.446451187133789 353
4.455202341079712 353
4.4652793407440186 354
4.473803758621216 354
4.481123208999634 354
4.490605115890503 353
4.499910116195679 353
4.508792161941528 353
4.5182342529296875 353
4.526489734649658 353
4.535766124725342 353
4.54399037361145 353
4.551273584365845 353
4.559910535812378 353
4.573260068893433 353
4.584459066390991 353
4.5966503620147705 354
4.6096274852752686 354
4.622661113739014 354
4.635209560394287 353
4.646546840667725 353
4.662288188934326 352
4.6725850105285645 352
4.680553913116455 353
4.690361738204956 353
4.698660612106323 353
4.708413124084473 353
4.717851161956787 352
4.726303339004517 352
4.734618902206421 352
4.7438483238220215 352
4.751164674758911 353
4.759839296340942 353
4.769824266433716 353
4.77808141708374 353
4.7864580154418945 352
4.795907258987427 352
4.804560422897339 352
4.813630819320679 352
4.822634935379028 353
4.830467939376831 353
4.83925986289978 353
4.847604990005493 352
4.855999708175659 352
4.8645079135894775 352
4.874138355255127 352
4.882288694381714 352
4.89230489730835 352
4.9001898765563965 352
4.909034729003906 352
4.918046712875366 352
4.927278518676758 352
4.935927152633667 352
4.944634914398193 352
4.952893972396851 352
4.963802099227905 352
4.973252296447754 352
4.98108983039856 352
4.99065899848938 352
4.9989824295043945 352
