0 0
0.053528785705566406 0
0.08287549018859863 0
0.11299657821655273 5
0.1403336524963379 18
0.176039457321167 35
0.19175434112548828 42
0.20501208305358887 45
0.2133007049560547 47
0.22234702110290527 48
0.2318429946899414 50
0.24022579193115234 52
0.24899864196777344 53
0.25788092613220215 56
0.266232967376709 58
0.27497434616088867 60
0.28501057624816895 62
0.2934529781341553 63
0.30307674407958984 65
0.3113880157470703 67
0.3198127746582031 70
0.3292863368988037 72
0.33762192726135254 75
0.349139928817749 76
0.3596973419189453 78
0.36829471588134766 79
0.3770604133605957 81
0.38731813430786133 83
0.39574408531188965 87
0.4050137996673584 89
0.4134364128112793 90
0.4226338863372803 91
0.4317784309387207 92
0.4396507740020752 93
0.4481668472290039 97
0.45737648010253906 99
0.4657011032104492 100
0.4747276306152344 101
0.4850606918334961 103
0.4933621883392334 105
0.5027461051940918 107
0.5101876258850098 109
0.5198197364807129 110
0.5282988548278809 111
0.5378761291503906 113
0.5461471080780029 114
0.557077169418335 117
0.5662145614624023 119
0.5749843120574951 121
0.5847194194793701 123
0.5932035446166992 124
0.6027615070343018 125
0.6101861000061035 125
0.6195950508117676 127
0.6280150413513184 129
0.6374666690826416 131
0.6458718776702881 132
0.6552951335906982 132
0.6637067794799805 133
0.6719472408294678 134
0.6797409057617188 135
0.6899158954620361 138
0.6992466449737549 140
0.7076635360717773 141
0.7170567512512207 142
0.7253897190093994 143
0.7348313331604004 145
0.7433199882507324 147
0.757636308670044 150
0.766049861907959 151
0.7750241756439209 151
0.7838435173034668 152
0.7931797504425049 153
0.8027262687683105 155
0.8101985454559326 157
0.8194527626037598 159
0.8278276920318604 160
0.8374805450439453 161
0.8458003997802734 162
0.8553884029388428 163
0.8637008666992188 165
0.8719418048858643 166
0.8797662258148193 167
0.88950514793396 168
0.8989672660827637 170
0.9075605869293213 171
0.9163472652435303 172
0.9257183074951172 172
0.9352941513061523 173
0.9447603225708008 175
0.9539659023284912 177
0.9623403549194336 177
0.969947099685669 178
0.9787390232086182 179
0.9887754917144775 180
0.9988558292388916 181
1.0071306228637695 183
1.0162510871887207 184
1.0249874591827393 185
1.0334043502807617 186
1.0429930686950684 186
1.0516858100891113 187
1.0594890117645264 188
1.0693879127502441 189
1.0778834819793701 191
1.087181806564331 191
1.0977716445922852 193
1.1068291664123535 193
1.1161012649536133 195
1.1259677410125732 196
1.1358842849731445 197
1.147491455078125 199
1.1600568294525146 200
1.1695857048034668 200
1.178170919418335 200
1.1875898838043213 201
1.197866678237915 203
1.2060937881469727 205
1.2151985168457031 206
1.2235519886016846 207
1.231877326965332 207
1.240161418914795 207
1.2508666515350342 207
1.259371042251587 208
1.26869797706604 211
1.2770729064941406 212
1.2859113216400146 213
1.2956862449645996 214
1.304861307144165 214
1.3140220642089844 215
1.3223011493682861 216
1.3298957347869873 217
1.3414568901062012 218
1.3519370555877686 219
1.3599083423614502 219
1.3687243461608887 220
1.3771586418151855 221
1.3859164714813232 221
1.3954246044158936 222
1.4048700332641602 223
1.413513422012329 224
1.4218039512634277 225
1.4309136867523193 225
1.4434559345245361 225
1.4571080207824707 226
1.4689733982086182 228
1.4820282459259033 231
1.493473768234253 233
1.5072033405303955 232
1.5191969871520996 231
1.5300664901733398 231
1.5388531684875488 231
1.5489006042480469 233
1.5617053508758545 235
1.5697572231292725 237
1.5818166732788086 239
1.5898897647857666 239
1.6000914573669434 238
1.6088614463806152 237
1.618091344833374 238
1.6262552738189697 239
1.6348962783813477 240
1.6438632011413574 240
1.6531689167022705 240
1.661334753036499 240
1.6699590682983398 241
1.683962106704712 243
1.6923637390136719 245
1.7031121253967285 245
1.7119762897491455 245
1.7197656631469727 246
1.7281692028045654 247
1.7368676662445068 247
1.745703935623169 247
1.7551825046539307 248
1.7635178565979004 249
1.771772861480713 249
1.7803354263305664 250
1.7891297340393066 250
1.7986743450164795 251
1.8077454566955566 251
1.8171818256378174 251
1.8255159854888916 252
1.8339719772338867 253
1.8430020809173584 253
1.8503425121307373 254
1.860116720199585 254
1.8688106536865234 254
1.878610610961914 255
1.8869109153747559 255
1.8953099250793457 257
1.9055564403533936 257
1.9148073196411133 257
1.9230725765228271 257
1.9308619499206543 257
1.9390642642974854 258
1.9481611251831055 260
1.9618406295776367 262
1.969750165939331 262
1.9792919158935547 261
1.988668441772461 261
1.998166561126709 262
2.008624315261841 263
2.0168516635894775 264
2.025209426879883 265
2.0336756706237793 264
2.0442020893096924 263
2.0528042316436768 261
2.061992883682251 261
2.069780111312866 262
2.0791218280792236 263
2.0892951488494873 264
2.0988926887512207 264
2.108715534210205 263
2.1171274185180664 263
2.1254680156707764 263
2.1337318420410156 265
2.1429054737091064 266
2.150205373764038 267
2.159912347793579 267
2.1687233448028564 267
2.177593469619751 267
2.1858012676239014 267
2.194247007369995 267
2.203631639480591 269
2.2136311531066895 269
2.221895456314087 269
2.2297685146331787 269
2.238163709640503 270
2.247378349304199 271
2.255577325820923 270
2.265151262283325 271
2.2743208408355713 271
2.2827842235565186 272
2.290215253829956 273
2.2997255325317383 273
2.308960437774658 273
2.3182883262634277 272
2.3263447284698486 272
2.3352153301239014 273
2.3446645736694336 273
2.357250213623047 274
2.3663580417633057 275
2.3755171298980713 275
2.384084939956665 275
2.392653465270996 275
2.406195878982544 276
2.415975332260132 277
2.424717664718628 277
2.4330084323883057 277
2.440307378768921 276
2.4494054317474365 276
2.458055257797241 277
2.467698097229004 277
2.4768502712249756 278
2.485285997390747 278
2.494097948074341 279
2.504323959350586 279
2.5157501697540283 279
2.524183750152588 278
2.5327835083007812 279
2.5401968955993652 279
2.5492398738861084 280
2.5577220916748047 280
2.5673863887786865 280
2.5762779712677 280
2.5852339267730713 280
2.5954418182373047 280
2.6061267852783203 281
2.615504264831543 281
2.6250712871551514 282
2.637364625930786 281
2.648837089538574 281
2.6570777893066406 281
2.6653788089752197 281
2.6754074096679688 283
2.6838793754577637 283
2.6920106410980225 283
2.7015349864959717 283
2.7098405361175537 282
2.7195208072662354 282
2.72810959815979 283
2.73622465133667 283
2.7454521656036377 283
2.7577064037323 284
2.7661375999450684 285
2.776853561401367 285
2.7854044437408447 285
2.793870687484741 284
2.8032095432281494 284
2.811816692352295 285
2.8215837478637695 285
2.8294477462768555 285
2.837723731994629 285
2.846931219100952 285
2.8554420471191406 285
2.8637304306030273 286
2.874114513397217 287
2.8827192783355713 287
2.8900697231292725 286
2.8995590209960938 285
2.909522294998169 285
2.9177887439727783 286
2.927367687225342 287
2.9358112812042236 287
2.9451394081115723 287
2.953397274017334 287
2.9615731239318848 287
2.969350576400757 287
2.9791414737701416 288
2.9877219200134277 288
2.998077630996704 289
3.0080554485321045 289
3.0162081718444824 288
3.02577543258667 288
3.0342471599578857 288
3.0431723594665527 288
3.051328659057617 289
3.0594611167907715 289
3.0677778720855713 289
3.0777900218963623 289
3.086057186126709 289
3.0947608947753906 289
3.1054139137268066 290
3.1147913932800293 290
3.1230790615081787 290
3.1322364807128906 290
3.1403183937072754 290
3.1489837169647217 290
3.161888360977173 290
3.169769525527954 290
3.179851531982422 291
3.188746213912964 291
3.1978437900543213 290
3.2070698738098145 290
3.2157843112945557 290
3.2242014408111572 290
3.233673334121704 291
3.243201971054077 291
3.2514121532440186 291
3.259204149246216 290
3.2676501274108887 290
3.2761683464050293 290
3.285564661026001 290
3.2941088676452637 291
3.3041532039642334 291
3.3126795291900635 291
3.3199572563171387 291
3.329451322555542 291
3.3383195400238037 291
3.3468284606933594 291
3.3553073406219482 291
3.3635435104370117 291
3.372954845428467 291
3.381941795349121 291
3.3897292613983154 291
3.402752161026001 291
3.413090467453003 291
3.420902729034424 291
3.429901361465454 291
3.439082145690918 291
3.4472849369049072 291
3.456904411315918 291
3.47395396232605 291
3.4832921028137207 291
3.4914629459381104 291
3.499999523162842 291
3.509199857711792 291
3.5209949016571045 291
3.5342538356781006 291
3.5461130142211914 291
3.563215494155884 291
3.5754148960113525 291
3.588317632675171 291
3.6000218391418457 291
3.6090269088745117 291
3.617281198501587 291
3.6255109310150146 291
3.635759115219116 291
3.644205093383789 291
3.652956962585449 291
3.6602718830108643 291
3.6692991256713867 291
3.6776039600372314 291
3.686944007873535 291
3.695302963256836 291
3.7051894664764404 291
3.7136011123657227 291
3.722764492034912 291
3.7301249504089355 291
3.7399253845214844 291
3.7486181259155273 291
3.7568225860595703 291
3.7652933597564697 291
3.7747156620025635 291
3.7830352783203125 291
3.7923355102539062 291
3.8018198013305664 291
3.8096415996551514 291
3.8180203437805176 291
3.8261475563049316 291
3.835505962371826 291
3.8450071811676025 291
3.853322982788086 291
3.861527681350708 291
3.871476650238037 291
3.879275321960449 291
3.8887510299682617 291
3.8981525897979736 291
3.9070963859558105 291
3.9154977798461914 291
3.9239535331726074 291
3.9331836700439453 291
3.943340539932251 291
3.951878070831299 291
3.965040922164917 291
3.973952054977417 291
3.98236346244812 291
3.991628885269165 291
4.002348184585571 291
4.009905099868774 291
4.018723964691162 291
4.029341459274292 291
4.0390496253967285 291
4.048546552658081 291
4.056653022766113 290
4.065270900726318 290
4.074721813201904 290
4.083014249801636 290
4.0919880867004395 290
4.102348327636719 290
4.109908580780029 290
4.118635892868042 289
4.1270751953125 289
4.135787725448608 289
4.145256757736206 290
4.154024600982666 290
4.162353992462158 290
4.1702375411987305 289
4.179013967514038 289
4.187327146530151 289
4.196862697601318 289
4.206317901611328 289
4.215001821517944 289
4.22329306602478 288
4.231624364852905 288
4.240028619766235 288
4.249752998352051 289
4.258567571640015 289
4.267446279525757 289
4.275816202163696 288
4.284815311431885 287
4.29317831993103 287
4.304291725158691 288
4.313038349151611 289
4.320954322814941 289
4.329176664352417 289
4.337992906570435 288
4.3474507331848145 287
4.355874300003052 287
4.36967396736145 288
4.378718137741089 289
4.387236595153809 289
4.397494316101074 288
4.407289743423462 287
4.4157867431640625 287
4.424299478530884 287
4.433527708053589 288
4.4419450759887695 288
4.45137357711792 288
4.4593305587768555 287
4.468690395355225 287
4.4774169921875 287
4.485999584197998 286
4.49497389793396 286
4.5059545040130615 286
4.515794515609741 287
4.524654150009155 287
4.533477067947388 286
4.5434558391571045 285
4.5547034740448 285
4.56304669380188 285
4.57177472114563 286
4.579727411270142 286
4.58812689781189 286
4.596656084060669 285
4.607098340988159 285
4.615569829940796 284
4.62411904335022 285
4.633043527603149 285
4.6409101486206055 285
4.649129629135132 285
4.658542156219482 285
4.668689012527466 284
4.677340507507324 283
4.687363862991333 283
4.69749116897583 284
4.7087273597717285 285
4.717285871505737 285
4.725574493408203 285
4.73494029045105 284
4.743407964706421 283
4.752262353897095 282
4.765852928161621 282
4.774735927581787 282
4.78322434425354 283
4.791426420211792 283
4.801543235778809 282
4.810324430465698 281
4.819127321243286 281
4.827481508255005 282
4.8366920948028564 282
4.8453049659729 283
4.853940963745117 282
4.864057540893555 281
4.872650146484375 281
4.880029916763306 281
4.888728141784668 281
4.89862322807312 282
4.908021450042725 281
4.916661500930786 281
4.925104379653931 280
4.934328079223633 280
4.942861557006836 280
4.9501731395721436 280
4.959709882736206 280
4.968843460083008 279
4.977282285690308 279
4.985540151596069 280
4.994807004928589 280
