0 0
0.024455547332763672 0
0.05204176902770996 0
0.08031201362609863 5
0.11399269104003906 18
0.14418911933898926 33
0.16491222381591797 45
0.184478759765625 60
0.20615792274475098 75
0.22606325149536133 90
0.2458939552307129 102
0.2637162208557129 116
0.2805352210998535 133
0.31438732147216797 161
0.35111165046691895 187
0.3699307441711426 206
0.386035680770874 216
0.39495372772216797 222
0.4043920040130615 231
0.4125969409942627 237
0.42183589935302734 244
0.4313080310821533 252
0.4413473606109619 260
0.45105504989624023 269
0.4597454071044922 275
0.46812939643859863 283
0.4760890007019043 290
0.4866180419921875 299
0.4963703155517578 306
0.5060818195343018 313
0.5161397457122803 323
0.5421392917633057 329
0.5631699562072754 332
0.5856814384460449 336
0.6037724018096924 343
0.6226134300231934 351
0.6425886154174805 358
0.669466495513916 361
0.6779885292053223 360
0.6995830535888672 357
0.7237765789031982 355
0.7450370788574219 358
0.7622580528259277 363
0.7814445495605469 364
0.8016576766967773 363
0.8201665878295898 358
0.8391573429107666 357
0.8562688827514648 357
0.8739058971405029 361
0.8926131725311279 363
0.910050630569458 361
0.9290916919708252 358
0.9486265182495117 355
0.968346118927002 356
0.9860799312591553 360
1.005730152130127 362
1.0245018005371094 360
1.0434911251068115 356
1.062206745147705 354
1.0817360877990723 354
1.0995945930480957 357
1.1224753856658936 362
1.1421124935150146 362
1.163182258605957 359
1.1818346977233887 357
1.201829433441162 358
1.2217483520507812 362
1.2410190105438232 365
1.2546346187591553 365
1.2744367122650146 361
1.2952024936676025 358
1.3155837059020996 356
1.3324530124664307 358
1.3518755435943604 361
1.3716869354248047 363
1.391092300415039 362
1.4079816341400146 357
1.4257862567901611 355
1.4457828998565674 355
1.4626543521881104 359
1.485030174255371 362
1.523834228515625 356
1.551473617553711 345
1.5809471607208252 339
1.6010262966156006 339
1.6162068843841553 342
1.6346046924591064 347
1.6558310985565186 353
1.6778149604797363 355
1.6972236633300781 353
1.7158288955688477 349
1.734388828277588 346
1.7544162273406982 347
1.7753348350524902 351
1.7936882972717285 357
1.8123507499694824 361
1.8298110961914062 361
1.8494882583618164 359
1.8695223331451416 354
1.889296293258667 351
1.928098440170288 359
1.9662017822265625 378
2.012493133544922 381
2.0426552295684814 374
2.0799357891082764 355
2.1296615600585938 350
2.1690495014190674 357
2.211059093475342 375
2.2359251976013184 379
2.2814455032348633 373
2.3262176513671875 352
2.3692824840545654 345
2.4024925231933594 351
2.430521011352539 362
2.4615554809570312 367
2.491501808166504 367
2.516249179840088 359
2.546015501022339 351
2.574366331100464 351
2.605114221572876 357
2.6334965229034424 363
2.661210060119629 362
2.689333915710449 355
2.7234721183776855 349
2.752159595489502 355
2.7820491790771484 366
2.8153209686279297 372
2.836632490158081 369
2.8661551475524902 362
2.8991873264312744 356
2.9292311668395996 356
2.9559223651885986 362
2.989006996154785 365
3.015437602996826 361
3.048323392868042 347
3.074598550796509 341
3.1181437969207764 345
3.147880792617798 356
3.179295063018799 362
3.209318161010742 359
3.2380833625793457 349
3.271059036254883 347
3.295832633972168 351
3.321906089782715 357
3.346571445465088 362
3.378117799758911 358
3.409557580947876 349
3.4381983280181885 342
3.4695510864257812 345
3.4951934814453125 352
3.5255870819091797 357
3.5555152893066406 354
3.5920164585113525 340
3.64119291305542 336
3.675218105316162 345
3.702451229095459 359
3.7344164848327637 365
3.7678065299987793 360
3.800626039505005 351
3.820460081100464 346
3.8495969772338867 345
3.8606271743774414 347
3.920055866241455 365
3.9644057750701904 357
4.013607740402222 341
4.054149150848389 334
4.091837406158447 340
4.122204303741455 355
4.1514809131622314 359
4.1851160526275635 356
4.210662603378296 345
4.267729997634888 343
4.294574975967407 351
4.332435607910156 368
4.3641486167907715 377
4.40929651260376 373
4.436447381973267 361
4.471205234527588 347
4.500377655029297 338
4.555445909500122 343
4.615068197250366 371
4.652074337005615 375
4.7265074253082275 352
4.765943765640259 333
4.81195330619812 317
4.844932317733765 319
4.866401195526123 329
4.901704549789429 342
4.933244466781616 351
4.9599854946136475 349
4.992267608642578 341
