0 0
0.014768838882446289 0
0.033982038497924805 0
0.05380725860595703 1
0.07062983512878418 6
0.08527469635009766 11
0.09360361099243164 14
0.10186505317687988 18
0.11057448387145996 24
0.11989569664001465 28
0.12951183319091797 34
0.13796257972717285 40
0.14714932441711426 45
0.15571832656860352 50
0.16445183753967285 57
0.1728217601776123 63
0.18270277976989746 70
0.19044208526611328 76
0.1992630958557129 81
0.21277618408203125 92
0.22038865089416504 98
0.22916436195373535 103
0.2382948398590088 110
0.24750280380249023 116
0.2571406364440918 123
0.2665529251098633 130
0.27572083473205566 135
0.28579187393188477 141
0.29442596435546875 147
0.30654048919677734 155
0.31635046005249023 160
0.3253965377807617 165
0.3345818519592285 170
0.34311747550964355 174
0.3520205020904541 180
0.3598790168762207 182
0.370624303817749 188
0.38455629348754883 195
0.39597582817077637 199
0.408008337020874 206
0.42008209228515625 210
0.4320950508117676 216
0.44583678245544434 220
0.45667076110839844 225
0.46828556060791016 229
0.47803211212158203 233
0.4880681037902832 236
0.4964020252227783 238
0.5052850246429443 241
0.515404462814331 244
0.5236575603485107 247
0.5318648815155029 249
0.5405235290527344 252
0.5496335029602051 254
0.558037519454956 257
0.566382646560669 259
0.5750715732574463 261
0.5846481323242188 264
0.5940449237823486 266
0.6023509502410889 268
0.6122245788574219 270
0.620051383972168 272
0.6286499500274658 274
0.6380095481872559 276
0.647075891494751 278
0.6555571556091309 280
0.6638543605804443 282
0.6720254421234131 283
0.6805319786071777 285
0.6902222633361816 286
0.6986021995544434 288
0.7132682800292969 290
0.7206337451934814 291
0.7295591831207275 292
0.7379977703094482 294
0.7479572296142578 295
0.7562263011932373 296
0.7658905982971191 298
0.7743504047393799 299
0.7833733558654785 300
0.7933847904205322 301
0.8007571697235107 302
0.8103756904602051 304
0.819190502166748 304
0.8275003433227539 306
0.8358154296875 306
0.8455536365509033 308
0.8539094924926758 308
0.8621196746826172 310
0.8701276779174805 310
0.8792910575866699 311
0.8875789642333984 312
0.8966374397277832 313
0.9052677154541016 314
0.9144351482391357 315
0.922471284866333 316
0.9303610324859619 316
0.9387674331665039 316
0.9492321014404297 317
0.957543134689331 318
0.9663221836090088 319
0.9756577014923096 319
0.9840483665466309 320
0.9931507110595703 320
1.0022425651550293 321
1.0120468139648438 322
1.0199077129364014 322
1.0282855033874512 323
1.0366160869598389 324
1.047118902206421 324
1.0555477142333984 324
1.0638060569763184 325
1.072023868560791 325
1.081362009048462 326
1.0896165370941162 326
1.0991296768188477 326
1.1133997440338135 327
1.120711088180542 327
1.129490852355957 328
1.137843370437622 328
1.14805269241333 328
1.1562600135803223 329
1.1651642322540283 329
1.1737453937530518 329
1.1819844245910645 330
1.1897778511047363 330
1.1992559432983398 330
1.2101306915283203 330
1.2184481620788574 330
1.2267580032348633 330
1.235398292541504 331
1.2441625595092773 331
1.2535271644592285 331
1.260817050933838 331
1.2694897651672363 332
1.280613899230957 332
1.2893421649932861 332
1.297553539276123 331
1.308307409286499 331
1.31654691696167 332
1.3252379894256592 332
1.3336987495422363 332
1.3424193859100342 332
1.3519644737243652 332
1.359736442565918 332
1.3679816722869873 332
1.376535415649414 332
1.3851840496063232 332
1.3935134410858154 332
1.403571367263794 332
1.4134867191314697 332
1.4207923412322998 332
1.4294025897979736 332
1.4376463890075684 332
1.4464366436004639 332
1.4559566974639893 332
1.4645061492919922 332
1.4731783866882324 332
1.4804823398590088 332
1.4891550540924072 332
1.4973349571228027 332
1.5119397640228271 332
1.519895076751709 332
1.5285685062408447 332
1.5368170738220215 332
1.5459516048431396 332
1.555401086807251 332
1.5637757778167725 332
1.5727944374084473 332
1.5803580284118652 332
1.5891871452331543 332
1.5975549221038818 332
1.6108310222625732 332
1.6195483207702637 332
1.6277806758880615 332
1.6360313892364502 332
1.6452999114990234 332
1.6536166667938232 332
1.662775993347168 332
1.671828031539917 332
1.6796255111694336 332
1.6878530979156494 332
1.6960973739624023 332
1.7054424285888672 332
1.7153713703155518 332
1.7238163948059082 332
1.7320184707641602 332
1.7404043674468994 332
1.74904465675354 332
1.758124589920044 332
1.7665441036224365 332
1.7758710384368896 332
1.7851781845092773 332
1.7937519550323486 332
1.8018708229064941 332
1.812133550643921 332
1.8199210166931152 332
1.828453779220581 332
1.837630271911621 332
1.8459606170654297 332
1.8544843196868896 332
1.8637275695800781 332
1.8724455833435059 332
1.8802313804626465 332
1.8894248008728027 332
1.897613525390625 332
1.913179636001587 332
1.92051362991333 332
1.9296653270721436 332
1.9385876655578613 332
1.9470694065093994 332
1.9555282592773438 332
1.964787244796753 332
1.9738378524780273 332
1.9820280075073242 332
1.9899439811706543 332
1.9981873035430908 332
2.009812116622925 332
2.0196244716644287 332
2.0278899669647217 332
2.036616802215576 332
2.045283794403076 332
2.0535223484039307 332
2.060816526412964 332
2.0714080333709717 332
2.079540729522705 332
2.0877466201782227 332
2.0959646701812744 332
2.104717493057251 332
2.1153197288513184 332
2.124174118041992 332
2.1323952674865723 332
2.140709638595581 332
2.149338722229004 332
2.1580286026000977 332
2.167940378189087 332
2.176182508468628 332
2.184734582901001 332
2.1936490535736084 332
2.202476978302002 332
2.2122271060943604 332
2.2207181453704834 332
2.229330062866211 332
2.2382402420043945 332
2.2466416358947754 332
2.2552952766418457 332
2.263514280319214 332
2.2734599113464355 332
2.2807700634002686 332
2.289365530014038 332
2.300328016281128 332
2.314497947692871 332
2.324561595916748 331
2.3335423469543457 331
2.341390371322632 330
2.3495981693267822 330
2.3579087257385254 330
2.368048667907715 330
2.376422643661499 329
2.385136365890503 329
2.393378734588623 329
2.402139186859131 328
2.410576343536377 328
2.4200797080993652 328
2.42946720123291 328
2.438164472579956 328
2.448446035385132 327
2.4599502086639404 326
2.4740383625030518 326
2.4854540824890137 326
2.4967715740203857 326
2.5101077556610107 325
2.523289680480957 324
2.535123586654663 324
2.544513463973999 324
2.552769899368286 324
2.5603184700012207 323
2.5694634914398193 323
2.578636646270752 323
2.586760997772217 323
2.595372200012207 322
2.6045329570770264 322
2.61369252204895 322
2.623126745223999 322
2.6304543018341064 322
2.6395115852355957 322
2.6477959156036377 321
2.656132698059082 321
2.6653542518615723 321
2.674469232559204 320
2.6827893257141113 320
2.690378427505493 320
2.699552536010742 320
2.71067476272583 319
2.7205796241760254 319
2.7303853034973145 319
2.7396132946014404 318
2.7479400634765625 318
2.7561421394348145 318
2.7655861377716064 318
2.7747697830200195 318
2.7834410667419434 318
2.7907874584198 317
2.7998831272125244 317
2.8101327419281006 316
2.818469285964966 316
2.8278005123138428 316
2.83662748336792 316
2.845392942428589 316
2.8536581993103027 316
2.8618547916412354 316
2.8703184127807617 315
2.8798604011535645 315
2.8881165981292725 314
2.897631883621216 314
2.906094789505005 314
2.9154398441314697 314
2.9236655235290527 314
2.9338507652282715 314
2.9427685737609863 313
2.9503695964813232 313
2.9590272903442383 313
2.967644691467285 313
2.9759647846221924 312
2.985478162765503 312
2.993727922439575 312
3.0030999183654785 312
3.0121138095855713 312
3.0199148654937744 311
3.029994487762451 311
3.0383143424987793 311
3.0473289489746094 311
3.0557470321655273 311
3.0647430419921875 310
3.0732693672180176 310
3.0822594165802 310
3.090186834335327 310
3.099424123764038 310
3.108358144760132 309
3.120476245880127 309
3.130479097366333 308
3.1393237113952637 308
3.1477110385894775 308
3.1561169624328613 308
3.165104389190674 308
3.173344612121582 307
3.1824193000793457 307
3.1902244091033936 307
3.1993584632873535 307
3.2095956802368164 306
3.2179014682769775 306
3.2262063026428223 306
3.2362945079803467 306
3.244744062423706 306
3.2537450790405273 306
3.2621381282806396 305
3.270087242126465 305
3.278501272201538 305
3.2878894805908203 304
3.29668927192688 304
3.3053438663482666 304
3.3153369426727295 304
3.3323307037353516 304
3.3413262367248535 304
3.349552869796753 303
3.357891082763672 303
3.3667261600494385 303
3.375394344329834 303
3.384671688079834 302
3.393296003341675 302
3.4021525382995605 302
3.4107282161712646 302
3.4195573329925537 302
3.4283015727996826 302
3.437645196914673 302
3.446089506149292 302
3.455268383026123 301
3.464348793029785 301
3.4724953174591064 301
3.4806487560272217 300
3.4902312755584717 300
3.4994447231292725 300
3.508580446243286 300
3.520660877227783 300
3.530116319656372 300
3.5397918224334717 299
3.548332691192627 299
3.5565755367279053 299
3.566114902496338 298
3.574610710144043 298
3.5831637382507324 298
3.5922627449035645 298
3.60044527053833 298
3.6132431030273438 298
3.622096061706543 298
3.6306238174438477 298
3.640075445175171 298
3.6491010189056396 297
3.6579649448394775 297
3.668170690536499 297
3.6765124797821045 296
3.6853909492492676 296
3.695478916168213 296
3.703707695007324 296
3.7126991748809814 296
3.7203421592712402 296
3.7322540283203125 296
3.740826368331909 296
3.7497425079345703 295
3.759431838989258 295
3.7677948474884033 295
3.7760376930236816 295
3.784505844116211 294
3.794177293777466 294
3.8024535179138184 294
3.812001943588257 294
3.819817543029785 294
3.828763484954834 294
3.836822271347046 294
3.8462796211242676 294
3.8547470569610596 294
3.86466383934021 294
3.873126745223999 294
3.8804821968078613 293
3.889252185821533 293
3.898597478866577 293
3.907294750213623 292
3.9201366901397705 292
3.9296658039093018 292
3.938162326812744 292
3.94771146774292 292
3.95601749420166 291
3.965625762939453 291
3.973871946334839 291
3.9820497035980225 291
3.9900619983673096 290
4.000218152999878 290
4.009586811065674 290
4.017847776412964 290
4.026744604110718 290
4.0353779792785645 290
4.043768644332886 289
4.053266525268555 289
4.061968564987183 288
4.069973945617676 288
4.078311443328857 288
4.086556673049927 288
4.09673810005188 288
4.1055097579956055 288
4.114807367324829 288
4.123692512512207 288
4.131944894790649 288
4.139787912368774 288
4.149296283721924 288
4.158285617828369 288
4.166668653488159 288
4.175825357437134 288
4.184127569198608 287
4.193678617477417 287
4.203235626220703 286
4.213091611862183 286
4.220611333847046 286
4.229852199554443 286
4.239600896835327 286
4.249020338058472 286
4.258018732070923 286
4.266237497329712 286
4.275335788726807 285
4.2837560176849365 285
4.292494773864746 285
4.301916837692261 284
4.310608863830566 284
4.324472665786743 284
4.333094596862793 284
4.3404247760772705 284
4.350000619888306 284
4.359186172485352 284
4.367419004440308 283
4.375808000564575 283
4.384108066558838 282
4.3934006690979 282
4.403072834014893 282
4.411894083023071 282
4.419731855392456 282
4.428465366363525 282
4.436577081680298 282
4.445242404937744 282
4.455299615859985 282
4.463804244995117 282
4.471996068954468 281
4.4798805713653564 281
4.489106893539429 281
4.497325420379639 281
4.506570100784302 280
4.516494989395142 280
4.526820421218872 280
4.538486957550049 280
4.550111532211304 280
4.564202070236206 279
4.575428485870361 279
4.5875632762908936 278
4.600095748901367 278
4.611419677734375 278
4.619623184204102 278
4.628498077392578 278
4.636665344238281 278
4.645434379577637 277
4.653731822967529 277
4.663832902908325 277
4.672058582305908 276
4.680751323699951 276
4.689490079879761 276
4.698216915130615 276
4.708655118942261 276
4.720803737640381 276
4.730358362197876 276
4.739140033721924 275
4.749504804611206 275
4.759832143783569 274
4.768340587615967 274
4.776612281799316 274
4.7852702140808105 275
4.794119834899902 275
4.80241322517395 275
4.812402009963989 274
4.82024884223938 274
4.829629421234131 274
4.8379387855529785 274
4.8463075160980225 274
4.854802131652832 274
4.864473104476929 274
4.872755527496338 274
4.880394458770752 273
4.889209270477295 273
4.897760391235352 273
4.906049489974976 272
4.916340589523315 272
4.9255712032318115 272
4.933841228485107 272
4.942025899887085 272
4.94995641708374 272
4.959218740463257 271
4.968346834182739 271
4.977550268173218 271
4.985876083374023 270
4.9954833984375 270
