0 0
0.015079736709594727 0
0.030281782150268555 0
0.04895925521850586 2
0.06892633438110352 6
0.08530521392822266 13
0.09407162666320801 16
0.1027383804321289 18
0.11165499687194824 20
0.12169313430786133 21
0.12963199615478516 22
0.13917279243469238 24
0.14790940284729004 26
0.15639448165893555 28
0.16510629653930664 29
0.174149751663208 30
0.1835463047027588 30
0.19196200370788574 30
0.19988107681274414 31
0.20894575119018555 32
0.21817541122436523 35
0.22720932960510254 38
0.24310660362243652 39
0.25105738639831543 39
0.25943636894226074 40
0.26781177520751953 42
0.2774679660797119 44
0.2864649295806885 46
0.295180082321167 47
0.3034529685974121 48
0.31281566619873047 48
0.3227999210357666 50
0.3315308094024658 53
0.34178614616394043 55
0.3495821952819824 56
0.35787439346313477 57
0.3670053482055664 58
0.3761768341064453 60
0.3849501609802246 62
0.3958010673522949 65
0.4048306941986084 66
0.4144327640533447 66
0.4235398769378662 66
0.4327571392059326 68
0.442882776260376 70
0.4502124786376953 71
0.45903849601745605 72
0.46733951568603516 72
0.4761660099029541 74
0.4852466583251953 76
0.49481892585754395 78
0.5032825469970703 81
0.5182754993438721 83
0.5267305374145508 83
0.5356845855712891 83
0.5455238819122314 83
0.5538296699523926 85
0.5620439052581787 86
0.5728583335876465 89
0.5802221298217773 90
0.5896892547607422 91
0.5979933738708496 92
0.6070449352264404 93
0.6155509948730469 95
0.6251561641693115 96
0.6403849124908447 97
0.649249792098999 97
0.6576647758483887 98
0.6660242080688477 99
0.6749615669250488 100
0.6832926273345947 102
0.6931092739105225 104
0.7010154724121094 105
0.7101650238037109 106
0.7196354866027832 106
0.727968692779541 105
0.7362005710601807 106
0.7462737560272217 107
0.7551264762878418 108
0.7635338306427002 110
0.772730827331543 112
0.7814772129058838 113
0.7893939018249512 114
0.7989311218261719 115
0.8079111576080322 115
0.8167688846588135 116
0.8258810043334961 117
0.8343541622161865 119
0.8449020385742188 121
0.8532688617706299 122
0.8615314960479736 123
0.8694238662719727 124
0.8788678646087646 125
0.8873405456542969 126
0.8967628479003906 128
0.9058537483215332 129
0.9143881797790527 130
0.923600435256958 131
0.9318530559539795 132
0.9417569637298584 134
0.9509971141815186 135
0.9592452049255371 136
0.9675517082214355 136
0.9764564037322998 137
0.9851291179656982 138
0.9937436580657959 139
1.0035579204559326 140
1.0118274688720703 142
1.0215153694152832 144
1.0294735431671143 145
1.043393850326538 145
1.0532569885253906 146
1.0614311695098877 147
1.0698184967041016 148
1.0804638862609863 150
1.089271068572998 150
1.0987443923950195 151
1.10780930519104 152
1.1163742542266846 152
1.1256186962127686 153
1.134063959121704 154
1.143413782119751 156
1.1529312133789062 157
1.1602954864501953 158
1.1695852279663086 158
1.1782276630401611 158
1.1867706775665283 159
1.1954028606414795 160
1.2052874565124512 162
1.213602066040039 162
1.2231144905090332 163
1.2310640811920166 164
1.2399852275848389 165
1.249969482421875 166
1.2588317394256592 167
1.267240047454834 168
1.2762908935546875 169
1.2849724292755127 169
1.2933850288391113 170
1.3032355308532715 171
1.3114311695098877 172
1.3198573589324951 173
1.328242301940918 174
1.3374660015106201 174
1.3458659648895264 174
1.3559000492095947 175
1.3643884658813477 176
1.373490810394287 178
1.3816540241241455 179
1.3895196914672852 179
1.3978140354156494 180
1.4081876277923584 180
1.417691707611084 180
1.4260413646697998 181
1.4389595985412598 183
1.4474787712097168 185
1.4576666355133057 187
1.466027021408081 187
1.475511074066162 187
1.4839553833007812 187
1.4929585456848145 188
1.5019283294677734 190
1.511077880859375 192
1.5217716693878174 193
1.529609203338623 193
1.5389776229858398 193
1.5473048686981201 193
1.5567173957824707 194
1.5652530193328857 196
1.5744407176971436 197
1.5835907459259033 198
1.5929644107818604 198
1.6018707752227783 199
1.611013412475586 200
1.6199290752410889 201
1.6287999153137207 202
1.6376636028289795 202
1.6460468769073486 202
1.6549665927886963 203
1.6657378673553467 206
1.67435622215271 207
1.6828765869140625 208
1.69022536277771 208
1.6993825435638428 208
1.7089893817901611 208
1.7187223434448242 208
1.7270455360412598 210
1.7358927726745605 212
1.744722843170166 212
1.753098726272583 212
1.7629647254943848 213
1.771662950515747 214
1.779655933380127 215
1.7881503105163574 216
1.7967948913574219 216
1.8058514595031738 216
1.815556287765503 217
1.824902057647705 218
1.837559461593628 221
1.8460423946380615 221
1.8548765182495117 221
1.8655109405517578 221
1.8749818801879883 220
1.8863043785095215 222
1.8989229202270508 224
1.9102187156677246 226
1.9248707294464111 226
1.9370238780975342 225
1.948789358139038 225
1.9600913524627686 227
1.9727592468261719 228
1.9800894260406494 229
1.9888215065002441 229
1.9975917339324951 229
2.0079922676086426 229
2.018411874771118 230
2.026782512664795 231
2.0360045433044434 233
2.0450172424316406 234
2.053436279296875 233
2.061795473098755 232
2.073004722595215 232
2.080399751663208 232
2.0890698432922363 234
2.1002864837646484 235
2.108941078186035 235
2.1193857192993164 234
2.127753496170044 235
2.1372408866882324 236
2.145617723464966 237
2.1540639400482178 237
2.163123846054077 236
2.173124074935913 236
2.1809871196746826 236
2.189427137374878 238
2.1989264488220215 239
2.207188367843628 239
2.215640068054199 239
2.2258033752441406 239
2.239311933517456 240
2.2477569580078125 240
2.256361722946167 241
2.2656538486480713 241
2.2757575511932373 242
2.284230947494507 242
2.2928199768066406 243
2.30172061920166 244
2.3095920085906982 244
2.3193676471710205 244
2.3293251991271973 244
2.337712526321411 245
2.3462088108062744 246
2.3549625873565674 248
2.363755941390991 248
2.374136447906494 248
2.3830389976501465 248
2.390441417694092 249
2.3997087478637695 251
2.4081883430480957 252
2.41744327545166 253
2.42694354057312 254
2.436016082763672 255
2.4449846744537354 255
2.4533674716949463 254
2.461923599243164 253
2.4698286056518555 254
2.4799764156341553 254
2.488785743713379 255
2.497807502746582 256
2.50612473487854 255
2.5149528980255127 254
2.525925874710083 255
2.5352835655212402 256
2.543656587600708 258
2.5519371032714844 258
2.5598766803741455 258
2.568943738937378 258
2.579003095626831 258
2.5872087478637695 259
2.596367597579956 261
2.6060237884521484 263
2.6149749755859375 264
2.624310255050659 264
2.634129285812378 263
2.647028923034668 263
2.6555705070495605 264
2.665018081665039 265
2.6735424995422363 266
2.683115243911743 267
2.6904382705688477 267
2.699869394302368 266
2.708420515060425 265
2.717787742614746 266
2.72769832611084 267
2.7361316680908203 267
2.7448458671569824 267
2.753089189529419 267
2.761920690536499 268
2.7698440551757812 269
2.77939510345459 270
2.7876977920532227 270
2.7963051795959473 270
2.804926633834839 270
2.813171148300171 270
2.822392225265503 272
2.8329737186431885 274
2.840358257293701 275
2.8491756916046143 276
2.8577072620391846 276
2.866408586502075 275
2.8751864433288574 274
2.8848345279693604 274
2.893676280975342 276
2.9020440578460693 277
2.909985065460205 278
2.9240691661834717 278
2.9342145919799805 277
2.94281005859375 277
2.950131416320801 277
2.9592607021331787 278
2.9678256511688232 279
2.9762895107269287 280
2.985891342163086 280
2.995452404022217 280
3.0037262439727783 280
3.0119175910949707 280
3.0204501152038574 281
3.0297513008117676 282
3.044097423553467 284
3.0527284145355225 284
3.061577320098877 284
3.0695300102233887 283
3.0781664848327637 284
3.0877387523651123 285
3.0964643955230713 286
3.105307102203369 286
3.11442232131958 285
3.1256394386291504 285
3.134045362472534 285
3.143366813659668 286
3.1517088413238525 288
3.1602513790130615 289
3.1689741611480713 289
3.177245855331421 289
3.1863718032836914 288
3.1956300735473633 289
3.2039825916290283 290
3.212850332260132 291
3.221971273422241 292
3.23095440864563 292
3.2401387691497803 293
3.2488112449645996 293
3.2574708461761475 293
3.265723466873169 293
3.2743031978607178 294
3.282970428466797 296
3.2932379245758057 296
3.3014822006225586 296
3.309278726577759 296
3.318699836730957 297
3.327695369720459 298
3.336122512817383 299
3.345724105834961 298
3.354442596435547 298
3.3636515140533447 296
3.377821445465088 297
3.3862087726593018 298
3.396120309829712 299
3.4053773880004883 299
3.413691759109497 298
3.423752784729004 298
3.432050943374634 298
3.4457061290740967 300
3.454775094985962 301
3.4641308784484863 302
3.472799301147461 303
3.480269432067871 303
3.4894630908966064 303
3.4988973140716553 303
3.5076632499694824 304
3.5173404216766357 304
3.5271706581115723 305
3.5356662273406982 305
3.545058012008667 305
3.55332088470459 305
3.5620522499084473 305
3.5698373317718506 306
3.5787994861602783 307
3.5871856212615967 308
3.5973546504974365 308
3.6056344509124756 307
3.6144254207611084 306
3.6251814365386963 306
3.6341586112976074 307
3.6428050994873047 308
3.6519365310668945 309
3.660263776779175 309
3.6689453125 308
3.6772823333740234 308
3.6855669021606445 308
3.695976734161377 310
3.704857587814331 310
3.7131431102752686 309
3.723015785217285 309
3.730384349822998 309
3.739165782928467 309
3.748835563659668 310
3.7578418254852295 310
3.7660884857177734 309
3.774945020675659 309
3.7832953929901123 310
3.7920238971710205 311
3.801619052886963 311
3.8099331855773926 311
3.819530725479126 311
3.8287301063537598 312
3.8371737003326416 312
3.8516733646392822 312
3.8601648807525635 312
3.8689706325531006 313
3.877681255340576 314
3.8860323429107666 314
3.895250082015991 313
3.9047675132751465 312
3.9136250019073486 312
3.925846815109253 314
3.934823751449585 315
3.943270683288574 316
3.953813314437866 316
3.9650533199310303 317
3.9771902561187744 318
3.990072250366211 318
4.004173278808594 316
4.015760898590088 315
4.029006719589233 316
4.04033899307251 317
4.051818370819092 318
4.060123682022095 318
4.068887710571289 318
4.0771284103393555 318
4.085974931716919 318
4.0948646068573 319
4.104146480560303 320
4.112975835800171 320
4.124189853668213 318
4.132930040359497 318
4.140249967575073 318
4.148940563201904 319
4.1588733196258545 320
4.167162895202637 321
4.1775970458984375 321
4.187166452407837 322
4.195597171783447 321
4.205210447311401 321
4.213492155075073 321
4.223973512649536 322
4.233006238937378 322
4.246293783187866 323
4.256404399871826 323
4.265301942825317 323
4.273687839508057 322
4.282063007354736 322
4.290361642837524 323
4.299210071563721 324
4.308837413787842 324
4.317874193191528 324
4.326207160949707 323
4.335009336471558 323
4.343266248703003 324
4.352048635482788 325
4.361800909042358 325
4.369621753692627 325
4.377933979034424 325
4.387170314788818 325
4.395609378814697 325
4.403952598571777 326
4.413637161254883 326
4.423346757888794 327
4.431664705276489 327
4.439516305923462 326
4.4479265213012695 326
4.458110809326172 326
4.466233253479004 327
4.475141525268555 328
4.484292507171631 328
4.492790937423706 328
4.50006890296936 327
4.509692907333374 327
4.519781589508057 328
4.5286545753479 329
4.537198543548584 330
4.545608282089233 329
4.55506157875061 328
4.564462184906006 327
4.573076248168945 327
4.580389499664307 328
4.589527368545532 329
4.598226308822632 330
4.606412410736084 329
4.617026090621948 328
4.626060485839844 327
4.634838581085205 327
4.647683382034302 329
4.657246828079224 329
4.6667234897613525 328
4.6753973960876465 328
4.684453725814819 327
4.692924499511719 328
4.700204610824585 328
4.708857536315918 328
4.719871997833252 330
4.729193925857544 330
4.737539768218994 329
4.747842788696289 328
4.757420063018799 328
4.766356706619263 329
4.775245189666748 330
4.7853357791900635 331
4.793747901916504 330
4.8020830154418945 330
4.809988260269165 329
4.8216564655303955 329
4.829466104507446 329
4.838132858276367 330
4.846271991729736 330
4.855570077896118 330
4.865063190460205 330
4.87333083152771 330
4.881791114807129 331
4.889741897583008 331
4.8986735343933105 332
4.906912326812744 331
4.9181201457977295 331
4.926303148269653 331
4.93494987487793 332
4.943371057510376 332
4.952738523483276 332
4.960054397583008 332
4.969598054885864 332
4.978114604949951 333
4.987255573272705 333
4.995542526245117 332
