0 0
0.016690492630004883 0
0.031247615814208984 0
0.04880189895629883 2
0.06529664993286133 7
0.08484458923339844 12
0.09575104713439941 17
0.10501551628112793 21
0.11333847045898438 27
0.12132978439331055 30
0.13058257102966309 36
0.14059853553771973 42
0.14911818504333496 48
0.15761375427246094 54
0.1664285659790039 60
0.17544984817504883 67
0.1845698356628418 72
0.1985340118408203 83
0.20779681205749512 90
0.2166731357574463 96
0.22502660751342773 102
0.23398971557617188 110
0.24337553977966309 118
0.2513124942779541 122
0.2597982883453369 130
0.2690706253051758 136
0.2774808406829834 144
0.28639793395996094 151
0.29665040969848633 158
0.3057522773742676 166
0.314373254776001 173
0.3218502998352051 180
0.33077263832092285 186
0.33983278274536133 194
0.3516232967376709 204
0.36046862602233887 210
0.36942219734191895 218
0.3778042793273926 225
0.3867378234863281 232
0.3972127437591553 240
0.40657663345336914 248
0.4151585102081299 255
0.4235398769378662 263
0.43152570724487305 271
0.4411611557006836 278
0.45086669921875 284
0.45931148529052734 292
0.4685819149017334 299
0.477161169052124 305
0.4857003688812256 312
0.4995570182800293 320
0.5079994201660156 323
0.5166823863983154 326
0.5251178741455078 328
0.5345864295959473 331
0.5433282852172852 334
0.5543584823608398 337
0.561826229095459 340
0.5713348388671875 342
0.579826831817627 345
0.591655969619751 347
0.6051771640777588 347
0.6153726577758789 347
0.6236429214477539 348
0.6331136226654053 350
0.6419732570648193 351
0.6515421867370605 353
0.6599907875061035 353
0.668947696685791 353
0.6774377822875977 353
0.6863808631896973 354
0.6956708431243896 356
0.7058496475219727 358
0.7144505977630615 358
0.7217512130737305 358
0.730914831161499 358
0.7392683029174805 358
0.7489011287689209 358
0.7572154998779297 359
0.7665469646453857 359
0.7748980522155762 360
0.7830696105957031 359
0.7917764186859131 358
0.8019752502441406 358
0.8108689785003662 358
0.8192965984344482 360
0.8276352882385254 360
0.836627721786499 360
0.8452942371368408 359
0.854910135269165 358
0.863555908203125 358
0.8715283870697021 359
0.8802893161773682 360
0.8888084888458252 361
0.8985424041748047 360
0.9077434539794922 360
0.9165306091308594 359
0.9250428676605225 359
0.9345643520355225 360
0.941948652267456 360
0.9517874717712402 360
0.9605896472930908 359
0.9690935611724854 358
0.9773657321929932 359
0.985903263092041 359
1.0003700256347656 360
1.0097267627716064 360
1.0179688930511475 360
1.0267283916473389 359
1.0355896949768066 359
1.0436580181121826 359
1.0536491870880127 360
1.0615479946136475 360
1.0708634853363037 360
1.0790998935699463 359
1.0874590873718262 358
1.099219799041748 359
1.108811616897583 360
1.1175336837768555 361
1.126387119293213 361
1.1350822448730469 360
1.1434152126312256 359
1.1547861099243164 359
1.1636390686035156 360
1.1716351509094238 360
1.1804063320159912 360
1.1893296241760254 360
1.1986193656921387 360
1.2096858024597168 360
1.2186274528503418 360
1.227147102355957 359
1.2365524768829346 359
1.2447612285614014 359
1.2552106380462646 360
1.265397071838379 360
1.2735595703125 360
1.281341314315796 359
1.2910590171813965 359
1.2998697757720947 359
1.3107059001922607 360
1.31905198097229 361
1.3285741806030273 361
1.3370654582977295 360
1.345452070236206 360
1.3536322116851807 360
1.3652679920196533 359
1.375180959701538 359
1.3839807510375977 360
1.3972721099853516 360
1.407189130783081 360
1.4195945262908936 360
1.4317996501922607 360
1.4440069198608398 359
1.4554455280303955 359
1.4693305492401123 360
1.4804377555847168 360
1.4996027946472168 358
1.5126278400421143 358
1.5210278034210205 358
1.5300297737121582 358
1.5385830402374268 359
1.5469441413879395 359
1.5552153587341309 359
1.56596040725708 359
1.5744426250457764 359
1.581711769104004 359
1.591296911239624 359
1.599893569946289 359
1.6080610752105713 359
1.617509365081787 359
1.6267688274383545 359
1.6349818706512451 359
1.643082857131958 359
1.6509575843811035 359
1.6597998142242432 359
1.6695911884307861 359
1.677741289138794 359
1.6863946914672852 359
1.6963613033294678 359
1.7047138214111328 359
1.712038516998291 359
1.7215213775634766 359
1.7307682037353516 359
1.7390227317810059 359
1.7472217082977295 359
1.7554292678833008 359
1.7659449577331543 359
1.7744524478912354 359
1.7817268371582031 359
1.7960665225982666 359
1.8046400547027588 359
1.8118815422058105 359
1.821474552154541 359
1.8307216167449951 359
1.838918685913086 359
1.8472859859466553 359
1.8566768169403076 359
1.8656833171844482 359
1.8765580654144287 359
1.8865478038787842 359
1.8967227935791016 359
1.9049785137176514 359
1.9131910800933838 359
1.9218130111694336 359
1.9309463500976562 359
1.9395625591278076 359
1.9478998184204102 359
1.956472635269165 359
1.9653546810150146 359
1.9756536483764648 359
1.9836766719818115 359
1.9933815002441406 359
2.001575231552124 359
2.0116360187530518 359
2.021167278289795 359
2.03003191947937 359
2.0380191802978516 359
2.046625852584839 359
2.054844379425049 359
2.0634870529174805 359
2.0735013484954834 359
2.0812528133392334 359
2.0914857387542725 359
2.0998828411102295 359
2.108358383178711 359
2.116727590560913 359
2.1266391277313232 359
2.13486909866333 359
2.142613649368286 359
2.1507439613342285 359
2.159458637237549 359
2.167628765106201 359
2.1771156787872314 359
2.185657262802124 359
2.1989896297454834 359
2.207698345184326 359
2.2165298461914062 359
2.2260704040527344 359
2.234647274017334 359
2.2419660091400146 359
2.250736713409424 359
2.2605931758880615 359
2.269728183746338 359
2.2794508934020996 359
2.2879762649536133 359
2.297485113143921 359
2.3060550689697266 359
2.3145029544830322 359
2.323977470397949 359
2.333141565322876 359
2.3409130573272705 359
2.3491668701171875 359
2.358016014099121 359
2.3671481609344482 359
2.3765974044799805 359
2.386414051055908 359
2.397510290145874 359
2.405951976776123 359
2.41440749168396 359
2.4232115745544434 359
2.4318454265594482 359
2.4404478073120117 359
2.448596715927124 359
2.457369804382324 359
2.465773820877075 359
2.474008798599243 359
2.4843711853027344 359
2.501255512237549 359
2.5097062587738037 359
2.517943859100342 359
2.527453899383545 359
2.537027597427368 359
2.5464136600494385 359
2.5555851459503174 359
2.5636801719665527 359
2.571420192718506 359
2.5811140537261963 359
2.5915918350219727 359
2.605560064315796 359
2.615705728530884 359
2.6247622966766357 359
2.634045124053955 359
2.641603708267212 359
2.650000810623169 359
2.6588993072509766 359
2.6673781871795654 359
2.67582106590271 359
2.685056686401367 359
2.6952121257781982 359
2.70340895652771 359
2.711172580718994 359
2.7203891277313232 359
2.728848934173584 359
2.7379021644592285 359
2.746546506881714 359
2.7552528381347656 359
2.7634644508361816 359
2.771271228790283 359
2.779534339904785 358
2.7908694744110107 358
2.799119710922241 358
2.807328701019287 358
2.8157260417938232 359
2.8248825073242188 359
2.8342947959899902 359
2.841646194458008 359
2.8504135608673096 358
2.8592417240142822 358
2.8674755096435547 358
2.8758771419525146 358
2.8863775730133057 359
2.8965723514556885 359
2.904906988143921 359
2.9130465984344482 358
2.9213998317718506 358
2.929687738418579 358
2.939028739929199 358
2.9472765922546387 358
2.9565930366516113 358
2.964991569519043 358
2.973158597946167 358
2.980964422225952 358
2.9916346073150635 358
3.0047380924224854 358
3.012021541595459 358
3.0214948654174805 358
3.0304019451141357 358
3.0394675731658936 358
3.047682046890259 358
3.0569496154785156 358
3.065232276916504 358
3.0733940601348877 358
3.0811376571655273 358
3.093128204345703 358
3.1013996601104736 358
3.1096019744873047 358
3.119821786880493 358
3.127898931503296 358
3.136464834213257 358
3.1458284854888916 358
3.1547067165374756 358
3.16194486618042 358
3.1705307960510254 358
3.178743839263916 358
3.1876955032348633 358
3.197312593460083 358
3.206547498703003 358
3.2148144245147705 358
3.223655939102173 358
3.23142409324646 358
3.240834951400757 358
3.249131441116333 358
3.2578091621398926 358
3.266705274581909 358
3.2750463485717773 358
3.283569097518921 358
3.2936716079711914 358
3.301835060119629 358
3.3104679584503174 358
3.319204092025757 358
3.327558994293213 358
3.3359944820404053 358
3.3453848361968994 358
3.360316038131714 358
3.3685169219970703 358
3.3768675327301025 358
3.385437250137329 358
3.395371198654175 358
3.408383369445801 358
3.417422294616699 358
3.4259185791015625 358
3.434417963027954 358
3.441716194152832 358
3.4516329765319824 358
3.4603452682495117 358
3.468559741973877 358
3.4768569469451904 358
3.4867937564849854 358
3.5005815029144287 358
3.5134787559509277 358
3.525423049926758 358
3.5367841720581055 358
3.550262212753296 358
3.5614328384399414 358
3.57407808303833 358
3.5848889350891113 358
3.5943589210510254 358
3.603455066680908 358
3.6117093563079834 358
3.6209142208099365 358
3.631456136703491 358
3.639890432357788 358
3.6503589153289795 358
3.65855073928833 358
3.6670007705688477 358
3.675279378890991 358
3.6847479343414307 358
3.6936349868774414 358
3.7030606269836426 358
3.7109391689300537 358
3.7197530269622803 358
3.727889060974121 358
3.7365362644195557 358
3.744896411895752 358
3.755039691925049 358
3.7632124423980713 358
3.7710416316986084 358
3.779346466064453 358
3.7883267402648926 358
3.797520637512207 358
3.810957431793213 358
3.8205859661102295 358
3.828913927078247 358
3.8371903896331787 358
3.8454129695892334 358
3.855412244796753 358
3.863640069961548 358
3.8715572357177734 358
3.8808066844940186 358
3.889864683151245 358
3.8979926109313965 358
3.907470464706421 358
3.9165122509002686 358
3.9248929023742676 358
3.9330527782440186 358
3.9408950805664062 358
3.9495909214019775 358
3.9590282440185547 358
3.9672772884368896 358
3.975656747817993 358
3.984893560409546 358
3.9943108558654785 358
4.001732587814331 358
4.011093616485596 358
4.020684003829956 358
4.028912782669067 358
4.03723406791687 358
4.046567916870117 358
4.05593204498291 358
4.064457416534424 358
4.071773052215576 358
4.0808634757995605 358
4.090811729431152 358
4.099056243896484 358
4.108618497848511 358
4.117581605911255 358
4.126663446426392 358
4.135659217834473 358
4.145169258117676 358
4.153369188308716 358
4.161912441253662 358
4.1706702709198 358
4.179489374160767 358
4.1880409717559814 358
4.197239875793457 358
4.211469888687134 358
4.220324516296387 358
4.228831052780151 358
4.237149715423584 358
4.246800899505615 358
4.2550599575042725 358
4.264513254165649 358
4.271836519241333 358
4.2811713218688965 358
4.290645599365234 358
4.29896354675293 358
4.307204008102417 358
4.317347288131714 358
4.326551198959351 358
4.334834575653076 358
4.342641353607178 358
4.351442098617554 358
4.360815763473511 358
4.369080305099487 358
4.377958059310913 358
4.386589288711548 358
4.395722389221191 358
4.404323577880859 358
4.413701057434082 358
4.4215309619903564 358
4.430682897567749 358
4.4389307498931885 358
4.4477152824401855 358
4.456417798995972 358
4.466375350952148 358
4.474681854248047 358
4.483330011367798 358
4.4918928146362305 358
4.500563859939575 358
4.50880765914917 358
4.520420074462891 358
4.528855562210083 358
4.537508726119995 358
4.54651141166687 358
4.554775714874268 358
4.564000844955444 358
4.5715837478637695 358
4.580835342407227 358
4.590343713760376 358
4.5985517501831055 358
4.61142373085022 358
4.6209716796875 358
4.629405736923218 358
4.638379812240601 358
4.648782014846802 358
4.657841205596924 358
4.667344331741333 358
4.676860570907593 357
4.685245752334595 357
4.694740295410156 358
4.704550743103027 358
4.7131264209747314 358
4.723259925842285 357
4.731222152709961 357
4.739739894866943 356
4.748952388763428 357
4.757355213165283 358
4.767178297042847 358
4.776483535766602 358
4.7847254276275635 357
4.793979167938232 356
4.803341388702393 356
4.812622785568237 357
4.822691917419434 358
4.831015110015869 358
4.84001898765564 358
4.856657028198242 358
4.868949890136719 357
4.877554893493652 357
4.8864452838897705 357
4.8956592082977295 357
4.9036784172058105 357
4.912064075469971 357
4.921550989151001 357
4.930018901824951 357
4.938312292098999 357
4.94784688949585 357
4.956667423248291 356
4.965049743652344 357
4.97519588470459 357
4.983422756195068 357
4.99182915687561 357
