0 0
0.015595436096191406 0
0.03530621528625488 0
0.048628807067871094 1
0.0691385269165039 5
0.08989763259887695 13
0.1005256175994873 18
0.10932445526123047 22
0.1176753044128418 27
0.1262350082397461 33
0.13543701171875 38
0.1438121795654297 44
0.15325617790222168 49
0.1618800163269043 55
0.1746833324432373 64
0.18312549591064453 70
0.19195818901062012 78
0.2005634307861328 84
0.20933818817138672 89
0.21757030487060547 95
0.22769427299499512 104
0.23669171333312988 111
0.24534964561462402 117
0.2553529739379883 124
0.2640392780303955 132
0.27330780029296875 139
0.2806689739227295 145
0.2908966541290283 153
0.30045104026794434 161
0.30886077880859375 168
0.3172116279602051 174
0.3265049457550049 182
0.3352475166320801 188
0.3439323902130127 195
0.3534555435180664 205
0.36226439476013184 212
0.3708534240722656 218
0.37951231002807617 224
0.38840699195861816 233
0.3966186046600342 239
0.4061095714569092 246
0.41457104682922363 254
0.42374610900878906 261
0.431901216506958 268
0.4402194023132324 276
0.4497864246368408 282
0.45863938331604004 290
0.467832088470459 297
0.47614264488220215 304
0.49013280868530273 315
0.49864768981933594 324
0.5083227157592773 332
0.5165982246398926 338
0.5259945392608643 345
0.534235954284668 354
0.5423297882080078 360
0.5500202178955078 368
0.5600128173828125 373
0.5697021484375 379
0.5780203342437744 384
0.587195873260498 388
0.5955731868743896 391
0.6047544479370117 394
0.6134128570556641 395
0.6219527721405029 396
0.6298789978027344 396
0.6381590366363525 396
0.6624901294708252 390
0.6786627769470215 385
0.698681116104126 376
0.7285795211791992 361
0.7441003322601318 351
0.7621400356292725 342
0.7735753059387207 338
0.7808787822723389 336
0.7900805473327637 334
0.7983677387237549 333
0.8080410957336426 333
0.8162999153137207 334
0.825495719909668 334
0.8337116241455078 336
0.8419065475463867 339
0.8502020835876465 342
0.8601193428039551 346
0.8697118759155273 350
0.8780477046966553 358
0.8921113014221191 363
0.8999538421630859 366
0.9096534252166748 371
0.918581485748291 374
0.9268805980682373 376
0.9355032444000244 378
0.9437177181243896 379
0.9534461498260498 379
0.9624748229980469 378
0.9708435535430908 376
0.9794929027557373 375
0.9886109828948975 372
0.9967567920684814 369
1.005537986755371 366
1.0146856307983398 361
1.023747205734253 357
1.0314562320709229 353
1.0395448207855225 350
1.0479373931884766 347
1.0567898750305176 345
1.066305160522461 343
1.0758929252624512 343
1.0847718715667725 343
1.093294382095337 344
1.1005842685699463 346
1.109358549118042 348
1.1194229125976562 351
1.1274945735931396 354
1.1358647346496582 357
1.1440856456756592 362
1.153299331665039 365
1.1633579730987549 368
1.1722846031188965 370
1.1800885200500488 371
1.189201831817627 371
1.1974117755889893 371
1.2073595523834229 370
1.2205824851989746 367
1.233238935470581 363
1.244426965713501 358
1.2562131881713867 354
1.2703442573547363 348
1.2897427082061768 344
1.3022730350494385 344
1.3162932395935059 345
1.3253512382507324 347
1.3335909843444824 349
1.3408780097961426 351
1.3502123355865479 355
1.3584182262420654 358
1.369255542755127 362
1.3772385120391846 365
1.3860259056091309 367
1.3945834636688232 369
1.4031932353973389 370
1.4105076789855957 370
1.420454978942871 369
1.429213047027588 368
1.4374403953552246 366
1.4459140300750732 364
1.4548115730285645 361
1.4641249179840088 358
1.4739911556243896 354
1.4825093746185303 351
1.4902734756469727 349
1.4986457824707031 348
1.5067942142486572 347
1.5160293579101562 346
1.525707483291626 347
1.5339226722717285 349
1.5420386791229248 351
1.550112009048462 352
1.5582764148712158 356
1.5678000450134277 359
1.5767033100128174 362
1.586071252822876 364
1.5944204330444336 366
1.6025011539459229 367
1.6102585792541504 367
1.6195664405822754 366
1.6286790370941162 365
1.6367425918579102 363
1.6454780101776123 361
1.654541254043579 358
1.6624913215637207 355
1.6728825569152832 352
1.681501865386963 349
1.6940829753875732 348
1.7023062705993652 348
1.7103731632232666 348
1.7193646430969238 349
1.7283332347869873 351
1.7364394664764404 353
1.7448077201843262 356
1.7538933753967285 358
1.7619564533233643 362
1.7713773250579834 364
1.7822823524475098 365
1.7902131080627441 366
1.7999017238616943 365
1.8082270622253418 364
1.817147970199585 362
1.8264009952545166 360
1.8347818851470947 357
1.843177318572998 355
1.8518953323364258 352
1.8596298694610596 350
1.868703842163086 349
1.879347562789917 348
1.887760877609253 348
1.8960325717926025 349
1.9042551517486572 350
1.9132533073425293 352
1.920607566833496 354
1.9299437999725342 357
1.9381556510925293 360
1.9469084739685059 362
1.9554650783538818 363
1.963721752166748 364
1.9728941917419434 364
1.9832580089569092 364
1.9904370307922363 362
1.9987132549285889 360
2.0180301666259766 355
2.03070068359375 351
2.039254665374756 349
2.0481693744659424 348
2.0563907623291016 347
2.065253496170044 347
2.074190616607666 348
2.0885720252990723 350
2.096759796142578 352
2.1054272651672363 355
2.1142685413360596 358
2.122373104095459 361
2.1314685344696045 363
2.1396875381469727 364
2.1486458778381348 365
2.1567435264587402 365
2.1694653034210205 364
2.1854050159454346 360
2.1936469078063965 358
2.2008519172668457 356
2.2095372676849365 353
2.218332529067993 350
2.2283520698547363 349
2.23819637298584 348
2.247339963912964 348
2.255674123764038 349
2.2638964653015137 350
2.273184299468994 352
2.283442497253418 355
2.292410373687744 358
2.300112247467041 360
2.308413028717041 362
2.3175623416900635 363
2.325960397720337 364
2.3354151248931885 364
2.344102144241333 362
2.3522307872772217 361
2.359917402267456 360
2.3694512844085693 357
2.3782968521118164 354
2.3880460262298584 351
2.396186113357544 350
2.4046542644500732 348
2.4135327339172363 347
2.4208343029022217 347
2.429628372192383 348
2.4390907287597656 350
2.447857141494751 352
2.4560627937316895 354
2.464231491088867 356
2.473494529724121 359
2.4820454120635986 361
2.495692253112793 363
2.504035472869873 363
2.513345241546631 362
2.52066707611084 361
2.5291802883148193 360
2.5382440090179443 357
2.546779155731201 355
2.555333137512207 353
2.5635879039764404 351
2.57253098487854 349
2.580738067626953 348
2.590604543685913 348
2.5998926162719727 349
2.609389066696167 350
2.6183860301971436 352
2.6265220642089844 354
2.636509895324707 357
2.646479368209839 359
2.6553993225097656 360
2.665900945663452 361
2.6762619018554688 361
2.6856768131256104 360
2.6955840587615967 358
2.7053539752960205 356
2.7145895957946777 353
2.7240371704101562 351
2.732154607772827 349
2.7406370639801025 348
2.7498061656951904 348
2.7580976486206055 348
2.7663047313690186 350
2.776738405227661 351
2.785433769226074 354
2.7955896854400635 356
2.805370569229126 359
2.8140883445739746 361
2.8221635818481445 362
2.830533504486084 362
2.839212417602539 362
2.850189685821533 361
2.858374834060669 360
2.8666388988494873 358
2.876383066177368 355
2.884809732437134 351
2.8992435932159424 349
2.9085776805877686 347
2.9168505668640137 346
2.926316499710083 347
2.9354045391082764 348
2.945382595062256 349
2.9536662101745605 351
2.960845708847046 354
2.9703445434570312 356
2.979536294937134 358
2.9876291751861572 360
2.9981584548950195 362
3.0077855587005615 362
3.017605781555176 361
3.0259270668029785 360
3.0341391563415527 357
3.0434017181396484 355
3.0522186756134033 352
3.0599048137664795 351
3.0692193508148193 348
3.0778629779815674 347
3.0863049030303955 346
3.094723701477051 347
3.1047661304473877 348
3.113816738128662 350
3.121877670288086 352
3.129631757736206 354
3.137805700302124 356
3.147867202758789 358
3.156043529510498 360
3.1686697006225586 361
3.1776397228240967 361
3.1859614849090576 360
3.194143533706665 359
3.2040562629699707 356
3.2134082317352295 354
3.22062349319458 352
3.2292020320892334 350
3.237222194671631 348
3.246011972427368 348
3.2555060386657715 347
3.2638580799102783 347
3.2737085819244385 348
3.2815101146698 350
3.2985727787017822 354
3.3138391971588135 358
3.3257486820220947 361
3.3368918895721436 363
3.349263906478882 363
3.3623228073120117 361
3.3754146099090576 359
3.385415554046631 356
3.3935909271240234 353
3.4024887084960938 350
3.4120726585388184 347
3.419874429702759 346
3.42811918258667 345
3.4438095092773438 344
3.4528887271881104 346
3.4604475498199463 347
3.4698195457458496 349
3.4785637855529785 352
3.4866228103637695 354
3.4952785968780518 356
3.5044779777526855 359
3.5141043663024902 360
3.5223841667175293 361
3.530179023742676 361
3.538551092147827 360
3.547476053237915 360
3.5565669536590576 357
3.5652804374694824 355
3.5748701095581055 352
3.5832996368408203 350
3.5905587673187256 347
3.5992562770843506 346
3.6093881130218506 345
3.618154287338257 344
3.6265623569488525 345
3.6352615356445312 346
3.6440930366516113 348
3.653442859649658 350
3.664003372192383 353
3.673820972442627 356
3.6818809509277344 359
3.695286512374878 361
3.7036983966827393 362
3.713810682296753 362
3.7224864959716797 361
3.7302393913269043 360
3.7386364936828613 358
3.7476463317871094 355
3.756624698638916 352
3.766120672225952 349
3.7766592502593994 346
3.785257577896118 345
3.793541669845581 344
3.800855875015259 344
3.81146240234375 345
3.823197841644287 346
3.8304316997528076 348
3.8395490646362305 351
3.847653865814209 353
3.85589861869812 356
3.8655338287353516 358
3.875298261642456 360
3.8892710208892822 361
3.913550615310669 358
3.930377960205078 352
3.9498791694641113 346
3.9667415618896484 340
3.989814043045044 339
4.002034664154053 340
4.0105860233306885 342
4.020478963851929 344
4.0291688442230225 347
4.037235498428345 350
4.046315908432007 354
4.054696559906006 357
4.063864707946777 360
4.073754072189331 362
4.082124710083008 364
4.094263315200806 364
4.103932857513428 364
4.114638328552246 362
4.123391389846802 360
4.132051944732666 357
4.140402555465698 354
4.148700475692749 351
4.156793594360352 348
4.16653037071228 345
4.176214933395386 343
4.184598922729492 342
4.192904472351074 341
4.200469017028809 342
4.209778547286987 342
4.219310522079468 344
4.228134393692017 347
4.236314296722412 350
4.245537519454956 352
4.253847599029541 355
4.261965990066528 358
4.2721874713897705 360
4.280438184738159 361
4.289296627044678 362
4.297571182250977 361
4.305936336517334 360
4.315189599990845 358
4.324236631393433 356
4.3332953453063965 353
4.341944456100464 350
4.34981632232666 348
4.3580451011657715 345
4.3665266036987305 343
4.377398729324341 342
4.385825157165527 342
4.3940746784210205 342
4.402284145355225 344
4.410639524459839 345
4.420048952102661 347
4.428243398666382 350
4.4368205070495605 353
4.446029186248779 356
4.454224586486816 358
4.462497234344482 359
4.473710298538208 360
4.481880187988281 360
4.489812850952148 359
4.502276420593262 357
4.512415647506714 354
4.522028207778931 351
4.5300493240356445 349
4.538233757019043 346
4.547395467758179 344
4.555722713470459 343
4.5640480518341064 342
4.57487416267395 342
4.583489656448364 343
4.5908284187316895 344
4.599374771118164 346
4.608213424682617 349
4.6163623332977295 351
4.625823020935059 354
4.634032249450684 356
4.6437766551971436 358
4.6519598960876465 359
4.659779787063599 359
4.669223785400391 358
4.678860902786255 357
4.687617540359497 355
4.695818901062012 353
4.704200267791748 350
4.713397026062012 348
4.720613479614258 346
4.730061769485474 344
4.738865613937378 343
4.747968435287476 343
4.756242990493774 343
4.764690160751343 344
4.776167392730713 346
4.784573078155518 350
4.792484998703003 352
4.80019474029541 354
4.809426307678223 356
4.817504167556763 357
4.826709032058716 358
4.835378408432007 358
4.8447418212890625 357
4.853174924850464 356
4.860437870025635 354
4.869822025299072 352
4.879810333251953 349
4.888183116912842 346
4.90064001083374 344
4.910078763961792 342
4.918556451797485 342
4.927996873855591 342
4.936261415481567 343
4.945989608764648 344
4.954224348068237 347
4.9623191356658936 349
4.97071647644043 352
4.980335474014282 354
4.988567352294922 356
4.9966044425964355 357
