0 0
0.023686647415161133 0
0.050051212310791016 0
0.07539510726928711 2
0.1016695499420166 13
0.12615966796875 26
0.15743732452392578 43
0.1775500774383545 55
0.19481611251831055 67
0.2228403091430664 86
0.24469447135925293 102
0.2620358467102051 117
0.2821512222290039 133
0.3047609329223633 149
0.33319759368896484 171
0.35793542861938477 194
0.37598657608032227 211
0.3975508213043213 225
0.41503095626831055 238
0.4340221881866455 258
0.4557795524597168 273
0.4740884304046631 288
0.49376416206359863 299
0.5189003944396973 307
0.5386662483215332 311
0.5577681064605713 316
0.57863450050354 323
0.5982234477996826 333
0.6199619770050049 341
0.648798942565918 343
0.6748757362365723 339
0.6900742053985596 336
0.7150564193725586 337
0.7408583164215088 344
0.7575628757476807 352
0.7774693965911865 357
0.792250394821167 358
0.811840295791626 356
0.8310656547546387 353
0.84609055519104 350
0.867607593536377 352
0.8862564563751221 357
0.906043291091919 360
0.9258170127868652 359
0.942183256149292 357
0.9620671272277832 354
0.9846203327178955 356
1.0008254051208496 359
1.0158569812774658 362
1.038231372833252 360
1.062769889831543 355
1.0848255157470703 353
1.1017646789550781 354
1.1219441890716553 358
1.1431090831756592 361
1.164010763168335 360
1.1831274032592773 357
1.20161771774292 354
1.219414472579956 356
1.2406671047210693 360
1.249206304550171 361
1.2578675746917725 363
1.2677571773529053 363
1.2768585681915283 362
1.2876126766204834 360
1.29569673538208 359
1.3050432205200195 359
1.3133625984191895 360
1.3234028816223145 361
1.332244634628296 360
1.3421108722686768 359
1.360102891921997 359
1.3830547332763672 362
1.3916881084442139 364
1.4022223949432373 365
1.4113361835479736 365
1.4489543437957764 358
1.4861319065093994 359
1.523376703262329 369
1.5587091445922852 371
1.598956823348999 361
1.6360445022583008 344
1.65549898147583 339
1.6775195598602295 335
1.6947526931762695 337
1.7170288562774658 342
1.735793113708496 346
1.7539899349212646 347
1.7760670185089111 345
1.7974693775177002 345
1.8136851787567139 347
1.8406519889831543 353
1.862562894821167 357
1.9027597904205322 350
1.9888012409210205 309
2.046255111694336 306
2.1048877239227295 325
2.1620657444000244 369
2.2418787479400635 377
2.323728084564209 346
2.3811964988708496 313
2.4132938385009766 299
2.4592714309692383 295
2.506848096847534 313
2.5447356700897217 331
2.579240560531616 341
2.6095409393310547 339
2.6451072692871094 330
2.6605827808380127 327
2.6700308322906494 325
2.6794538497924805 325
2.6878039836883545 325
2.699345588684082 326
2.7076690196990967 328
2.715625762939453 330
2.7247955799102783 332
2.7332067489624023 333
2.742560863494873 335
2.7534072399139404 335
2.7631425857543945 336
2.771432399749756 337
2.780879497528076 339
2.790097951889038 341
2.7998809814453125 342
2.8078978061676025 343
2.8157169818878174 343
2.8248274326324463 343
2.8331925868988037 344
2.8415112495422363 345
2.8515982627868652 346
2.8613224029541016 347
2.8708136081695557 347
2.879878520965576 345
2.8882436752319336 345
2.898616313934326 346
2.9088032245635986 347
2.916118860244751 348
2.925534725189209 348
2.9340808391571045 348
2.9421868324279785 348
2.9516899585723877 349
2.961500644683838 350
2.9701426029205322 351
2.9795031547546387 351
2.9877870082855225 351
2.9975674152374268 351
3.005359172821045 351
3.013654947280884 351
3.022942066192627 352
3.033019542694092 353
3.042142391204834 354
3.058751106262207 354
3.0678699016571045 352
3.0768089294433594 351
3.0852534770965576 351
3.0946285724639893 351
3.1036055088043213 352
3.1119649410247803 353
3.121309757232666 354
3.129990339279175 354
3.138280153274536 353
3.145942449569702 352
3.1562345027923584 352
3.1654140949249268 352
3.1749086380004883 353
3.1831583976745605 353
3.1918413639068604 353
3.2013254165649414 353
3.210669994354248 354
3.2207322120666504 354
3.229414463043213 354
3.238898515701294 353
3.2467434406280518 353
3.257693290710449 353
3.2678372859954834 354
3.2775604724884033 355
3.2858386039733887 355
3.294785737991333 355
3.304795503616333 354
3.313905715942383 353
3.3239848613739014 353
3.3325517177581787 354
3.341559648513794 355
3.350084066390991 355
3.3601033687591553 354
3.3686976432800293 353
3.377729892730713 353
3.385559558868408 353
3.3949391841888428 354
3.4040987491607666 354
3.4125125408172607 354
3.421616792678833 354
3.430011510848999 353
3.4386394023895264 353
3.445993661880493 353
3.4614017009735107 354
3.470792055130005 354
3.4800961017608643 354
3.4892005920410156 353
3.4975407123565674 353
3.506120443344116 353
3.5149307250976562 353
3.5236423015594482 353
3.531893491744995 354
3.54103422164917 354
3.5492844581604004 354
3.5614025592803955 353
3.5699758529663086 353
3.580258369445801 353
3.5893073081970215 353
3.5974080562591553 354
3.6053884029388428 354
3.6147844791412354 353
3.6236355304718018 353
3.631971836090088 353
3.640641927719116 353
3.6488876342773438 353
3.6589322090148926 353
3.666257381439209 353
3.6761367321014404 353
3.6851329803466797 353
3.693683624267578 353
3.701871156692505 353
3.7114405632019043 353
3.7205851078033447 352
3.7289700508117676 352
3.7367537021636963 353
3.74509596824646 353
3.7540693283081055 353
3.763463258743286 353
3.7749269008636475 353
3.7845029830932617 353
3.792708396911621 353
3.8010542392730713 353
3.8094289302825928 353
3.8191864490509033 353
3.8273725509643555 353
3.8351786136627197 353
3.8440675735473633 353
3.856238842010498 352
3.8659114837646484 352
3.875669240951538 353
3.885161876678467 353
3.893467664718628 353
3.90170955657959 353
3.910064220428467 353
3.9206178188323975 352
3.9295830726623535 352
3.939038038253784 352
3.9468045234680176 353
3.9557533264160156 353
3.9659969806671143 353
3.979995012283325 352
3.9894988536834717 351
3.997849464416504 352
4.00732946395874 353
4.021496534347534 354
4.032815933227539 353
4.0445921421051025 351
4.057922124862671 349
4.070822715759277 349
4.0846710205078125 351
4.104583740234375 352
4.1201441287994385 351
4.131642580032349 349
4.144456148147583 349
4.160789966583252 350
4.170617341995239 352
4.1799445152282715 353
4.189474821090698 354
4.197871923446655 354
4.206060886383057 353
4.215204954147339 353
4.224724769592285 352
4.233310222625732 352
4.241559982299805 352
4.254750728607178 353
4.263282060623169 353
4.273646354675293 352
4.284192323684692 351
4.293463468551636 351
4.301748752593994 351
4.3102593421936035 351
4.320225238800049 352
4.328689098358154 352
4.3360278606414795 352
4.3446760177612305 352
4.353424549102783 352
4.361770153045654 352
4.371314764022827 352
4.381337881088257 352
4.389602422714233 352
4.397786855697632 352
4.405583143234253 352
4.414958477020264 352
4.424079418182373 352
4.433014631271362 352
4.441610336303711 352
4.4508349895477295 352
4.4590911865234375 352
4.4672746658325195 352
4.477734565734863 352
4.485885143280029 352
4.495197534561157 352
4.503509044647217 352
4.511744260787964 352
4.520921230316162 352
4.530583143234253 352
4.538869619369507 352
4.547481060028076 352
4.55534029006958 352
4.56361722946167 352
4.571983098983765 352
4.583303451538086 352
4.591750144958496 352
4.600973606109619 352
4.6091859340667725 352
4.6178224086761475 352
4.627386808395386 352
4.635148763656616 352
4.64401650428772 351
4.6586854457855225 352
4.666088104248047 353
4.676808595657349 353
4.6856701374053955 353
4.694028615951538 353
4.703004598617554 353
4.711416959762573 352
4.72078800201416 351
4.730154275894165 351
4.738651514053345 351
4.747488498687744 351
4.755387544631958 351
4.7636330127716064 351
4.772137403488159 352
4.78302001953125 352
4.792771816253662 351
4.802771329879761 351
4.811870336532593 350
4.820598840713501 351
4.8305652141571045 351
4.838943719863892 352
4.847550630569458 351
4.855494260787964 351
4.863752603530884 351
4.8721795082092285 351
4.8830108642578125 351
4.891485929489136 350
4.900173187255859 350
4.908721923828125 351
4.91767692565918 351
4.925508260726929 351
4.9349524974823 351
4.94317889213562 351
4.952017784118652 351
4.960835933685303 350
4.9690868854522705 350
4.979097366333008 351
4.988633632659912 351
4.995938062667847 351
