0 0
0.015560388565063477 0
0.03493952751159668 0
0.05085325241088867 1
0.07001757621765137 6
0.08919787406921387 13
0.10866308212280273 23
0.125960111618042 34
0.13853740692138672 40
0.14680957794189453 46
0.15587425231933594 52
0.164564847946167 58
0.1728041172027588 64
0.18007397651672363 69
0.1898043155670166 76
0.19997572898864746 84
0.20865774154663086 90
0.21762323379516602 98
0.22587060928344727 104
0.23537302017211914 110
0.2437725067138672 118
0.2528960704803467 124
0.26021838188171387 130
0.2688770294189453 136
0.277083158493042 143
0.2872304916381836 151
0.2955327033996582 159
0.3047792911529541 166
0.3133087158203125 172
0.32653045654296875 183
0.33724331855773926 193
0.3467526435852051 200
0.3555610179901123 208
0.36400365829467773 214
0.3726389408111572 221
0.3799765110015869 228
0.38974905014038086 236
0.39922189712524414 242
0.40750718116760254 250
0.41654443740844727 259
0.42732882499694824 266
0.4486401081085205 284
0.47589993476867676 308
0.4954860210418701 325
0.5149426460266113 338
0.5328099727630615 355
0.5547802448272705 372
0.571387529373169 385
0.5887224674224854 392
0.6076788902282715 399
0.6317474842071533 400
0.649620771408081 398
0.6686270236968994 394
0.6868436336517334 387
0.7139406204223633 372
0.7376260757446289 357
0.7588176727294922 346
0.7672200202941895 342
0.7755782604217529 337
0.7848718166351318 334
0.7932889461517334 332
0.803581953048706 330
0.8128817081451416 330
0.8218581676483154 330
0.8296327590942383 330
0.8379828929901123 334
0.8772807121276855 347
0.8999505043029785 359
0.9174740314483643 368
0.9370577335357666 375
0.9560332298278809 380
0.9752109050750732 382
0.9900290966033936 380
1.0092768669128418 376
1.0261268615722656 368
1.045196294784546 360
1.0650882720947266 350
1.0829312801361084 343
1.102252721786499 338
1.1194267272949219 338
1.1402170658111572 342
1.159726858139038 348
1.1812891960144043 357
1.2047629356384277 370
1.2298848628997803 380
1.2572104930877686 384
1.285888910293579 381
1.3054687976837158 376
1.3226251602172852 368
1.3394532203674316 360
1.3587193489074707 350
1.3736097812652588 342
1.3986246585845947 337
1.416252851486206 337
1.4356329441070557 340
1.454087495803833 346
1.4758405685424805 356
1.4936106204986572 366
1.5152912139892578 373
1.53324556350708 378
1.5500061511993408 380
1.5691554546356201 378
1.5930256843566895 371
1.6119191646575928 363
1.6314020156860352 353
1.6481528282165527 345
1.6714682579040527 338
1.6879417896270752 337
1.7098755836486816 339
1.7279279232025146 344
1.7471871376037598 350
1.7672276496887207 360
1.7840278148651123 370
1.8039329051971436 376
1.823493242263794 379
1.8402023315429688 378
1.858778715133667 375
1.8789608478546143 368
1.8985300064086914 359
1.9172923564910889 350
1.9394686222076416 342
1.9576997756958008 337
1.9761707782745361 336
1.995978832244873 340
2.018760919570923 346
2.0354583263397217 354
2.0514819622039795 364
2.0696370601654053 371
2.086071729660034 376
2.1056337356567383 378
2.1252219676971436 376
2.1417951583862305 372
2.157776117324829 366
2.1759958267211914 358
2.1937780380249023 349
2.21022367477417 343
2.235060214996338 338
2.250145196914673 338
2.268176794052124 341
2.2914602756500244 348
2.309034585952759 354
2.3297815322875977 366
2.3494184017181396 371
2.3727498054504395 376
2.383941650390625 376
2.4059665203094482 373
2.424832344055176 368
2.441317081451416 361
2.4630541801452637 352
2.48085618019104 344
2.496138572692871 339
2.514003276824951 337
2.5375378131866455 339
2.554002285003662 343
2.5727171897888184 349
2.592954635620117 358
2.6114449501037598 368
2.631364583969116 373
2.647474527359009 374
2.6640520095825195 373
2.6860849857330322 367
2.7055985927581787 360
2.722722291946411 353
2.74583101272583 342
2.7650630474090576 338
2.7833821773529053 336
2.804572343826294 339
2.821599245071411 344
2.839240312576294 350
2.8541595935821533 359
2.872892379760742 366
2.892718553543091 372
2.9128940105438232 374
2.9327080249786377 372
2.9508492946624756 367
2.9692890644073486 361
2.98774790763855 351
3.0085763931274414 344
3.0266029834747314 339
3.0458297729492188 337
3.063627004623413 339
3.080172300338745 344
3.102198839187622 351
3.119288682937622 358
3.141627311706543 370
3.159113645553589 373
3.175379514694214 375
3.195289134979248 373
3.2139148712158203 368
3.2361485958099365 360
3.2579338550567627 348
3.2873528003692627 336
3.3171379566192627 333
3.352937698364258 338
3.375722646713257 348
3.3953592777252197 356
3.4130024909973145 365
3.4361517429351807 373
3.4465813636779785 375
3.455115795135498 376
3.4635941982269287 376
3.47269606590271 375
3.4800472259521484 374
3.4915149211883545 371
3.5002646446228027 369
3.509575843811035 365
3.5177390575408936 362
3.5258474349975586 356
3.539177417755127 352
3.551457166671753 347
3.559431314468384 344
3.5677237510681152 342
3.5761990547180176 340
3.5848047733306885 340
3.615755081176758 345
3.658024787902832 360
3.6887359619140625 372
3.7190439701080322 381
3.7690157890319824 375
3.7916512489318848 366
3.815192937850952 356
3.835014581680298 344
3.867778778076172 333
3.8990955352783203 332
3.916093587875366 336
3.9439332485198975 350
3.9741251468658447 362
4.005012273788452 374
4.023366451263428 379
4.045502185821533 380
4.070010423660278 373
4.109695672988892 354
4.155157566070557 334
4.204647779464722 318
4.239153146743774 321
4.287562131881714 344
4.317586183547974 361
4.34272027015686 374
4.362647771835327 382
4.383439540863037 386
4.399812936782837 386
4.419469833374023 384
4.438878774642944 378
4.455469846725464 371
4.481828451156616 356
4.489675760269165 350
4.509472370147705 340
4.529401540756226 332
4.54818320274353 329
4.573467493057251 332
4.611405849456787 340
4.6318206787109375 350
4.649526119232178 358
4.6718761920928955 368
4.695570945739746 374
4.715755939483643 373
4.740240573883057 368
4.762543439865112 360
4.7813661098480225 350
4.79910683631897 342
4.819427967071533 335
4.837468862533569 330
4.861584901809692 331
4.878911256790161 334
4.887273073196411 337
4.895639419555664 340
4.905402898788452 344
4.913561105728149 348
4.923169851303101 353
4.9332263469696045 357
4.9413464069366455 361
4.949065685272217 362
4.957367420196533 365
4.966265439987183 366
4.975713014602661 367
4.985389709472656 366
4.994929313659668 365
