0 0
0.0155487060546875 0
0.03476572036743164 0
0.05084037780761719 2
0.07215261459350586 6
0.0830690860748291 11
0.09241366386413574 14
0.10181713104248047 19
0.11021852493286133 22
0.11868596076965332 26
0.12799715995788574 30
0.1375110149383545 32
0.14584112167358398 36
0.15316438674926758 38
0.1621558666229248 42
0.17047715187072754 46
0.18053579330444336 50
0.19002056121826172 52
0.1983325481414795 55
0.2078254222869873 57
0.21619582176208496 60
0.2255103588104248 63
0.23450446128845215 68
0.2425215244293213 70
0.250927209854126 73
0.26006245613098145 75
0.2728283405303955 80
0.2829124927520752 83
0.2924623489379883 86
0.302565336227417 90
0.3109726905822754 92
0.3191678524017334 94
0.3283069133758545 97
0.3378257751464844 100
0.3463172912597656 102
0.35748720169067383 105
0.3663828372955322 108
0.3746318817138672 110
0.3824501037597656 114
0.39281773567199707 117
0.4023406505584717 119
0.41145920753479004 122
0.4199090003967285 124
0.4287114143371582 126
0.4381551742553711 128
0.44646167755126953 131
0.45515918731689453 134
0.4628000259399414 136
0.4715721607208252 138
0.47997260093688965 139
0.49050283432006836 142
0.4991114139556885 143
0.5082974433898926 145
0.5170531272888184 148
0.5270462036132812 151
0.5384860038757324 154
0.5471012592315674 156
0.5561971664428711 158
0.5644350051879883 160
0.5723006725311279 161
0.5805785655975342 163
0.5915791988372803 165
0.600954532623291 167
0.6091268062591553 169
0.617833137512207 171
0.626845121383667 174
0.6353943347930908 175
0.6445808410644531 176
0.6531217098236084 178
0.6619646549224854 180
0.6754982471466064 184
0.6828148365020752 186
0.6929454803466797 187
0.7024393081665039 188
0.7108323574066162 190
0.7202832698822021 191
0.7285847663879395 193
0.7370877265930176 195
0.7467410564422607 198
0.7561759948730469 199
0.7644038200378418 200
0.7723691463470459 201
0.7809181213378906 202
0.7898671627044678 204
0.7990643978118896 206
0.8083546161651611 208
0.8168344497680664 210
0.8260414600372314 211
0.8342938423156738 212
0.8431053161621094 212
0.8521387577056885 214
0.8631126880645752 217
0.8757288455963135 219
0.8878118991851807 221
0.9021122455596924 222
0.9142999649047852 222
0.9269397258758545 224
0.9382331371307373 226
0.9516623020172119 229
0.9609668254852295 230
0.9696037769317627 231
0.9780149459838867 232
0.9869372844696045 234
0.9962191581726074 234
1.0061945915222168 236
1.014392614364624 236
1.022965908050537 237
1.0317013263702393 238
1.0399370193481445 240
1.0490567684173584 242
1.058387279510498 242
1.0706300735473633 244
1.0791208744049072 244
1.0884058475494385 245
1.0980474948883057 246
1.1079440116882324 248
1.117004632949829 249
1.1255500316619873 250
1.1328704357147217 251
1.1417558193206787 252
1.1518218517303467 253
1.1601176261901855 254
1.168729305267334 255
1.1774020195007324 256
1.18631911277771 257
1.1945593357086182 258
1.2057924270629883 258
1.2131497859954834 259
1.222468614578247 260
1.2308118343353271 261
1.2389514446258545 262
1.247649908065796 264
1.2577781677246094 264
1.266021728515625 264
1.2741484642028809 265
1.2827672958374023 266
1.291511058807373 267
1.3024184703826904 268
1.3116123676300049 269
1.320406436920166 269
1.328622579574585 270
1.3371407985687256 270
1.3456130027770996 272
1.3556642532348633 273
1.3629670143127441 273
1.3744478225708008 274
1.3830692768096924 274
1.3917133808135986 275
1.4017977714538574 276
1.4106793403625488 278
1.4198477268218994 278
1.4281435012817383 278
1.4366941452026367 279
1.4448373317718506 279
1.4550585746765137 280
1.4626755714416504 281
1.4758129119873047 283
1.4844369888305664 283
1.4923994541168213 284
1.5029630661010742 284
1.512115478515625 284
1.520904302597046 285
1.5290708541870117 286
1.537914514541626 287
1.5461881160736084 287
1.5562798976898193 288
1.5645678043365479 288
1.572392463684082 288
1.5815882682800293 288
1.5898411273956299 289
1.5981380939483643 290
1.6082136631011963 291
1.6177618503570557 292
1.6260576248168945 292
1.6342663764953613 292
1.6420671939849854 293
1.6509466171264648 294
1.6603748798370361 294
1.6687207221984863 295
1.6775884628295898 295
1.6864326000213623 295
1.6946091651916504 296
1.7031545639038086 296
1.7126858234405518 297
1.7223320007324219 297
1.7306218147277832 298
1.7389609813690186 298
1.748246669769287 298
1.7576887607574463 298
1.7659695148468018 299
1.774143934249878 300
1.7822604179382324 301
1.7905607223510742 301
1.7991414070129395 301
1.808980941772461 301
1.8187651634216309 302
1.8274955749511719 302
1.8358006477355957 302
1.8436658382415771 303
1.852520227432251 304
1.8622114658355713 304
1.8747692108154297 304
1.885533094406128 304
1.8927876949310303 305
1.9024333953857422 306
1.9125194549560547 307
1.9218878746032715 307
1.9302918910980225 306
1.938629150390625 306
1.947685718536377 306
1.9558734893798828 307
1.9650399684906006 308
1.972630500793457 308
1.988144874572754 308
1.996412992477417 307
2.0070760250091553 307
2.0170817375183105 308
2.026087760925293 309
2.0342886447906494 310
2.0422959327697754 310
2.051557779312134 309
2.0602025985717773 308
2.0696678161621094 309
2.0787007808685303 310
2.0874688625335693 310
2.0959231853485107 310
2.1051621437072754 310
2.114837646484375 310
2.122598648071289 311
2.1317453384399414 312
2.139996290206909 312
2.148597240447998 312
2.1571574211120605 311
2.166538953781128 311
2.17476487159729 311
2.1829423904418945 312
2.1917316913604736 313
2.2002031803131104 313
2.209045648574829 313
2.2191545963287354 312
2.228381872177124 312
2.2368032932281494 312
2.245522975921631 313
2.2529642581939697 314
2.261655330657959 314
2.275587797164917 314
2.2843105792999268 315
2.2923154830932617 315
2.3024895191192627 316
2.31166672706604 315
2.321096658706665 314
2.3300557136535645 315
2.338467836380005 316
2.347710371017456 316
2.355969190597534 316
2.3637330532073975 316
2.372701644897461 316
2.3819572925567627 316
2.392308473587036 317
2.4019968509674072 317
2.4107954502105713 318
2.4201948642730713 318
2.428464412689209 318
2.437735080718994 317
2.446978807449341 317
2.455634117126465 318
2.4630093574523926 318
2.4725608825683594 319
2.48176908493042 318
2.490180730819702 318
2.498466730117798 318
2.5077428817749023 318
2.516923427581787 319
2.5262415409088135 319
2.535166025161743 319
2.5441994667053223 319
2.551976203918457 319
2.5602200031280518 319
2.5684821605682373 319
2.5782949924468994 319
2.5865254402160645 320
2.5947763919830322 320
2.6042208671569824 320
2.612701177597046 319
2.6222281455993652 319
2.630506992340088 320
2.638904333114624 320
2.647991180419922 321
2.656320333480835 321
2.6645395755767822 320
2.678361177444458 320
2.6868488788604736 320
2.6955502033233643 320
2.704502582550049 320
2.7129600048065186 321
2.7216074466705322 321
2.7308101654052734 321
2.7398366928100586 321
2.7486209869384766 321
2.757432460784912 321
2.765653610229492 321
2.7753868103027344 321
2.7826943397521973 322
2.7915756702423096 322
2.800645351409912 321
2.8096327781677246 321
2.818209171295166 321
2.8275234699249268 321
2.8358712196350098 322
2.8456525802612305 322
2.853001832962036 322
2.8616085052490234 321
2.8699722290039062 321
2.879847526550293 321
2.8881137371063232 322
2.8971426486968994 322
2.907388925552368 322
2.915618658065796 322
2.922917366027832 321
2.9324300289154053 321
2.945596933364868 322
2.956416130065918 322
2.968055009841919 322
2.9813878536224365 321
2.9921319484710693 321
3.006474494934082 322
3.018204689025879 323
3.026470422744751 323
3.0358617305755615 322
3.044537305831909 322
3.0527331829071045 322
3.061544418334961 322
3.0696918964385986 322
3.0831573009490967 323
3.0919106006622314 322
3.1014821529388428 322
3.1103458404541016 322
3.118697166442871 322
3.127065896987915 322
3.136364221572876 322
3.145627498626709 322
3.1542751789093018 322
3.1620090007781982 322
3.17029070854187 322
3.1803805828094482 322
3.1886322498321533 322
3.1970584392547607 322
3.2069060802459717 322
3.2151548862457275 322
3.2226810455322266 322
3.2323079109191895 322
3.2417681217193604 322
3.249973773956299 322
3.2586581707000732 322
3.267148971557617 322
3.276085138320923 322
3.285529375076294 322
3.2928547859191895 322
3.3030526638031006 322
3.3121378421783447 322
3.320418357849121 322
3.328611135482788 322
3.3447890281677246 322
3.353081703186035 322
3.3619227409362793 322
3.370211362838745 322
3.3789734840393066 322
3.388458013534546 322
3.396873950958252 322
3.407468557357788 322
3.4176201820373535 322
3.425948143005371 322
3.4337165355682373 322
3.4431118965148926 322
3.4517624378204346 322
3.460480213165283 322
3.468661069869995 322
3.4819653034210205 322
3.4915730953216553 322
3.5008840560913086 322
3.5099523067474365 322
3.518251895904541 322
3.5265324115753174 322
3.5347249507904053 322
3.5446932315826416 322
3.552543878555298 322
3.560861825942993 322
3.5690197944641113 322
3.5782008171081543 322
3.5864875316619873 322
3.5960423946380615 322
3.606013298034668 322
3.6141724586486816 322
3.622143268585205 322
3.63043475151062 322
3.6405887603759766 322
3.648860454559326 322
3.6577200889587402 322
3.666119337081909 322
3.6750411987304688 322
3.682666540145874 322
3.6921253204345703 322
3.709749460220337 322
3.7182579040527344 322
3.7266554832458496 322
3.734750509262085 322
3.7444913387298584 322
3.752432346343994 322
3.7621071338653564 322
3.771421194076538 322
3.7797534465789795 322
3.7881295680999756 322
3.7976226806640625 322
3.8076276779174805 322
3.816528081893921 322
3.826450824737549 322
3.8356568813323975 322
3.8446121215820312 322
3.852421283721924 322
3.860691785812378 322
3.8699231147766113 322
3.882136583328247 322
3.8904964923858643 322
3.901916027069092 322
3.9102888107299805 322
3.9185397624969482 322
3.927022695541382 322
3.9359402656555176 322
3.9453988075256348 322
3.9527714252471924 322
3.9615590572357178 322
3.9702959060668945 322
3.97910213470459 322
3.9876863956451416 322
3.99676513671875 322
4.0062689781188965 322
4.014443635940552 322
4.0223798751831055 322
4.03078293800354 322
4.039170742034912 322
4.048669815063477 322
4.057147264480591 322
4.06564998626709 322
4.074302911758423 322
4.082371234893799 322
4.090622901916504 322
4.1009767055511475 321
4.109467506408691 321
4.117919206619263 321
4.126233816146851 321
4.135630130767822 321
4.142980575561523 321
4.152514934539795 321
4.160948038101196 320
4.1701743602752686 321
4.17894721031189 321
4.18761682510376 321
4.195980072021484 321
4.206548452377319 320
4.214770078659058 320
4.222562789916992 320
4.230909109115601 320
4.240129470825195 320
4.249470472335815 320
4.258121013641357 319
4.2675557136535645 319
4.279059410095215 319
4.287862300872803 319
4.296271800994873 319
4.30745530128479 319
4.315852165222168 318
4.323739051818848 318
4.334342956542969 318
4.342153072357178 318
4.350507497787476 318
4.359920024871826 318
4.368847846984863 318
4.378175258636475 318
4.38646936416626 318
4.3946733474731445 318
4.406261444091797 317
4.414474248886108 317
4.4222681522369385 317
4.430529356002808 317
4.439718246459961 316
4.448123931884766 316
4.457660675048828 316
4.46655011177063 316
4.474757194519043 316
4.483018159866333 316
4.491676330566406 316
4.501732349395752 316
4.510937452316284 315
4.519092559814453 315
4.527897834777832 315
4.536828994750977 314
4.5451133251190186 314
4.552729606628418 315
4.56239914894104 315
4.57151198387146 315
4.579724550247192 314
4.588613748550415 314
4.597759485244751 314
4.608134508132935 314
4.61654806137085 314
4.624749422073364 313
4.633158206939697 313
4.641850233078003 313
4.650085687637329 314
4.659716367721558 314
4.668341159820557 314
4.68058967590332 313
4.689739227294922 312
4.69895339012146 312
4.709020137786865 312
4.717703342437744 313
4.726079940795898 313
4.734760999679565 313
4.742707014083862 312
4.751540422439575 312
4.760684967041016 312
4.7699055671691895 312
4.778341293334961 311
4.787563800811768 311
4.7967448234558105 311
4.806041479110718 311
4.815621376037598 311
4.822922468185425 311
4.831972599029541 311
4.84234619140625 311
4.850851058959961 310
4.860238790512085 310
4.8694093227386475 310
4.8777756690979 310
4.886026620864868 310
4.894757270812988 310
4.904338836669922 309
4.913048505783081 309
4.9219069480896 308
4.930949687957764 308
4.939445495605469 309
4.947961807250977 309
4.956250905990601 309
4.966205596923828 308
4.9744932651519775 308
4.98244833946228 308
4.9915771484375 307
