0 0
0.013202905654907227 0
0.03097248077392578 0
0.05576825141906738 4
0.06734848022460938 8
0.08772397041320801 16
0.10016965866088867 20
0.10897541046142578 24
0.11736273765563965 27
0.12566733360290527 30
0.13409662246704102 32
0.143080472946167 34
0.15257477760314941 36
0.16338515281677246 40
0.18297147750854492 45
0.19807791709899902 51
0.20983219146728516 55
0.22166204452514648 58
0.23375535011291504 60
0.24742913246154785 63
0.2594587802886963 67
0.2699704170227051 70
0.27867650985717773 72
0.28794169425964355 74
0.297443151473999 77
0.3057868480682373 80
0.3136448860168457 82
0.3224947452545166 84
0.331265926361084 85
0.33989691734313965 87
0.3495779037475586 89
0.35808277130126953 91
0.36730313301086426 93
0.3756425380706787 96
0.3852500915527344 98
0.39321303367614746 100
0.4034140110015869 101
0.4118466377258301 103
0.42047858238220215 105
0.428966760635376 108
0.4394712448120117 110
0.44987916946411133 112
0.4586460590362549 114
0.4675414562225342 116
0.4757716655731201 118
0.4846782684326172 120
0.49297308921813965 122
0.5030763149261475 123
0.511486291885376 125
0.5199339389801025 126
0.5286860466003418 128
0.5376989841461182 130
0.5464901924133301 133
0.5556797981262207 135
0.5640649795532227 136
0.572922945022583 137
0.5873148441314697 139
0.5967161655426025 141
0.6057987213134766 144
0.6138463020324707 146
0.6228201389312744 148
0.6316094398498535 149
0.6398711204528809 150
0.6490278244018555 152
0.6585991382598877 154
0.6675176620483398 156
0.6757700443267822 158
0.6851816177368164 159
0.6930840015411377 160
0.7017171382904053 161
0.7114419937133789 162
0.7197182178497314 164
0.7289352416992188 166
0.7374138832092285 168
0.7457818984985352 169
0.7553043365478516 170
0.7636778354644775 170
0.7721469402313232 172
0.7810721397399902 174
0.7897214889526367 176
0.7989864349365234 178
0.8086409568786621 179
0.8170559406280518 180
0.8253178596496582 180
0.8338854312896729 181
0.8426032066345215 182
0.8510348796844482 184
0.8610670566558838 186
0.8694643974304199 187
0.8779428005218506 188
0.887840747833252 189
0.8969769477844238 190
0.905179500579834 192
0.9139206409454346 194
0.9228026866912842 195
0.9319005012512207 196
0.9406783580780029 196
0.9504635334014893 197
0.9611573219299316 198
0.9695084095001221 200
0.9835894107818604 203
0.9926753044128418 204
1.001854419708252 204
1.011462926864624 204
1.019843578338623 205
1.0289273262023926 206
1.0373866558074951 208
1.0457758903503418 210
1.0536613464355469 210
1.0635905265808105 211
1.0725393295288086 211
1.081679344177246 212
1.0899357795715332 213
1.0999653339385986 215
1.1086480617523193 216
1.1181025505065918 217
1.1271700859069824 218
1.135420799255371 218
1.1434249877929688 219
1.1519420146942139 220
1.1629102230072021 222
1.1713016033172607 223
1.1795625686645508 224
1.1894729137420654 224
1.1992809772491455 225
1.2078297138214111 226
1.2178637981414795 227
1.2267193794250488 228
1.2353270053863525 230
1.24330735206604 230
1.251692295074463 231
1.2607624530792236 231
1.269930124282837 232
1.2798120975494385 233
1.2891137599945068 234
1.2989540100097656 236
1.308786153793335 237
1.318763256072998 237
1.3275349140167236 237
1.3367972373962402 238
1.344160556793213 238
1.3528714179992676 240
1.3620061874389648 241
1.3714687824249268 242
1.3867442607879639 242
1.3971447944641113 242
1.4053614139556885 243
1.413351058959961 244
1.4227137565612793 245
1.431725263595581 246
1.4399662017822266 246
1.4486308097839355 247
1.4585561752319336 248
1.4693424701690674 249
1.4778060913085938 250
1.4872362613677979 250
1.4962007999420166 250
1.503880500793457 251
1.5126245021820068 252
1.5220122337341309 253
1.5313043594360352 254
1.5399436950683594 254
1.5487353801727295 253
1.5575218200683594 254
1.5658094882965088 255
1.5754339694976807 256
1.5840716361999512 257
1.59393310546875 258
1.6026525497436523 258
1.6115164756774902 258
1.6207690238952637 259
1.6299757957458496 260
1.638805866241455 261
1.6471836566925049 262
1.6554725170135498 262
1.6636910438537598 262
1.6751832962036133 263
1.6838841438293457 265
1.6933903694152832 266
1.701904296875 267
1.7107365131378174 267
1.7193372249603271 266
1.7294020652770996 266
1.7385530471801758 266
1.7468581199645996 267
1.755178451538086 269
1.7637348175048828 270
1.7736680507659912 270
1.7873070240020752 270
1.7966163158416748 270
1.803947925567627 270
1.8127541542053223 272
1.8212506771087646 272
1.831160068511963 272
1.8394014835357666 272
1.8479700088500977 272
1.856778621673584 273
1.8641026020050049 274
1.8727631568908691 275
1.883866786956787 275
1.8930790424346924 274
1.9015612602233887 273
1.9099218845367432 274
1.9186697006225586 274
1.9288134574890137 275
1.9372727870941162 275
1.945552110671997 276
1.953444242477417 276
1.9623889923095703 276
1.971839427947998 276
1.982475996017456 276
1.9913303852081299 277
1.999779224395752 278
2.0097708702087402 278
2.0184855461120605 278
2.0281903743743896 278
2.036689519882202 278
2.044062614440918 279
2.0527937412261963 280
2.0619096755981445 280
2.070080518722534 280
2.0795845985412598 280
2.089712381362915 280
2.098198175430298 281
2.106825828552246 282
2.114156723022461 282
2.1235015392303467 282
2.1329972743988037 281
2.141392469406128 281
2.1496505737304688 282
2.1591134071350098 282
2.167409896850586 283
2.1757020950317383 283
2.1914455890655518 282
2.199859380722046 282
2.208682060241699 282
2.21706485748291 282
2.226184129714966 284
2.2355079650878906 284
2.247525930404663 284
2.259713649749756 284
2.2708983421325684 284
2.284088373184204 285
2.2975733280181885 286
2.308833122253418 287
2.320896863937378 286
2.333721160888672 285
2.342458724975586 284
2.350677967071533 284
2.359564781188965 284
2.3681530952453613 284
2.376577138900757 285
2.387357234954834 286
2.395688056945801 286
2.4035117626190186 286
2.412022113800049 285
2.4212186336517334 285
2.429438829421997 285
2.439013957977295 286
2.4473414421081543 286
2.456609010696411 287
2.4639790058135986 287
2.472681760787964 286
2.4858133792877197 286
2.4936132431030273 286
2.502155303955078 287
2.5107510089874268 288
2.519609212875366 288
2.5281102657318115 288
2.537557363510132 287
2.5461480617523193 287
2.5547549724578857 287
2.562976360321045 288
2.571310043334961 288
2.5795772075653076 288
2.5952463150024414 289
2.6033856868743896 289
2.6119160652160645 289
2.6212167739868164 289
2.629639148712158 289
2.6392061710357666 289
2.6474783420562744 289
2.6567211151123047 289
2.664012908935547 289
2.672675848007202 289
2.6816277503967285 289
2.692129135131836 290
2.7006964683532715 290
2.7091434001922607 289
2.7187132835388184 288
2.7270283699035645 288
2.735325574874878 289
2.743992328643799 290
2.753244400024414 290
2.761691093444824 289
2.7700414657592773 288
2.7789578437805176 288
2.789118766784668 289
2.79872989654541 290
2.807002305984497 291
2.8153085708618164 291
2.8235907554626465 290
2.8321454524993896 290
2.8416030406951904 290
2.8509361743927 290
2.8592610359191895 290
2.867522954940796 290
2.875800132751465 291
2.887197256088257 291
2.8967366218566895 290
2.9054982662200928 290
2.913327693939209 290
2.9228835105895996 290
2.9312233924865723 290
2.9394893646240234 290
2.9495577812194824 290
2.963041067123413 290
2.9713175296783447 290
2.9795455932617188 290
2.9956696033477783 290
3.003596067428589 290
3.0219554901123047 290
3.0300981998443604 290
3.038738250732422 290
3.0480096340179443 290
3.056962728500366 290
3.0647716522216797 290
3.0729739665985107 290
3.082521915435791 290
3.090700626373291 290
3.099865436553955 290
3.108555793762207 290
3.1174373626708984 290
3.126838207244873 290
3.134145736694336 290
3.142937660217285 290
3.152949094772339 290
3.161234140396118 290
3.169481039047241 290
3.177924156188965 290
3.1871862411499023 290
3.1953694820404053 290
3.204042673110962 290
3.212728500366211 290
3.2215535640716553 290
3.229776382446289 290
3.238429069519043 290
3.2466952800750732 290
3.256556510925293 290
3.2638678550720215 290
3.2725605964660645 290
3.2900524139404297 290
3.2987060546875 290
3.307943820953369 290
3.31719970703125 290
3.3254284858703613 290
3.333245277404785 290
3.3438000679016113 290
3.3539960384368896 290
3.3626582622528076 290
3.3709473609924316 289
3.3800179958343506 289
3.3931403160095215 289
3.410128593444824 289
3.4195995330810547 289
3.428091287612915 288
3.4369404315948486 288
3.444803237915039 288
3.454155445098877 289
3.4629712104797363 289
3.4712915420532227 289
3.4807004928588867 288
3.4897186756134033 288
3.498595714569092 287
3.508084297180176 287
3.5170605182647705 288
3.5254037380218506 288
3.533261775970459 288
3.5416924953460693 288
3.550935983657837 287
3.560640573501587 286
3.569114923477173 286
3.5774829387664795 286
3.5874295234680176 287
3.595832347869873 287
3.6053433418273926 287
3.613633394241333 286
3.6225171089172363 286
3.630784749984741 286
3.639261245727539 286
3.6480040550231934 286
3.657402753829956 285
3.6656761169433594 285
3.673624038696289 285
3.6840860843658447 285
3.693180799484253 285
3.7027015686035156 285
3.7139840126037598 285
3.7226943969726562 284
3.7311551570892334 284
3.7395639419555664 284
3.748502492904663 284
3.7581679821014404 284
3.766685962677002 284
3.7739992141723633 283
3.784085750579834 282
3.797973394393921 282
3.807361125946045 284
3.8187432289123535 284
3.8271095752716064 285
3.835329532623291 284
3.843235492706299 283
3.8528940677642822 283
3.8625235557556152 284
3.870943307876587 284
3.8820879459381104 284
3.8913750648498535 284
3.8996658325195312 283
3.9090981483459473 282
3.920077085494995 282
3.928889274597168 283
3.937274932861328 284
3.9468600749969482 284
3.9541945457458496 284
3.9641921520233154 283
3.9729835987091064 282
3.9827935695648193 282
3.9911272525787354 282
3.999457359313965 283
4.008081674575806 284
4.018567085266113 283
4.026926517486572 282
4.0347819328308105 282
4.043765544891357 282
4.052452564239502 282
4.060921907424927 282
4.070064067840576 281
4.07990574836731 280
4.089288711547852 280
4.097908973693848 280
4.106409549713135 281
4.116734027862549 281
4.124029874801636 281
4.132716178894043 280
4.140985012054443 280
4.149644374847412 279
4.158556699752808 279
4.167932748794556 279
4.177021503448486 279
4.186675071716309 278
4.199350118637085 278
4.207939147949219 278
4.218106985092163 278
4.22663140296936 277
4.234002351760864 277
4.24327826499939 277
4.251598358154297 277
4.259845972061157 276
4.269344806671143 276
4.278451204299927 276
4.2874720096588135 276
4.2957847118377686 276
4.303608179092407 276
4.3128437995910645 276
4.325700759887695 276
4.337195873260498 274
4.349198579788208 274
4.360723257064819 275
4.373579502105713 276
4.387091636657715 275
4.39891791343689 273
4.408000230789185 272
4.416808128356934 271
4.427074193954468 271
4.435351371765137 272
4.443678379058838 273
4.452596187591553 273
4.461063623428345 272
4.470540523529053 272
4.47984504699707 271
4.489147186279297 271
4.497504711151123 271
4.505773067474365 271
4.5148069858551025 272
4.523975849151611 271
4.532709121704102 270
4.541686296463013 270
4.549976348876953 270
4.558677434921265 270
4.56701922416687 271
4.577460289001465 270
4.5869176387786865 270
4.599186420440674 268
4.608551263809204 268
4.616992473602295 267
4.626545429229736 268
4.6340367794036865 268
4.643596649169922 268
4.651967287063599 267
4.6601481437683105 266
4.668857574462891 266
4.679326057434082 266
4.688767433166504 267
4.697186470031738 267
4.7054338455200195 266
4.713948726654053 266
4.7226784229278564 266
4.731861352920532 266
4.741071462631226 265
4.749445676803589 264
4.758040428161621 264
4.7666096687316895 264
4.776574373245239 264
4.785591125488281 264
4.793424367904663 264
4.8018717765808105 263
4.810924530029297 262
4.819430351257324 262
4.828896522521973 263
4.83748197555542 263
4.846621036529541 263
4.854002237319946 262
4.862725257873535 262
4.8709704875946045 262
4.882807493209839 261
4.8911402225494385 260
4.899470090866089 260
4.908527851104736 260
4.916877508163452 260
4.924719333648682 260
4.9370644092559814 260
4.945774555206299 260
4.953615665435791 259
4.962021112442017 258
4.971475839614868 258
4.981844663619995 258
4.99003529548645 259
