0 0
0.015088319778442383 0
0.03497433662414551 0
0.051867008209228516 2
0.07108378410339355 6
0.08163881301879883 10
0.09002995491027832 13
0.09995460510253906 16
0.10825657844543457 17
0.11716580390930176 19
0.1264026165008545 20
0.13562583923339844 21
0.14388155937194824 23
0.15197205543518066 25
0.16113495826721191 26
0.16944146156311035 28
0.17996430397033691 29
0.18833374977111816 30
0.19749069213867188 31
0.20654630661010742 33
0.21520614624023438 36
0.222564697265625 38
0.23238253593444824 40
0.24122095108032227 41
0.24948835372924805 41
0.25786662101745605 42
0.2716250419616699 44
0.282193660736084 47
0.2910807132720947 49
0.29996275901794434 51
0.30832362174987793 51
0.317089319229126 52
0.32538866996765137 54
0.33537888526916504 56
0.34358930587768555 57
0.3515315055847168 58
0.36006689071655273 59
0.3683350086212158 59
0.3770120143890381 60
0.3876352310180664 62
0.3961613178253174 65
0.40526890754699707 67
0.4136216640472412 69
0.42202162742614746 70
0.4349174499511719 71
0.44230222702026367 72
0.4510831832885742 74
0.45992016792297363 77
0.468303918838501 78
0.47751331329345703 78
0.48824477195739746 79
0.4970285892486572 80
0.5054030418395996 82
0.5145037174224854 85
0.5236670970916748 87
0.5322861671447754 88
0.5411853790283203 89
0.5496187210083008 91
0.5581831932067871 93
0.5669407844543457 94
0.5751991271972656 94
0.5855348110198975 96
0.5942361354827881 98
0.6022589206695557 99
0.6115150451660156 100
0.6207549571990967 100
0.6294059753417969 102
0.6383719444274902 103
0.647132396697998 105
0.6562020778656006 106
0.6691243648529053 108
0.6777441501617432 110
0.6891658306121826 112
0.698066234588623 112
0.7069103717803955 112
0.7153387069702148 114
0.7239010334014893 115
0.7317485809326172 116
0.7413241863250732 118
0.7497303485870361 120
0.7588677406311035 120
0.7674179077148438 120
0.7759182453155518 121
0.7868790626525879 123
0.7954730987548828 124
0.8037402629852295 126
0.8115122318267822 127
0.8213152885437012 128
0.8296732902526855 130
0.8395228385925293 130
0.8478307723999023 132
0.8572061061859131 132
0.8654816150665283 134
0.873690128326416 135
0.8822710514068604 136
0.8921225070953369 137
0.9011232852935791 138
0.9094159603118896 139
0.9193394184112549 140
0.9277782440185547 140
0.9379229545593262 142
0.9476456642150879 144
0.9570894241333008 146
0.965381383895874 146
0.9736618995666504 147
0.9822728633880615 147
0.9932384490966797 148
1.0015034675598145 148
1.0098252296447754 150
1.019334077835083 152
1.027777910232544 152
1.03623628616333 153
1.0456888675689697 154
1.0550320148468018 154
1.0624449253082275 156
1.0775043964385986 158
1.0876193046569824 160
1.0972459316253662 160
1.1055810451507568 160
1.1144676208496094 161
1.122445821762085 162
1.131622552871704 162
1.140185832977295 164
1.1503288745880127 164
1.1585681438446045 165
1.1673164367675781 166
1.1755728721618652 167
1.1856729984283447 168
1.195415735244751 168
1.203693151473999 168
1.211594581604004 169
1.2210278511047363 171
1.2298235893249512 172
1.238088846206665 173
1.2475166320800781 174
1.2569060325622559 174
1.2652626037597656 174
1.2735414505004883 174
1.2836499214172363 176
1.2916111946105957 178
1.3012187480926514 180
1.3096590042114258 180
1.3191556930541992 180
1.3280315399169922 181
1.3365728855133057 182
1.3458094596862793 182
1.355093240737915 183
1.3624176979064941 184
1.3711285591125488 185
1.3819396495819092 186
1.3908641338348389 186
1.4000871181488037 186
1.4091269969940186 186
1.4180653095245361 187
1.4269170761108398 189
1.4358553886413574 190
1.4441351890563965 192
1.4570651054382324 192
1.4689059257507324 192
1.4775538444519043 192
1.4871025085449219 193
1.4956634044647217 194
1.5052950382232666 196
1.5131266117095947 197
1.5213539600372314 197
1.529818058013916 197
1.5388643741607666 197
1.547828197479248 197
1.5575497150421143 198
1.5663831233978271 200
1.5750160217285156 201
1.584099531173706 202
1.591930866241455 202
1.6017768383026123 201
1.6102705001831055 201
1.618889331817627 202
1.6273651123046875 203
1.6357455253601074 205
1.6448724269866943 206
1.6539082527160645 206
1.6618046760559082 206
1.670255422592163 205
1.679706335067749 206
1.6880059242248535 206
1.696847915649414 208
1.7073392868041992 209
1.7165522575378418 210
1.7250580787658691 210
1.732515573501587 210
1.7413625717163086 210
1.7496960163116455 212
1.759155035018921 212
1.7676892280578613 212
1.780898094177246 213
1.789243221282959 214
1.7980983257293701 216
1.8077657222747803 217
1.8162803649902344 217
1.8249127864837646 217
1.8338572978973389 216
1.8439738750457764 218
1.851914644241333 219
1.8625073432922363 220
1.8769209384918213 220
1.886204719543457 220
1.896437406539917 220
1.9091246128082275 222
1.9210233688354492 224
1.9340579509735107 225
1.946284532546997 225
1.959808111190796 224
1.971726894378662 224
1.984980583190918 226
1.9958608150482178 228
2.0058600902557373 230
2.015389919281006 232
2.0236008167266846 232
2.0315747261047363 231
2.040231466293335 231
2.049365758895874 232
2.058518171310425 233
2.067336082458496 234
2.075716257095337 235
2.0855884552001953 235
2.0937681198120117 236
2.1019248962402344 236
2.111518383026123 236
2.1208274364471436 236
2.129281997680664 238
2.137723922729492 239
2.146169662475586 240
2.156182289123535 239
2.1656906604766846 238
2.1740190982818604 238
2.1840312480926514 238
2.1919350624084473 238
2.2003397941589355 240
2.209003448486328 241
2.2188639640808105 242
2.227565288543701 241
2.2359211444854736 241
2.244201898574829 241
2.254046678543091 243
2.263593912124634 244
2.276932716369629 244
2.286510944366455 242
2.295194387435913 242
2.3025693893432617 242
2.312105417251587 242
2.321103096008301 243
2.329468250274658 245
2.3379554748535156 247
2.347238302230835 248
2.3562471866607666 248
2.3657045364379883 246
2.374034881591797 246
2.3838284015655518 246
2.3917734622955322 247
2.40034556388855 249
2.408853769302368 250
2.418145179748535 251
2.4268758296966553 250
2.4353086948394775 250
2.443164110183716 249
2.451470136642456 250
2.4600167274475098 251
2.471726894378662 252
2.4817988872528076 251
2.4907703399658203 250
2.4990556240081787 250
2.5074501037597656 250
2.517042636871338 251
2.525503158569336 253
2.533815860748291 254
2.5417797565460205 255
2.550220012664795 255
2.559296131134033 254
2.5695505142211914 254
2.5779387950897217 254
2.587212562561035 255
2.595595359802246 256
2.604980707168579 258
2.612389326095581 258
2.622030735015869 258
2.6304593086242676 258
2.6394379138946533 258
2.647737741470337 259
2.6562817096710205 261
2.665384292602539 262
2.679158926010132 262
2.6883461475372314 261
2.6973965167999268 260
2.705754041671753 260
2.713972568511963 261
2.723545551300049 262
2.7313952445983887 262
2.7398383617401123 263
2.7481794357299805 262
2.757133960723877 262
2.7658793926239014 262
2.775338888168335 262
2.784924268722534 264
2.792318105697632 265
2.801056146621704 266
2.809340238571167 266
2.817861795425415 265
2.8273308277130127 266
2.835731267929077 267
2.8441011905670166 268
2.852023124694824 268
2.860985279083252 267
2.869826316833496 266
2.880330801010132 266
2.888458490371704 268
2.8972909450531006 269
2.905705213546753 270
2.9140374660491943 271
2.9236364364624023 270
2.9316117763519287 270
2.9402294158935547 269
2.948396682739258 269
2.957014560699463 270
2.965883493423462 271
2.9762868881225586 272
2.985917806625366 271
2.9948744773864746 270
3.002305269241333 270
3.0117878913879395 270
3.02009654045105 271
3.0297539234161377 272
3.038055896759033 273
3.047368049621582 274
3.0557596683502197 273
3.064098358154297 272
3.0785441398620605 273
3.0879929065704346 275
3.0970449447631836 276
3.105501174926758 276
3.1137027740478516 276
3.1216824054718018 276
3.1311614513397217 276
3.139531373977661 277
3.1479225158691406 278
3.156472682952881 280
3.1650846004486084 280
3.175020217895508 279
3.185117483139038 278
3.1924922466278076 279
3.2017128467559814 280
3.2100512981414795 281
3.2183725833892822 281
3.2278170585632324 280
3.2372591495513916 280
3.2455270290374756 280
3.2536895275115967 281
3.261687994003296 282
3.2702736854553223 283
3.2814722061157227 283
3.289802312850952 282
3.2982892990112305 282
3.307000160217285 282
3.3152549266815186 283
3.323585033416748 284
3.332345485687256 285
3.347504138946533 285
3.3560681343078613 284
3.3647968769073486 283
3.372248649597168 283
3.3841638565063477 284
3.3921585083007812 285
3.401055335998535 286
3.409482002258301 286
3.4179742336273193 285
3.426846981048584 284
3.4361824989318848 285
3.444803237915039 286
3.452261209487915 286
3.461041212081909 287
3.469428777694702 286
3.4858169555664062 287
3.4960920810699463 288
3.505002975463867 289
3.5138602256774902 289
3.52168869972229 288
3.5303173065185547 288
3.539863348007202 288
3.5490660667419434 288
3.5574097633361816 289
3.565894842147827 290
3.574424982070923 291
3.5856480598449707 291
3.5938775539398193 290
3.601970911026001 289
3.6104822158813477 289
3.6197433471679688 290
3.628140449523926 291
3.637753486633301 291
3.64701771736145 291
3.6554136276245117 290
3.6637110710144043 290
3.671619176864624 291
3.682011127471924 292
3.6916749477386475 292
3.7000174522399902 292
3.7082109451293945 292
3.7177107334136963 292
3.7260868549346924 292
3.7341959476470947 293
3.7437844276428223 294
3.7520909309387207 295
3.760875940322876 295
3.7692484855651855 294
3.778463840484619 293
3.7923877239227295 293
3.801156759262085 294
3.8094584941864014 295
3.818232536315918 295
3.827033519744873 296
3.836149215698242 295
3.8469252586364746 295
3.855191469192505 296
3.8631200790405273 296
3.8713512420654297 297
3.8864612579345703 298
3.897308826446533 298
3.907386541366577 298
3.9164111614227295 297
3.9250264167785645 297
3.932342767715454 297
3.9418954849243164 298
3.950972080230713 299
3.959392547607422 299
3.967705011367798 298
3.978181838989258 298
3.992262840270996 300
4.004573345184326 301
4.017187833786011 300
4.02885627746582 298
4.040798664093018 296
4.055306673049927 296
4.063840866088867 298
4.0718278884887695 298
4.081823348999023 300
4.090277433395386 300
4.099891424179077 298
4.108311653137207 298
4.117467641830444 298
4.125722169876099 299
4.134141683578491 300
4.144865036010742 300
4.152257919311523 299
4.16102147102356 298
4.16942572593689 298
4.178894996643066 299
4.188088893890381 300
4.198272228240967 301
4.206961154937744 301
4.215728044509888 301
4.223949909210205 301
4.231743812561035 301
4.240227222442627 302
4.250356674194336 302
4.2588958740234375 302
4.267343997955322 302
4.2804906368255615 302
4.289248704910278 303
4.299407005310059 304
4.3085572719573975 302
4.3174943923950195 302
4.325817108154297 302
4.334017276763916 302
4.342450141906738 302
4.351953029632568 303
4.3604724407196045 304
4.368898630142212 304
4.37791895866394 304
4.38773250579834 304
4.396142959594727 304
4.407020568847656 304
4.416229963302612 305
4.424859285354614 306
4.432318925857544 306
4.441559791564941 306
4.4513840675354 305
4.459779500961304 305
4.468193531036377 306
4.477558374404907 306
4.487046957015991 306
4.495433330535889 305
4.505407094955444 305
4.514080047607422 305
4.52205228805542 306
4.530501842498779 306
4.5385215282440186 306
4.547836065292358 306
4.557616949081421 307
4.566192865371704 307
4.575082540512085 307
4.583989381790161 307
4.591797351837158 308
4.600318908691406 308
4.6109232902526855 308
4.6192946434021 308
4.627588748931885 308
4.635909795761108 308
4.645089626312256 308
4.654107332229614 308
4.662083148956299 309
4.670517921447754 309
4.685102224349976 310
4.6924519538879395 310
4.701369762420654 310
4.711844444274902 309
4.720236301422119 309
4.728364944458008 310
4.737276077270508 310
4.745932340621948 310
4.755276918411255 310
4.763065814971924 310
4.771293640136719 310
4.78171181678772 311
4.790229558944702 311
4.798500061035156 312
4.808496475219727 311
4.817096710205078 311
4.82552170753479 312
4.833934307098389 312
4.842278718948364 312
4.850961446762085 312
4.860510587692261 312
4.8690361976623535 312
4.878300666809082 312
4.887622594833374 312
4.896053314208984 312
4.904154300689697 313
4.915331840515137 313
4.925702810287476 313
4.93393087387085 312
4.942456245422363 312
4.951112747192383 312
4.960511207580566 313
4.969059944152832 314
4.978208780288696 313
4.987386465072632 312
4.995696306228638 312
