0 0
0.01331949234008789 0
0.02851271629333496 0
0.04982757568359375 1
0.07200169563293457 8
0.09305500984191895 16
0.10340142250061035 21
0.11181902885437012 27
0.12019681930541992 31
0.12938642501831055 38
0.139756441116333 42
0.14924979209899902 49
0.15764665603637695 54
0.16709041595458984 62
0.17449736595153809 67
0.18326973915100098 73
0.1916522979736328 79
0.2057814598083496 91
0.21437835693359375 97
0.2233281135559082 103
0.23247599601745605 110
0.24111247062683105 117
0.2524745464324951 126
0.2646443843841553 137
0.27385926246643066 142
0.28337693214416504 150
0.29239487648010254 158
0.3038938045501709 166
0.3124125003814697 174
0.3224179744720459 182
0.3316783905029297 189
0.34053635597229004 197
0.3501102924346924 205
0.35895419120788574 212
0.3680136203765869 220
0.3769493103027344 226
0.38445305824279785 233
0.3932068347930908 240
0.4039885997772217 249
0.41242504119873047 256
0.42096590995788574 263
0.4294717311859131 271
0.43909740447998047 277
0.4490945339202881 286
0.45758914947509766 291
0.4709439277648926 300
0.47977781295776367 305
0.4884350299835205 311
0.4978349208831787 316
0.5079755783081055 319
0.5165872573852539 322
0.5242071151733398 324
0.5336534976959229 326
0.542046070098877 330
0.5521576404571533 334
0.5606322288513184 336
0.5698485374450684 337
0.5785608291625977 338
0.5871508121490479 340
0.5945098400115967 342
0.6059370040893555 344
0.6139340400695801 345
0.622460126876831 346
0.6315109729766846 346
0.639901876449585 346
0.6492278575897217 347
0.6585988998413086 349
0.6677930355072021 351
0.6760461330413818 352
0.687624454498291 352
0.6994876861572266 352
0.7132248878479004 352
0.7243890762329102 354
0.7375924587249756 357
0.7492883205413818 359
0.7634537220001221 360
0.7739682197570801 359
0.7824180126190186 358
0.7906420230865479 357
0.8002808094024658 357
0.8111515045166016 358
0.8196513652801514 358
0.8295278549194336 359
0.8395233154296875 359
0.8478262424468994 359
0.8579542636871338 358
0.8715996742248535 358
0.8800926208496094 358
0.8889458179473877 359
0.8983204364776611 360
0.9083313941955566 360
0.9190049171447754 360
0.9310002326965332 359
0.9394371509552002 359
0.947697639465332 359
0.9565901756286621 360
0.9670207500457764 360
0.9743039608001709 360
0.9832344055175781 359
0.9915673732757568 359
1.0009710788726807 359
1.010979175567627 359
1.019430160522461 360
1.0283229351043701 360
1.0370173454284668 359
1.0444798469543457 359
1.053145408630371 358
1.063819408416748 359
1.072068452835083 359
1.080307960510254 360
1.089128017425537 360
1.098353624343872 359
1.1078405380249023 359
1.117462396621704 358
1.1263282299041748 359
1.1343300342559814 360
1.1430084705352783 360
1.1512258052825928 359
1.1617588996887207 358
1.1701579093933105 358
1.178605318069458 359
1.1872406005859375 360
1.1961538791656494 360
1.2045555114746094 360
1.2141423225402832 358
1.223069667816162 358
1.2316935062408447 358
1.2399694919586182 359
1.2486097812652588 359
1.2572038173675537 359
1.2676539421081543 359
1.2802519798278809 358
1.2891855239868164 358
1.2983155250549316 358
1.3080332279205322 359
1.317777395248413 359
1.326310634613037 359
1.3340845108032227 359
1.3438854217529297 358
1.352372646331787 358
1.361510992050171 358
1.3714783191680908 358
1.3799331188201904 359
1.3885698318481445 359
1.3977222442626953 358
1.4072265625 358
1.4162025451660156 358
1.4239890575408936 358
1.4331789016723633 358
1.4415295124053955 359
1.4499289989471436 359
1.4593214988708496 358
1.4692914485931396 358
1.4775071144104004 358
1.4856486320495605 358
1.4943385124206543 358
1.5037221908569336 358
1.5119779109954834 358
1.5215702056884766 358
1.530426025390625 358
1.539067268371582 358
1.5473031997680664 358
1.5546050071716309 358
1.56370210647583 358
1.5731558799743652 358
1.5815396308898926 358
1.5903983116149902 358
1.599057674407959 358
1.6079189777374268 358
1.616121768951416 358
1.6260671615600586 358
1.6338834762573242 358
1.6424193382263184 358
1.6509497165679932 358
1.6598823070526123 358
1.6683497428894043 358
1.6820461750030518 358
1.6915254592895508 358
1.7000350952148438 358
1.709364414215088 358
1.7176096439361572 358
1.7274689674377441 358
1.735680103302002 358
1.7434611320495605 358
1.7517733573913574 358
1.7605621814727783 358
1.7691636085510254 358
1.7784724235534668 358
1.786961555480957 358
1.7952094078063965 358
1.8046443462371826 358
1.8133869171142578 358
1.8233180046081543 358
1.8316760063171387 358
1.8399426937103271 358
1.8492324352264404 358
1.859499454498291 358
1.8686282634735107 358
1.8783783912658691 358
1.8868954181671143 358
1.896012544631958 358
1.9045398235321045 358
1.9134488105773926 358
1.9223196506500244 358
1.9317238330841064 358
1.9401488304138184 358
1.9486174583435059 358
1.957538366317749 358
1.9657294750213623 358
1.973541259765625 358
1.983518123626709 358
1.992591142654419 358
2.0014634132385254 358
2.011910915374756 358
2.0201547145843506 357
2.0301692485809326 357
2.0390193462371826 357
2.0482819080352783 357
2.0589144229888916 357
2.0675535202026367 357
2.0805318355560303 357
2.0904812812805176 357
2.0991971492767334 357
2.108247995376587 357
2.1162569522857666 357
2.1246635913848877 357
2.134176731109619 357
2.142489433288574 357
2.150630235671997 357
2.1606175899505615 357
2.1702330112457275 357
2.1801717281341553 357
2.189701557159424 357
2.2095537185668945 357
2.219308853149414 357
2.229128122329712 357
2.2386655807495117 357
2.2471725940704346 357
2.25581431388855 357
2.2646164894104004 357
2.273669958114624 357
2.283212423324585 357
2.2926177978515625 357
2.302363634109497 357
2.3105032444000244 357
2.321579933166504 357
2.3324289321899414 357
2.3429975509643555 357
2.351703643798828 357
2.361363410949707 357
2.3715898990631104 357
2.3814029693603516 357
2.3918039798736572 357
2.400028944015503 357
2.409485340118408 357
2.4178662300109863 357
2.4270408153533936 357
2.436098098754883 357
2.443877935409546 357
2.4531662464141846 357
2.4623360633850098 357
2.4705026149749756 357
2.485849618911743 357
2.493853807449341 357
2.503662109375 357
2.511931896209717 357
2.5206005573272705 357
2.529210329055786 357
2.5385217666625977 357
2.547027349472046 357
2.5557312965393066 357
2.5636701583862305 357
2.571995496749878 357
2.580198287963867 357
2.5901384353637695 357
2.599421977996826 357
2.6086151599884033 357
2.6170501708984375 357
2.6258184909820557 357
2.6336417198181152 357
2.643021821975708 357
2.6516599655151367 357
2.6600701808929443 357
2.6684954166412354 357
2.6769397258758545 356
2.685927629470825 356
2.695263624191284 357
2.704547882080078 358
2.7133145332336426 358
2.7223923206329346 357
2.7306032180786133 356
2.7401037216186523 356
2.7485926151275635 356
2.7584121227264404 356
2.7695624828338623 357
2.7813727855682373 357
2.7953126430511475 356
2.809762477874756 354
2.8222973346710205 354
2.83376407623291 355
2.8485169410705566 357
2.859382152557373 358
2.8677759170532227 357
2.881214141845703 355
2.890223741531372 354
2.900953531265259 354
2.910125494003296 354
2.9197964668273926 356
2.929445505142212 357
2.9383912086486816 358
2.948495388031006 357
2.9578404426574707 356
2.9661855697631836 355
2.9741272926330566 355
2.983271598815918 356
2.9916980266571045 356
3.0019335746765137 357
3.010664463043213 357
3.019871950149536 356
3.028388738632202 356
3.0368709564208984 355
3.046065330505371 355
3.0544285774230957 356
3.063094139099121 356
3.0713424682617188 356
3.0797877311706543 356
3.0890989303588867 356
3.098302125930786 355
3.108372688293457 355
3.117091655731201 355
3.1244988441467285 356
3.1331374645233154 356
3.141587972640991 356
3.1515464782714844 355
3.1599557399749756 355
3.168391227722168 355
3.1765990257263184 356
3.185202121734619 356
3.1933939456939697 356
3.2036948204040527 356
3.2130753993988037 355
3.221968173980713 355
3.2301852703094482 356
3.239010810852051 356
3.2486279010772705 356
3.257371187210083 356
3.2656960487365723 355
3.2735068798065186 355
3.2876834869384766 356
3.295863389968872 356
3.306267023086548 355
3.3169124126434326 355
3.3244149684906006 355
3.3330488204956055 356
3.343449115753174 356
3.353739023208618 356
3.362025260925293 355
3.3703720569610596 354
3.3793020248413086 354
3.388392925262451 355
3.3970279693603516 355
3.407186985015869 355
3.421882390975952 355
3.4301488399505615 354
3.4391722679138184 354
3.4479167461395264 354
3.4573466777801514 355
3.465728998184204 355
3.4737343788146973 355
3.4830658435821533 354
3.491459846496582 354
3.499950408935547 354
3.5099294185638428 354
3.5196990966796875 355
3.5280184745788574 355
3.5362532138824463 355
3.5440165996551514 354
3.5539512634277344 354
3.5624876022338867 354
3.5706541538238525 355
3.579892158508301 355
3.58839750289917 355
3.5970098972320557 354
3.6075189113616943 354
3.616948127746582 354
3.6242756843566895 354
3.632972478866577 354
3.6411831378936768 355
3.650118827819824 355
3.659687042236328 355
3.6679868698120117 354
3.6800804138183594 354
3.690139055252075 354
3.6989517211914062 355
3.709449052810669 356
3.718546152114868 356
3.727757692337036 356
3.736130475997925 354
3.7442007064819336 354
3.753207206726074 354
3.7623491287231445 355
3.770627498626709 355
3.779888153076172 355
3.7883758544921875 355
3.797020673751831 354
3.807006597518921 354
3.8168883323669434 354
3.824636936187744 354
3.833331346511841 355
3.8417749404907227 355
3.8521502017974854 354
3.862004280090332 354
3.870396614074707 353
3.8797309398651123 354
3.887979745864868 354
3.8962719440460205 354
3.9052016735076904 354
3.9146530628204346 354
3.923459768295288 353
3.9324259757995605 353
3.9405484199523926 354
3.950032949447632 354
3.958650588989258 354
3.96799635887146 354
3.976212978363037 354
3.9844295978546143 354
3.9931740760803223 354
4.001613140106201 354
4.012342214584351 354
4.0205397605896 354
4.029767274856567 354
4.038347005844116 354
4.047450542449951 354
4.055649518966675 354
4.064212083816528 354
4.07295036315918 354
4.086901664733887 354
4.094293594360352 354
4.104039907455444 354
4.114243745803833 354
4.123103618621826 354
4.131865739822388 354
4.140117168426514 354
4.149122953414917 354
4.157501220703125 354
4.1669416427612305 354
4.174290180206299 354
4.183366298675537 354
4.191617727279663 354
4.199890851974487 354
4.209784984588623 354
4.219496011734009 354
4.227765798568726 354
4.236037731170654 354
4.244380474090576 354
4.253154277801514 354
4.261394023895264 354
4.270482778549194 354
4.279726982116699 354
4.287990570068359 354
4.296252012252808 354
4.305237293243408 354
4.3139543533325195 354
4.323437452316284 354
4.331692695617676 354
4.340578556060791 354
4.3498499393463135 354
4.359140396118164 354
4.36981725692749 354
4.379174709320068 354
4.38743782043457 354
4.395212888717651 354
4.404349088668823 354
4.413654804229736 354
4.4231343269348145 354
4.431405782699585 354
4.439704656600952 354
4.448484420776367 354
4.457107305526733 354
4.464446783065796 354
4.474599838256836 354
4.4876344203948975 354
4.495861768722534 354
4.504536390304565 354
4.514163255691528 353
4.523892879486084 353
4.532169818878174 353
4.541845083236694 354
4.550204277038574 354
4.5589704513549805 353
4.5674402713775635 352
4.577944278717041 352
4.586246490478516 353
4.594164133071899 354
4.603778839111328 354
4.6131508350372314 354
4.622586488723755 352
4.63116455078125 352
4.640371561050415 353
4.649646043777466 353
4.658169507980347 354
4.6662938594818115 353
4.676224231719971 352
4.684145450592041 352
4.692996263504028 352
4.702132940292358 352
4.711436986923218 353
4.719854354858398 354
4.7294394969940186 354
4.7378387451171875 352
4.747208833694458 352
4.754576683044434 352
4.763403654098511 352
4.771790504455566 352
4.781591415405273 352
4.7899253368377686 353
4.79850697517395 353
4.809187173843384 353
4.817582607269287 353
4.827260971069336 352
4.834617853164673 352
4.847657918930054 353
4.859330415725708 353
4.870949745178223 353
4.8904078006744385 352
4.903464317321777 352
4.915839672088623 352
4.928632020950317 353
4.940135717391968 354
4.94937801361084 354
4.957700729370117 353
4.966062784194946 352
4.9745001792907715 351
4.984046697616577 352
4.992616653442383 352
