0 0
0.012752056121826172 0
0.03242993354797363 0
0.049080610275268555 2
0.0730128288269043 8
0.09228062629699707 14
0.10216546058654785 20
0.11067867279052734 25
0.11931514739990234 29
0.12681961059570312 34
0.13756489753723145 40
0.14769530296325684 48
0.15979981422424316 55
0.17191863059997559 63
0.18357419967651367 72
0.19632697105407715 83
0.2096729278564453 90
0.22106337547302246 100
0.23288202285766602 110
0.24625062942504883 118
0.25574588775634766 126
0.2641165256500244 134
0.27301883697509766 140
0.28183913230895996 146
0.2909700870513916 154
0.30173683166503906 162
0.3102757930755615 170
0.31866979598999023 177
0.3266000747680664 183
0.3365654945373535 191
0.3465230464935303 200
0.35815882682800293 209
0.36662864685058594 216
0.37560296058654785 222
0.38403820991516113 229
0.39243650436401367 237
0.4025306701660156 245
0.4113800525665283 252
0.4197695255279541 258
0.4281175136566162 266
0.43854618072509766 275
0.44857192039489746 283
0.461944580078125 293
0.4709756374359131 301
0.47977113723754883 308
0.48809027671813965 316
0.49683666229248047 323
0.5064296722412109 328
0.5148987770080566 333
0.5230710506439209 336
0.5324852466583252 340
0.5419399738311768 343
0.5521113872528076 345
0.5606894493103027 346
0.5699882507324219 347
0.5782070159912109 348
0.5860247611999512 349
0.5944614410400391 352
0.604841947555542 353
0.6135218143463135 354
0.6219086647033691 354
0.6306891441345215 354
0.6400423049926758 354
0.6482844352722168 355
0.6569633483886719 356
0.6663239002227783 358
0.6748561859130859 358
0.6833624839782715 358
0.6919229030609131 358
0.7009642124176025 357
0.7102468013763428 358
0.718498945236206 358
0.7266287803649902 359
0.7367982864379883 359
0.7454969882965088 359
0.7547445297241211 359
0.7639679908752441 358
0.7723565101623535 358
0.7808084487915039 359
0.7895960807800293 360
0.7982666492462158 360
0.8069188594818115 360
0.8155925273895264 360
0.8240392208099365 359
0.8345060348510742 358
0.84287428855896 359
0.8517720699310303 360
0.8680915832519531 360
0.876086950302124 360
0.884479284286499 359
0.8929593563079834 358
0.9024078845977783 358
0.9120230674743652 359
0.920400857925415 360
0.9293003082275391 360
0.9380688667297363 360
0.9459099769592285 360
0.9543054103851318 359
0.9650399684906006 358
0.9736828804016113 358
0.9820208549499512 359
0.9904563426971436 360
0.9996864795684814 360
1.0087180137634277 360
1.0165119171142578 360
1.0248687267303467 359
1.035506010055542 358
1.043977975845337 358
1.0522255897521973 359
1.0624208450317383 360
1.0709259510040283 361
1.0796923637390137 360
1.0870375633239746 360
1.0964324474334717 359
1.1050028800964355 359
1.114356517791748 360
1.1226856708526611 360
1.1320948600769043 360
1.1415541172027588 358
1.1500635147094727 358
1.1582362651824951 358
1.1689727306365967 360
1.176642894744873 360
1.1854302883148193 359
1.194486379623413 358
1.2028462886810303 358
1.212517261505127 358
1.2210140228271484 358
1.2347419261932373 359
1.2429759502410889 360
1.2516868114471436 360
1.2654354572296143 358
1.2740378379821777 358
1.282412052154541 359
1.2913637161254883 360
1.300419807434082 360
1.3086154460906982 360
1.3176636695861816 360
1.326261281967163 359
1.3359653949737549 358
1.3445446491241455 358
1.35296630859375 359
1.363377332687378 360
1.374129295349121 360
1.3828043937683105 360
1.3921053409576416 359
1.4004137516021729 358
1.4090428352355957 358
1.4182109832763672 358
1.4265739917755127 358
1.4358761310577393 359
1.4442923069000244 359
1.4526877403259277 359
1.4617462158203125 358
1.4720213413238525 358
1.4803128242492676 358
1.488572359085083 358
1.4968173503875732 358
1.505450963973999 358
1.513791561126709 358
1.5228488445281982 358
1.5321722030639648 358
1.541569709777832 358
1.5498254299163818 358
1.5583295822143555 358
1.5669856071472168 358
1.5758600234985352 358
1.5841238498687744 358
1.5929210186004639 358
1.6016840934753418 358
1.6099588871002197 358
1.6194565296173096 358
1.6280560493469238 358
1.6366298198699951 358
1.6453356742858887 358
1.6535792350769043 358
1.6685121059417725 358
1.6768510341644287 358
1.685640811920166 358
1.694828748703003 358
1.7029390335083008 358
1.7115256786346436 358
1.7207562923431396 358
1.7298698425292969 358
1.7390127182006836 358
1.7466039657592773 358
1.7553505897521973 358
1.7642858028411865 358
1.7736668586730957 358
1.7820439338684082 358
1.7915289402008057 358
1.799825668334961 358
1.8076438903808594 358
1.8160569667816162 358
1.8262481689453125 358
1.837019681930542 358
1.8456809520721436 358
1.853895664215088 358
1.8628933429718018 358
1.8724310398101807 358
1.8809168338775635 358
1.8903279304504395 358
1.8994407653808594 358
1.9067559242248535 358
1.9154376983642578 358
1.925708532333374 358
1.9349045753479004 358
1.943084716796875 358
1.9527561664581299 358
1.9625906944274902 358
1.9710628986358643 358
1.9804165363311768 358
1.992300271987915 358
2.0009124279022217 357
2.010754346847534 358
2.019441843032837 358
2.029306411743164 358
2.0376787185668945 358
2.0468311309814453 358
2.0562989711761475 357
2.0696136951446533 356
2.078662395477295 356
2.086989641189575 357
2.0963618755340576 358
2.106951951980591 358
2.115795373916626 358
2.1248764991760254 356
2.135392189025879 356
2.1436586380004883 356
2.1520206928253174 357
2.16139817237854 358
2.1699187755584717 358
2.1794838905334473 357
2.188509702682495 356
2.1964662075042725 356
2.204885959625244 356
2.213007688522339 357
2.2223892211914062 357
2.2440989017486572 356
2.256148338317871 356
2.267009973526001 356
2.280458450317383 356
2.2940523624420166 357
2.305283308029175 358
2.316067695617676 358
2.3253848552703857 357
2.3356761932373047 356
2.344043016433716 356
2.3549890518188477 356
2.3638551235198975 357
2.37229585647583 358
2.382005214691162 358
2.39094877243042 357
2.400076150894165 356
2.4084296226501465 356
2.416362762451172 356
2.4255881309509277 357
2.436063289642334 357
2.4443862438201904 357
2.4526333808898926 357
2.4616448879241943 356
2.4741480350494385 356
2.4836692810058594 356
2.492739677429199 356
2.501798152923584 356
2.510164737701416 357
2.5185554027557373 357
2.5269126892089844 357
2.538137197494507 356
2.5459914207458496 356
2.555035352706909 356
2.563364028930664 356
2.5717313289642334 356
2.580033302307129 356
2.590303897857666 357
2.59964656829834 357
2.606990337371826 356
2.6157636642456055 356
2.624356269836426 355
2.632891893386841 356
2.6428661346435547 356
2.6517727375030518 357
2.6609060764312744 357
2.669372081756592 356
2.6768288612365723 356
2.6867125034332275 355
2.695425033569336 356
2.7042179107666016 356
2.7125630378723145 356
2.7218990325927734 356
2.730149030685425 356
2.740259885787964 356
2.748481512069702 356
2.7568113803863525 356
2.7654924392700195 356
2.77398681640625 356
2.7822489738464355 356
2.7922279834747314 356
2.800689220428467 356
2.8097152709960938 356
2.8170294761657715 356
2.826068639755249 356
2.8362410068511963 356
2.8456177711486816 356
2.854379653930664 356
2.8683090209960938 356
2.876249074935913 356
2.8856844902038574 356
2.8953444957733154 356
2.9041666984558105 356
2.912499189376831 356
2.921403408050537 356
2.9297165870666504 356
2.9385392665863037 356
2.9475700855255127 356
2.9565341472625732 356
2.964904546737671 356
2.973043918609619 356
2.9816818237304688 356
2.990419626235962 356
2.999870538711548 356
3.0076711177825928 356
3.0159928798675537 356
3.025022268295288 356
3.0344109535217285 356
3.043811559677124 356
3.052813768386841 356
3.061511754989624 356
3.0699851512908936 356
3.0781943798065186 356
3.086483955383301 356
3.0960309505462646 356
3.104306221008301 356
3.112935781478882 356
3.1222898960113525 356
3.131405830383301 356
3.1402533054351807 356
3.150182008743286 356
3.1583633422851562 356
3.166344404220581 356
3.174584150314331 356
3.183795690536499 356
3.1922314167022705 356
3.201610803604126 356
3.2098793983459473 356
3.2186942100524902 356
3.226504325866699 356
3.2358415126800537 356
3.2442173957824707 356
3.254246711730957 356
3.262510299682617 356
3.2748095989227295 356
3.2842140197753906 356
3.292675018310547 356
3.3022119998931885 356
3.3108174800872803 356
3.320244312286377 356
3.3284740447998047 356
3.33705735206604 356
3.345701217651367 356
3.355696439743042 356
3.363953113555908 356
3.3813393115997314 356
3.3903648853302 355
3.4000144004821777 355
3.4082236289978027 355
3.4169440269470215 355
3.4258906841278076 356
3.435486316680908 356
3.443880558013916 355
3.4535741806030273 354
3.4620752334594727 355
3.4703686237335205 356
3.4787466526031494 356
3.4876773357391357 355
3.4961764812469482 355
3.5057389736175537 354
3.514014482498169 355
3.5235538482666016 356
3.5321178436279297 356
3.5416407585144043 356
3.551642656326294 356
3.5599591732025146 355
3.5682928562164307 354
3.576234817504883 354
3.585552453994751 355
3.594015598297119 356
3.6035573482513428 356
3.612205743789673 356
3.6221206188201904 354
3.630605936050415 354
3.63985538482666 354
3.647679328918457 354
3.6581263542175293 354
3.6705729961395264 355
3.6794493198394775 355
3.6883254051208496 355
3.6963043212890625 355
3.7059683799743652 354
3.714440107345581 354
3.7242841720581055 354
3.732834577560425 354
3.7420365810394287 354
3.7508351802825928 354
3.760110378265381 354
3.768319606781006 354
3.776122570037842 354
3.78545880317688 354
3.7938663959503174 354
3.8022148609161377 354
3.8118648529052734 354
3.8209285736083984 354
3.82944655418396 354
3.839381694793701 354
3.846700668334961 354
3.8568203449249268 354
3.8655080795288086 354
3.873676061630249 354
3.8829758167266846 354
3.8922436237335205 354
3.9006600379943848 354
3.910202741622925 354
3.9190292358398438 354
3.926607131958008 354
3.936431407928467 354
3.9448986053466797 354
3.954115867614746 354
3.9634108543395996 354
3.972015380859375 354
3.9803285598754883 354
3.989421844482422 354
3.9967143535614014 354
4.00545859336853 354
4.014510154724121 354
4.0236289501190186 354
4.032837867736816 354
4.041844367980957 354
4.050112962722778 354
4.06005072593689 354
4.07224440574646 354
4.080885648727417 354
4.090316534042358 354
4.098541736602783 354
4.106436014175415 354
4.115905523300171 354
4.1244752407073975 354
4.134386301040649 354
4.142602443695068 354
4.151938199996948 354
4.161415338516235 354
4.169770956039429 354
4.177670478820801 354
4.186474323272705 354
4.194839239120483 354
4.203411102294922 354
4.212799787521362 354
4.2218177318573 354
4.230099201202393 354
4.240031003952026 354
4.248203992843628 354
4.25661301612854 354
4.2661497592926025 354
4.274597644805908 354
4.28279185295105 354
4.2919020652771 354
4.300158977508545 354
4.308375597000122 354
4.3222496509552 354
4.3344221115112305 354
4.3464155197143555 354
4.35892915725708 354
4.371304273605347 354
4.382368564605713 354
4.394787788391113 354
4.406436443328857 354
4.42087459564209 354
4.430806398391724 354
4.440733432769775 354
4.449720621109009 354
4.457081079483032 354
4.466658353805542 354
4.479579210281372 354
4.488471984863281 354
4.49644136428833 354
4.50499701499939 353
4.513862371444702 353
4.523885011672974 354
4.532368421554565 354
4.542107582092285 354
4.551411867141724 354
4.559737682342529 353
4.569443464279175 353
4.576838254928589 353
4.586186647415161 353
4.594705104827881 353
4.602877378463745 353
4.611526250839233 353
4.621381521224976 353
4.629775285720825 353
4.638981103897095 353
4.647037982940674 353
4.656175136566162 353
4.6644439697265625 353
4.6739137172698975 353
4.682635545730591 353
4.691450595855713 353
4.6997997760772705 353
4.707545518875122 353
4.71639084815979 353
4.725961923599243 352
4.735422611236572 352
4.743664264678955 353
4.753349304199219 353
4.7619078159332275 354
4.771451234817505 353
4.779902935028076 352
4.78863000869751 352
4.796576023101807 353
4.805013179779053 353
4.813580274581909 353
4.823556184768677 352
4.83204984664917 352
4.842143774032593 352
4.852247953414917 353
4.8608667850494385 354
4.875561237335205 354
4.886096000671387 352
4.895429611206055 351
4.903981685638428 350
4.914079666137695 350
4.922430515289307 352
4.932170867919922 352
4.941469669342041 352
4.9504172801971436 352
4.959577560424805 352
4.9668800830841064 352
4.976332187652588 352
4.985787391662598 352
4.994186639785767 351
