0 0
0.014451980590820312 0
0.03509664535522461 0
0.05196881294250488 2
0.07046723365783691 7
0.08957052230834961 13
0.11318635940551758 26
0.13008999824523926 37
0.14217209815979004 43
0.15103483200073242 48
0.15940594673156738 54
0.16820955276489258 61
0.17654132843017578 66
0.1860811710357666 74
0.1946732997894287 80
0.20316243171691895 87
0.21627163887023926 96
0.22508907318115234 102
0.23344182968139648 110
0.2433006763458252 116
0.2519111633300781 122
0.26044607162475586 130
0.2691013813018799 136
0.2779574394226074 144
0.2866322994232178 151
0.29539918899536133 157
0.3059213161468506 165
0.31563782691955566 174
0.3240795135498047 182
0.33243489265441895 188
0.34245848655700684 196
0.35129523277282715 202
0.3596675395965576 208
0.368009090423584 216
0.37735748291015625 223
0.3856203556060791 230
0.39517807960510254 235
0.4040560722351074 242
0.4126284122467041 246
0.42187047004699707 250
0.43047499656677246 256
0.44058823585510254 262
0.4491446018218994 266
0.4565775394439697 270
0.4653933048248291 274
0.4746432304382324 278
0.4831809997558594 282
0.4926266670227051 286
0.5018153190612793 290
0.511171817779541 295
0.5250937938690186 297
0.53363037109375 299
0.5440003871917725 302
0.5524153709411621 305
0.5612494945526123 308
0.5700459480285645 312
0.5792202949523926 313
0.586571216583252 315
0.5961580276489258 316
0.6057090759277344 318
0.6195700168609619 322
0.6277852058410645 324
0.6363179683685303 326
0.6459357738494873 328
0.6544303894042969 330
0.6626129150390625 331
0.6718766689300537 332
0.6810839176177979 334
0.6895177364349365 336
0.6990838050842285 338
0.7080192565917969 338
0.7167227268218994 338
0.7254652976989746 338
0.734135627746582 339
0.7439548969268799 341
0.7523477077484131 342
0.7610929012298584 343
0.769834041595459 343
0.7782466411590576 343
0.7865326404571533 343
0.796210527420044 344
0.8053638935089111 346
0.816556453704834 346
0.8253796100616455 345
0.8337163925170898 345
0.8425705432891846 345
0.8522982597351074 346
0.8612523078918457 348
0.8699042797088623 350
0.8782844543457031 350
0.8865208625793457 350
0.8951163291931152 350
0.9050431251525879 351
0.9162626266479492 354
0.9262537956237793 354
0.9356017112731934 354
0.9440016746520996 354
0.9535987377166748 355
0.9619946479797363 356
0.9713661670684814 356
0.9796459674835205 356
0.9882299900054932 356
0.9962031841278076 356
1.0062530040740967 357
1.0158252716064453 358
1.0242161750793457 358
1.0325894355773926 358
1.041689395904541 357
1.05129075050354 356
1.0596623420715332 356
1.06907057762146 358
1.0764827728271484 358
1.0855908393859863 358
1.0941321849822998 357
1.1041159629821777 357
1.112637996673584 358
1.1220331192016602 358
1.1304545402526855 359
1.1397247314453125 359
1.1479144096374512 359
1.156510591506958 358
1.1652376651763916 358
1.1741485595703125 358
1.1823370456695557 359
1.1919894218444824 359
1.2017395496368408 360
1.2103369235992432 358
1.220658540725708 358
1.2292242050170898 357
1.2381060123443604 358
1.2460567951202393 358
1.2557547092437744 358
1.2639977931976318 358
1.2730491161346436 358
1.2814900875091553 358
1.2902112007141113 358
1.2998173236846924 358
1.3093628883361816 358
1.3240468502044678 359
1.333742380142212 359
1.3421399593353271 359
1.3505289554595947 358
1.3598952293395996 358
1.369002342224121 358
1.3762905597686768 358
1.3851048946380615 358
1.3934779167175293 358
1.4019975662231445 359
1.4116597175598145 359
1.4211628437042236 359
1.4293746948242188 358
1.4381933212280273 358
1.4459922313690186 358
1.455479621887207 358
1.4646492004394531 359
1.4730122089385986 359
1.481421947479248 359
1.4897737503051758 358
1.4991281032562256 358
1.5083041191101074 359
1.5172617435455322 359
1.5254359245300293 359
1.5344493389129639 358
1.5425703525543213 358
1.5511760711669922 359
1.5606615543365479 360
1.5698823928833008 360
1.5781104564666748 359
1.5860276222229004 358
1.5944979190826416 357
1.60406494140625 358
1.6167144775390625 359
1.6261627674102783 360
1.635641098022461 359
1.6442275047302246 358
1.6533012390136719 358
1.662473201751709 359
1.673259973526001 360
1.682447910308838 360
1.6912460327148438 360
1.7011947631835938 360
1.710494041442871 359
1.7241170406341553 359
1.7344334125518799 359
1.7426869869232178 360
1.7515666484832764 360
1.7610571384429932 359
1.7704064846038818 358
1.7789571285247803 358
1.7862603664398193 358
1.7949142456054688 359
1.8040094375610352 360
1.8145215511322021 360
1.822660207748413 359
1.8318850994110107 358
1.8402199745178223 357
1.8486337661743164 357
1.8562793731689453 357
1.866222858428955 358
1.87503981590271 358
1.883220911026001 358
1.891723394393921 358
1.9007256031036377 358
1.9095861911773682 358
1.9198024272918701 358
1.929081678390503 358
1.9363775253295898 358
1.9450769424438477 358
1.953272819519043 358
1.9620835781097412 358
1.972627878189087 358
1.9841585159301758 358
1.9964056015014648 358
2.0110509395599365 358
2.0244195461273193 358
2.036216974258423 358
2.048107385635376 358
2.0560672283172607 358
2.0652294158935547 358
2.0743610858917236 358
2.0825345516204834 358
2.091156482696533 358
2.1000285148620605 358
2.108217477798462 358
2.1237711906433105 358
2.1324844360351562 358
2.1412131786346436 358
2.149548292160034 358
2.157320261001587 358
2.1662044525146484 358
2.1756510734558105 358
2.1839113235473633 358
2.1921188831329346 358
2.2011566162109375 358
2.2094359397888184 358
2.2210075855255127 358
2.230081081390381 358
2.238286018371582 358
2.2492403984069824 358
2.2564995288848877 358
2.265782594680786 358
2.2751758098602295 358
2.283308982849121 358
2.291825771331787 358
2.300689697265625 358
2.30912709236145 358
2.318317174911499 358
2.3283517360687256 358
2.336061477661133 358
2.3443377017974854 358
2.3525736331939697 358
2.3616456985473633 358
2.3698816299438477 358
2.3792428970336914 358
2.386505603790283 358
2.3958380222320557 358
2.4040820598602295 358
2.4125940799713135 358
2.422621965408325 358
2.4319119453430176 358
2.4402387142181396 358
2.4482929706573486 358
2.4560344219207764 358
2.465071201324463 358
2.4743778705596924 358
2.482501268386841 358
2.491147756576538 358
2.5000319480895996 358
2.508230686187744 358
2.5167298316955566 358
2.531869411468506 358
2.5404138565063477 358
2.5490496158599854 358
2.5563580989837646 358
2.565434694290161 358
2.5745043754577637 358
2.582651376724243 358
2.5918335914611816 358
2.60024094581604 358
2.608304738998413 358
2.616665840148926 358
2.627925157546997 358
2.6356770992279053 358
2.643939971923828 358
2.6522791385650635 358
2.6612548828125 358
2.669495105743408 358
2.679103374481201 358
2.686429023742676 358
2.6955223083496094 358
2.703742265701294 358
2.712078332901001 358
2.7215046882629395 358
2.7319176197052 358
2.740330696105957 358
2.748344659805298 358
2.7587196826934814 358
2.766256093978882 358
2.7750747203826904 358
2.7841386795043945 358
2.7934043407440186 358
2.801677703857422 358
2.8100743293762207 358
2.8194258213043213 358
2.829758644104004 358
2.8379619121551514 358
2.845761299133301 358
2.854022979736328 358
2.863233804702759 358
2.8715858459472656 358
2.881098508834839 358
2.8901073932647705 358
2.8982951641082764 358
2.9060585498809814 358
2.9153892993927 358
2.928972005844116 358
2.9391515254974365 358
2.9464526176452637 358
2.955805778503418 358
2.964336633682251 358
2.972487688064575 358
2.981904983520508 358
2.9906723499298096 358
2.999107599258423 358
3.0064172744750977 358
3.0159912109375 358
3.025329113006592 358
3.0365536212921143 358
3.045170545578003 358
3.063500165939331 358
3.0855658054351807 358
3.1078882217407227 358
3.1246843338012695 358
3.1480956077575684 358
3.1661550998687744 358
3.198131561279297 358
3.2310335636138916 358
3.259995937347412 358
3.279759168624878 357
3.2997448444366455 358
3.323845863342285 361
3.3478944301605225 359
3.3659355640411377 356
3.3852758407592773 353
3.4041643142700195 354
3.4278929233551025 360
3.4482929706573486 364
3.4644758701324463 362
3.4835331439971924 359
3.5036513805389404 357
3.5235037803649902 359
3.5416219234466553 364
3.5621461868286133 365
3.581566572189331 364
3.5992674827575684 360
3.6311252117156982 356
3.646231174468994 357
3.6660616397857666 362
3.6865737438201904 364
3.7080078125 362
3.732293128967285 355
3.750562906265259 352
3.7799015045166016 355
3.8015995025634766 360
3.8166513442993164 364
3.834480047225952 364
3.854550838470459 362
3.873562812805176 358
3.892071485519409 354
3.9081592559814453 356
3.9260997772216797 359
3.9452459812164307 361
3.9624593257904053 359
3.981748104095459 356
3.996722936630249 353
4.020394563674927 355
4.0403053760528564 360
4.069113492965698 362
4.096079587936401 356
4.132331371307373 343
4.161391735076904 338
4.176374435424805 338
4.194169282913208 341
4.216502666473389 348
4.235791444778442 352
4.2563698291778564 352
4.275940179824829 349
4.295117139816284 347
4.315312385559082 348
4.331746578216553 351
4.349710464477539 353
4.369863033294678 351
4.402019262313843 343
4.435911417007446 342
4.461763620376587 348
4.473477125167847 352
4.495811223983765 355
4.515843391418457 355
4.539682149887085 350
4.560655117034912 346
4.583981513977051 348
4.60512375831604 352
4.625095367431641 355
4.639591693878174 355
4.659551620483398 352
4.675739526748657 351
4.694144248962402 352
4.7150022983551025 356
4.733263731002808 358
4.752045392990112 356
4.769570589065552 353
4.789263725280762 350
4.806186676025391 351
4.8255839347839355 354
4.842588186264038 356
4.862220287322998 356
4.88532280921936 352
4.899903059005737 350
4.92343544960022 350
4.942661762237549 356
4.9620585441589355 360
4.980329275131226 359
