0 0
0.012219429016113281 0
0.03359627723693848 0
0.05353975296020508 2
0.07046961784362793 7
0.08991599082946777 15
0.1000821590423584 19
0.1088862419128418 23
0.1173701286315918 28
0.12680864334106445 33
0.13595175743103027 39
0.14514565467834473 46
0.15358185768127441 50
0.16228914260864258 56
0.17052602767944336 62
0.17934465408325195 68
0.1884164810180664 75
0.1980142593383789 82
0.2067720890045166 88
0.21426105499267578 94
0.22426748275756836 102
0.23453021049499512 109
0.24909424781799316 120
0.25835704803466797 128
0.2672107219696045 134
0.27552294731140137 140
0.28401660919189453 148
0.29351234436035156 155
0.30301904678344727 163
0.31139469146728516 170
0.3198416233062744 177
0.32921695709228516 184
0.33889317512512207 192
0.3483128547668457 200
0.3576226234436035 206
0.36597609519958496 215
0.37830400466918945 225
0.391437292098999 236
0.4043257236480713 248
0.41703319549560547 256
0.4291267395019531 266
0.441312313079834 277
0.45247888565063477 286
0.46178293228149414 294
0.4701371192932129 300
0.47899508476257324 307
0.4883701801300049 315
0.49700212478637695 322
0.5068409442901611 330
0.5142881870269775 337
0.5237407684326172 344
0.5339221954345703 354
0.542457103729248 360
0.5519115924835205 366
0.5630066394805908 372
0.5728332996368408 376
0.5812332630157471 380
0.5907838344573975 382
0.599360466003418 384
0.608983039855957 385
0.6173624992370605 385
0.6261184215545654 384
0.6355280876159668 382
0.6491150856018066 379
0.6592557430267334 376
0.6677267551422119 372
0.6760156154632568 368
0.6838274002075195 364
0.6936233043670654 361
0.7032496929168701 357
0.711662769317627 354
0.7204525470733643 352
0.7292098999023438 352
0.7388207912445068 351
0.7473537921905518 352
0.7574827671051025 353
0.7656474113464355 356
0.7736539840698242 357
0.7820146083831787 359
0.7908463478088379 360
0.7997992038726807 362
0.8095889091491699 362
0.818885326385498 361
0.8271753787994385 360
0.8359827995300293 359
0.8438396453857422 358
0.8528742790222168 358
0.8619656562805176 358
0.870352029800415 358
0.8789911270141602 358
0.8878524303436279 359
0.8972017765045166 359
0.9061918258666992 359
0.9140229225158691 359
0.9233131408691406 359
0.9328887462615967 359
0.9410867691040039 359
0.9494791030883789 359
0.9596157073974609 359
0.968015193939209 359
0.9761404991149902 359
0.9850516319274902 359
0.9934699535369873 359
1.0023438930511475 359
1.011765956878662 359
1.0203502178192139 359
1.0291097164154053 358
1.0384185314178467 358
1.052448034286499 358
1.0619728565216064 358
1.0716662406921387 358
1.0798790454864502 358
1.089033603668213 358
1.0972187519073486 358
1.1059820652008057 358
1.1155314445495605 358
1.1238925457000732 358
1.1331770420074463 358
1.1414227485656738 358
1.1502907276153564 358
1.1590874195098877 358
1.168461561203003 358
1.176950454711914 358
1.185122013092041 358
1.193263292312622 358
1.2019555568695068 358
1.2113981246948242 358
1.220034122467041 358
1.2288751602172852 358
1.238142490386963 358
1.2461349964141846 358
1.2543363571166992 358
1.2638707160949707 358
1.2721490859985352 358
1.2802820205688477 358
1.2898459434509277 358
1.2982537746429443 358
1.3071868419647217 358
1.3169844150543213 358
1.3242874145507812 358
1.3335905075073242 358
1.3418772220611572 358
1.3510816097259521 358
1.3594613075256348 358
1.3690056800842285 358
1.3772969245910645 358
1.3861021995544434 358
1.3938889503479004 358
1.4022307395935059 358
1.4114890098571777 358
1.4215433597564697 358
1.4298076629638672 357
1.4393084049224854 357
1.4521815776824951 357
1.4604384899139404 357
1.4701416492462158 357
1.4787654876708984 357
1.4873919486999512 357
1.4955222606658936 357
1.5033326148986816 357
1.5120055675506592 357
1.5221500396728516 357
1.532015323638916 357
1.5402588844299316 357
1.5496869087219238 357
1.5580494403839111 357
1.567467451095581 357
1.5756590366363525 357
1.5872242450714111 357
1.5950255393981934 357
1.6032512187957764 357
1.611889123916626 357
1.6220269203186035 357
1.6304359436035156 357
1.6396753787994385 357
1.6484301090240479 357
1.6569063663482666 357
1.6642308235168457 357
1.673750400543213 357
1.6832096576690674 357
1.6914124488830566 357
1.699678897857666 357
1.7082397937774658 357
1.7175681591033936 357
1.7270147800445557 357
1.7357468605041504 357
1.743574857711792 357
1.7528350353240967 357
1.761023759841919 357
1.7703213691711426 357
1.779595136642456 357
1.7878646850585938 357
1.7961194515228271 357
1.8038814067840576 357
1.8131566047668457 357
1.8232200145721436 356
1.832850456237793 356
1.841116189956665 356
1.8535981178283691 357
1.8619987964630127 357
1.8703234195709229 357
1.8802680969238281 357
1.8890881538391113 356
1.8973629474639893 356
1.9055850505828857 356
1.9140114784240723 356
1.9239709377288818 356
1.9418540000915527 356
1.9510464668273926 356
1.9596049785614014 356
1.9678843021392822 357
1.9773733615875244 357
1.9861316680908203 357
1.995755672454834 356
2.0057456493377686 356
2.014193296432495 356
2.0242042541503906 356
2.033590793609619 356
2.041889190673828 356
2.0534067153930664 356
2.0617873668670654 355
2.0702195167541504 355
2.0803704261779785 355
2.089076280593872 356
2.097336769104004 356
2.105095386505127 356
2.113738775253296 356
2.1220455169677734 356
2.1336357593536377 355
2.141948699951172 355
2.1512656211853027 356
2.1596198081970215 356
2.168034076690674 356
2.1777191162109375 356
2.1859898567199707 355
2.1939404010772705 355
2.2029058933258057 355
2.211801290512085 355
2.2200276851654053 356
2.2328460216522217 356
2.241058588027954 356
2.2539312839508057 355
2.2624878883361816 355
2.271049737930298 355
2.281101703643799 355
2.290456771850586 354
2.2990880012512207 354
2.3074893951416016 354
2.3167898654937744 354
2.324171543121338 355
2.335939884185791 354
2.3441853523254395 354
2.3556251525878906 354
2.3634040355682373 354
2.3717732429504395 354
2.381809711456299 355
2.3900716304779053 355
2.3987631797790527 355
2.40702486038208 354
2.4157912731170654 354
2.423617362976074 354
2.4345059394836426 354
2.4437806606292725 354
2.4771065711975098 355
2.507267475128174 354
2.538822650909424 354
2.561721086502075 354
2.585010528564453 354
2.601496696472168 354
2.6202404499053955 354
2.6431353092193604 354
2.6659693717956543 354
2.686917781829834 354
2.703874111175537 354
2.7237722873687744 354
2.748875856399536 354
2.762340545654297 354
2.782954692840576 354
2.801373243331909 354
2.8179049491882324 354
2.840993642807007 354
2.8576126098632812 354
2.876081943511963 354
2.893702268600464 354
2.912008285522461 354
2.9318149089813232 354
2.9514904022216797 354
2.968299388885498 354
2.9876484870910645 354
3.007822275161743 353
3.028049945831299 352
3.051927089691162 352
3.0712907314300537 352
3.0883166790008545 353
3.1078591346740723 354
3.1270370483398438 354
3.1490886211395264 352
3.1660470962524414 351
3.1834909915924072 351
3.200434684753418 353
3.2199208736419678 354
3.2413434982299805 354
3.26002836227417 354
3.2782135009765625 352
3.2975919246673584 350
3.316985607147217 350
3.334015369415283 353
3.3590190410614014 355
3.3764219284057617 354
3.3922746181488037 352
3.4150876998901367 349
3.431985378265381 349
3.4560225009918213 353
3.4758787155151367 357
3.492016315460205 358
3.5167863368988037 354
3.534095287322998 348
3.553983449935913 346
3.5732150077819824 346
3.5924789905548096 349
3.615131378173828 354
3.6328141689300537 358
3.650089740753174 358
3.6678719520568848 355
3.6889407634735107 350
3.7037839889526367 347
3.721609354019165 345
3.741407632827759 347
3.763137102127075 352
3.7873728275299072 359
3.8097383975982666 361
3.8273675441741943 360
3.8542308807373047 351
3.8740158081054688 344
3.89339280128479 341
3.9122283458709717 340
3.9337003231048584 343
3.951948404312134 350
3.9758713245391846 358
3.9943313598632812 360
4.015781402587891 360
4.036083698272705 356
4.056108713150024 350
4.071782350540161 344
4.09733772277832 340
4.107254505157471 340
4.124159812927246 343
4.143972635269165 348
4.1585211753845215 354
4.180268287658691 358
4.1983137130737305 358
4.219799995422363 356
4.240082263946533 349
4.265601396560669 342
4.283608913421631 339
4.302960157394409 340
4.319928169250488 344
4.337739706039429 350
4.357231855392456 356
4.374135732650757 360
4.399255990982056 359
4.417240619659424 356
4.453612565994263 342
4.475896835327148 334
4.495616912841797 332
4.513015031814575 332
4.532980442047119 338
4.5620081424713135 348
4.575963020324707 354
4.589555263519287 358
4.600438594818115 361
4.612810134887695 363
4.6270527839660645 362
4.636810541152954 361
4.645694255828857 359
4.659242630004883 355
4.667805194854736 352
4.67806077003479 348
4.6870057582855225 346
4.696154832839966 344
4.7050464153289795 343
4.71355414390564 343
4.723088502883911 343
4.732244253158569 345
4.741461753845215 346
4.749780893325806 347
4.758314609527588 349
4.766949653625488 350
4.776824474334717 350
4.784177541732788 351
4.793286085128784 350
4.801746368408203 350
4.81104588508606 349
4.819476366043091 349
4.829130411148071 348
4.839078903198242 348
4.847348213195801 348
4.855528354644775 348
4.863409519195557 348
4.873319864273071 348
4.881629228591919 348
4.8908281326293945 348
4.899263143539429 348
4.9083476066589355 348
4.916858673095703 348
4.925855398178101 348
4.940323352813721 348
4.949076414108276 348
4.957348823547363 348
4.965514421463013 348
4.9738609790802 348
4.983304023742676 348
4.992173433303833 348
