0 0
0.013975143432617188 0
0.030545711517333984 0
0.04784870147705078 1
0.07111954689025879 7
0.08764505386352539 13
0.10944795608520508 24
0.11884832382202148 28
0.12907099723815918 31
0.1458590030670166 34
0.15970921516418457 37
0.17277884483337402 41
0.18403196334838867 45
0.19701218605041504 49
0.20844697952270508 53
0.22202682495117188 56
0.23422837257385254 58
0.2437887191772461 59
0.2529134750366211 62
0.2631971836090088 65
0.2714812755584717 67
0.27981042861938477 70
0.28949475288391113 72
0.29845190048217773 75
0.3070485591888428 77
0.3169596195220947 79
0.32439208030700684 81
0.3337082862854004 83
0.34201693534851074 86
0.35045647621154785 88
0.3596773147583008 89
0.3691861629486084 91
0.3774690628051758 93
0.385697603225708 96
0.3950772285461426 98
0.4033224582672119 99
0.41362524032592773 102
0.4220285415649414 105
0.43054676055908203 106
0.43928956985473633 107
0.44768595695495605 109
0.45606064796447754 111
0.4660923480987549 113
0.4740753173828125 116
0.48288393020629883 118
0.49125194549560547 119
0.5001940727233887 120
0.5089266300201416 122
0.5192909240722656 125
0.5281600952148438 127
0.5375192165374756 130
0.5503783226013184 131
0.5598056316375732 132
0.570368766784668 135
0.5790133476257324 137
0.5874748229980469 139
0.5971157550811768 141
0.6044673919677734 141
0.6138756275177002 143
0.6235024929046631 145
0.6329255104064941 147
0.6411449909210205 149
0.6497340202331543 151
0.6590957641601562 152
0.6683297157287598 153
0.676987886428833 154
0.6843409538269043 155
0.6935303211212158 156
0.7018783092498779 158
0.7104535102844238 161
0.7210233211517334 163
0.730067253112793 165
0.7387833595275879 165
0.7472949028015137 165
0.7551462650299072 166
0.7638688087463379 168
0.773505687713623 169
0.7819657325744629 172
0.7912552356719971 173
0.7996437549591064 175
0.8081331253051758 176
0.8177087306976318 177
0.828221321105957 178
0.8365271091461182 180
0.8441929817199707 182
0.8529174327850342 183
0.8618226051330566 185
0.8712947368621826 185
0.8797674179077148 185
0.8884847164154053 186
0.8976953029632568 188
0.9059929847717285 190
0.9156475067138672 191
0.9258818626403809 193
0.9337258338928223 193
0.9473493099212646 195
0.9561212062835693 195
0.9657332897186279 197
0.9745395183563232 199
0.9833188056945801 200
0.9922301769256592 201
1.0005269050598145 201
1.0099005699157715 202
1.0197453498840332 203
1.0297739505767822 205
1.038487195968628 207
1.0474259853363037 207
1.0560131072998047 208
1.063953161239624 209
1.0728759765625 209
1.084204912185669 211
1.0935568809509277 213
1.1019186973571777 214
1.1103925704956055 215
1.119741439819336 216
1.130028486251831 217
1.1385350227355957 218
1.1470451354980469 219
1.1560516357421875 220
1.1639015674591064 221
1.1724894046783447 222
1.181816816329956 223
1.1913037300109863 223
1.1996800899505615 224
1.2082264423370361 225
1.2177879810333252 227
1.2276978492736816 228
1.236048936843872 229
1.2439472675323486 229
1.2529046535491943 229
1.2618811130523682 231
1.270124912261963 231
1.2797231674194336 233
1.2890305519104004 233
1.2975225448608398 234
1.3057942390441895 235
1.315821647644043 236
1.3237040042877197 237
1.3334481716156006 237
1.3471095561981201 239
1.3544056415557861 239
1.3633286952972412 239
1.3720016479492188 240
1.3815083503723145 241
1.3899202346801758 243
1.398432731628418 245
1.4070372581481934 245
1.4160969257354736 245
1.4239110946655273 245
1.4336683750152588 245
1.4420208930969238 247
1.4513208866119385 248
1.4597399234771729 249
1.4681751728057861 250
1.4772014617919922 250
1.4878432750701904 251
1.4972882270812988 252
1.5055956840515137 253
1.5155868530273438 255
1.5234432220458984 255
1.532977819442749 255
1.5412795543670654 255
1.5514483451843262 256
1.5599873065948486 258
1.5684714317321777 259
1.577491044998169 260
1.587012767791748 260
1.594334363937378 260
1.6034841537475586 261
1.6159980297088623 262
1.6238133907318115 263
1.633406162261963 263
1.642740249633789 264
1.6509983539581299 264
1.659363031387329 265
1.6678390502929688 265
1.6767630577087402 265
1.6858007907867432 267
1.693955659866333 268
1.702355146408081 269
1.712198257446289 269
1.720381259918213 269
1.7291440963745117 269
1.7384164333343506 269
1.752021074295044 271
1.7604155540466309 272
1.7693054676055908 273
1.7782337665557861 274
1.787710428237915 274
1.7959294319152832 274
1.8037474155426025 274
1.8139042854309082 275
1.822737455368042 277
1.831512451171875 277
1.8413333892822266 276
1.8499116897583008 275
1.8584799766540527 276
1.8670501708984375 277
1.8758468627929688 277
1.8844614028930664 277
1.8939697742462158 277
1.9022936820983887 277
1.912775993347168 279
1.9210920333862305 280
1.9294767379760742 281
1.9389541149139404 281
1.9474265575408936 281
1.9556162357330322 280
1.9635248184204102 281
1.9720280170440674 282
1.9803276062011719 283
1.9897871017456055 283
1.9984123706817627 282
2.009173631668091 281
2.019179582595825 282
2.028486728668213 283
2.037907838821411 285
2.047544002532959 285
2.055757522583008 285
2.064021348953247 285
2.073289394378662 286
2.0822219848632812 287
2.0918285846710205 287
2.1001198291778564 286
2.1092913150787354 286
2.1193716526031494 286
2.128180980682373 287
2.137362003326416 287
2.151371955871582 287
2.1597659587860107 287
2.169156312942505 287
2.1774935722351074 287
2.1856820583343506 288
2.1943297386169434 289
2.2036397457122803 289
2.2164931297302246 288
2.2279202938079834 288
2.2402124404907227 289
2.2531001567840576 290
2.2643210887908936 291
2.27725887298584 291
2.2888715267181396 291
2.3023040294647217 291
2.3143937587738037 292
2.327094316482544 293
2.335860252380371 293
2.3438780307769775 293
2.3532989025115967 293
2.3615856170654297 293
2.3702616691589355 294
2.3790245056152344 294
2.387554883956909 295
2.396912097930908 295
2.4058239459991455 294
2.4145076274871826 294
2.423147439956665 295
2.4316039085388184 295
2.4413836002349854 295
2.4545509815216064 296
2.46714186668396 296
2.479140520095825 296
2.4910807609558105 295
2.503997802734375 294
2.5173890590667725 295
2.5290675163269043 297
2.540341854095459 299
2.559018135070801 299
2.570525646209717 298
2.58232045173645 297
2.6036620140075684 297
2.6185052394866943 301
2.6302902698516846 303
2.6431994438171387 304
2.656822681427002 303
2.6759591102600098 299
2.690385103225708 299
2.7029969692230225 299
2.715698003768921 300
2.733874559402466 302
2.7488081455230713 301
2.7620012760162354 299
2.7732717990875244 298
2.7860755920410156 299
2.7973711490631104 300
2.812295436859131 301
2.824317693710327 300
2.8365368843078613 299
2.8574416637420654 300
2.8714184761047363 303
2.887722969055176 304
2.905881881713867 303
2.918971300125122 301
2.92976975440979 299
2.9412338733673096 299
2.9635307788848877 303
2.9782087802886963 305
2.9895617961883545 307
2.9999988079071045 306
3.0176093578338623 304
3.0340423583984375 304
3.0460915565490723 305
3.0583817958831787 307
3.0701887607574463 307
3.0813143253326416 306
3.0918381214141846 305
3.1035420894622803 304
3.1176841259002686 305
3.1282644271850586 307
3.1393895149230957 309
3.1502199172973633 309
3.1630899906158447 307
3.1738781929016113 306
3.1856184005737305 305
3.1960556507110596 306
3.218770980834961 310
3.2301926612854004 311
3.241863250732422 311
3.253354072570801 309
3.271498441696167 308
3.2878353595733643 309
3.2992169857025146 310
3.311938762664795 311
3.3295581340789795 310
3.3444392681121826 307
3.361546516418457 307
3.373739242553711 309
3.385765790939331 310
3.397071599960327 310
3.407803535461426 308
3.4241302013397217 308
3.4357237815856934 309
3.4470818042755127 309
3.4577596187591553 309
3.4700987339019775 309
3.4800431728363037 308
3.4885404109954834 308
3.4970483779907227 308
3.5043561458587646 308
3.514397144317627 308
3.523822546005249 308
3.533825397491455 307
3.542231321334839 307
3.550414800643921 307
3.5590734481811523 307
3.569025754928589 307
3.5773088932037354 307
3.5851221084594727 306
3.5935134887695312 306
3.601856231689453 305
3.610542058944702 306
3.6210217475891113 306
3.6293725967407227 306
3.637723922729492 306
3.6476566791534424 305
3.655973196029663 305
3.6643924713134766 305
3.6739089488983154 305
3.6828925609588623 305
3.6912810802459717 304
3.699622869491577 304
3.7082507610321045 305
3.7176201343536377 305
3.7428271770477295 302
3.7559378147125244 300
3.7639424800872803 299
3.77380108833313 299
3.782510280609131 300
3.7910993099212646 301
3.7994840145111084 301
3.807830333709717 300
3.817368507385254 299
3.827061891555786 299
3.8344013690948486 299
3.843200922012329 300
3.8520164489746094 300
3.860229969024658 299
3.8689534664154053 299
3.8790464401245117 298
3.887481212615967 298
3.8957676887512207 299
3.904475688934326 299
3.913846015930176 298
3.922243356704712 297
3.9316539764404297 297
3.940011501312256 298
3.949439525604248 298
3.95784854888916 299
3.966123342514038 298
3.976539373397827 297
3.9841132164001465 297
3.9929416179656982 298
4.001348972320557 298
4.012510299682617 299
4.0209901332855225 298
4.030361652374268 298
4.040038824081421 297
4.050044298171997 297
4.059317350387573 296
4.0678277015686035 297
4.077360391616821 297
4.086135149002075 297
4.09513521194458 297
4.103343725204468 296
4.113480567932129 295
4.121881484985352 295
4.131956577301025 296
4.140355348587036 297
4.149110317230225 297
4.161867618560791 295
4.170384407043457 294
4.180525302886963 293
4.189366340637207 293
4.197729110717773 294
4.206089735031128 294
4.215563774108887 294
4.223961591720581 293
4.233507394790649 293
4.241836309432983 292
4.250351190567017 292
4.259056091308594 292
4.267335891723633 292
4.275625705718994 292
4.285595655441284 292
4.2972612380981445 291
4.309087514877319 291
4.321932315826416 291
4.334386825561523 292
4.346916675567627 292
4.358246326446533 291
4.369392395019531 289
4.381789922714233 289
4.3904900550842285 289
4.399148941040039 289
4.412925481796265 289
4.421350002288818 289
4.429851293563843 288
4.439364194869995 287
4.448505401611328 287
4.457056999206543 287
4.464357137680054 287
4.473029613494873 287
4.481741189956665 287
4.4914326667785645 287
4.4997398853302 286
4.508208751678467 285
4.518285274505615 285
4.5269012451171875 286
4.5360119342803955 287
4.544410943984985 286
4.559148788452148 285
4.567695140838623 283
4.577006101608276 283
4.584370136260986 283
4.593807220458984 283
4.602296590805054 284
4.612453460693359 283
4.621009349822998 283
4.629402160644531 282
4.638953924179077 282
4.64772629737854 282
4.655975341796875 282
4.663790941238403 282
4.6723339557647705 282
4.6813883781433105 281
4.690556049346924 280
4.699225664138794 280
4.707563638687134 281
4.717625141143799 281
4.725864410400391 281
4.7339348793029785 281
4.7440290451049805 280
4.752516031265259 279
4.761131763458252 279
4.7695300579071045 279
4.778307199478149 280
4.786957025527954 280
4.796921968460083 279
4.804304599761963 279
4.81435489654541 279
4.8230509757995605 279
4.831297397613525 279
4.840455532073975 278
4.8499085903167725 278
4.858373641967773 278
4.866847038269043 279
4.875731945037842 278
4.88387656211853 278
4.893352746963501 277
4.901681900024414 278
4.912170648574829 279
4.920426368713379 279
4.929071426391602 278
4.9375529289245605 277
4.947336435317993 276
4.959475755691528 277
4.968336582183838 279
4.977687835693359 279
4.985933065414429 279
4.995119571685791 279
