0 0
0.01712775230407715 0
0.03910326957702637 0
0.055707693099975586 2
0.07163572311401367 6
0.08599519729614258 11
0.09388947486877441 14
0.10235810279846191 18
0.11150622367858887 22
0.12021994590759277 29
0.13176536560058594 34
0.14023470878601074 39
0.14965224266052246 44
0.1581423282623291 51
0.16677427291870117 56
0.17958879470825195 65
0.18929100036621094 72
0.19791889190673828 79
0.20645451545715332 85
0.21507668495178223 91
0.22417235374450684 98
0.23616266250610352 108
0.245635986328125 115
0.25377988815307617 120
0.26245927810668945 128
0.2710447311401367 134
0.2800099849700928 142
0.28962111473083496 148
0.2981870174407959 156
0.30677127838134766 163
0.31574130058288574 171
0.324373722076416 177
0.3331730365753174 185
0.34246063232421875 192
0.35172176361083984 200
0.36009883880615234 206
0.3690049648284912 213
0.37804198265075684 221
0.3876051902770996 228
0.395993709564209 236
0.40389585494995117 242
0.41335582733154297 249
0.42288732528686523 257
0.43128418922424316 264
0.44041943550109863 272
0.4496438503265381 278
0.4581873416900635 287
0.4668238162994385 294
0.47429347038269043 302
0.48352789878845215 306
0.4930441379547119 315
0.5016200542449951 322
0.5104894638061523 329
0.5277924537658691 342
0.5361449718475342 346
0.5472218990325928 351
0.5551533699035645 355
0.5635743141174316 357
0.5719943046569824 359
0.5889172554016113 361
0.5982770919799805 360
0.606980562210083 360
0.6156260967254639 359
0.6244552135467529 359
0.6331241130828857 359
0.6450841426849365 360
0.6533424854278564 360
0.6615643501281738 361
0.6698083877563477 360
0.6790459156036377 360
0.6873161792755127 360
0.6965410709381104 360
0.7040882110595703 360
0.7133781909942627 360
0.722801685333252 360
0.7310168743133545 360
0.7394707202911377 360
0.7497467994689941 360
0.7581281661987305 360
0.7661755084991455 360
0.7754888534545898 360
0.7833032608032227 360
0.7915704250335693 360
0.8010783195495605 360
0.809995174407959 360
0.818396806716919 360
0.8275637626647949 360
0.8356857299804688 360
0.8440091609954834 360
0.8540298938751221 360
0.8628263473510742 360
0.8710265159606934 360
0.8819739818572998 360
0.8932733535766602 360
0.9072558879852295 360
0.9190146923065186 360
0.93100905418396 360
0.9429516792297363 360
0.9573285579681396 360
0.9658558368682861 360
0.9741194248199463 360
0.9877161979675293 360
0.9959061145782471 360
1.004530429840088 360
1.0141263008117676 360
1.0234191417694092 360
1.0318622589111328 360
1.041368007659912 360
1.0496444702148438 360
1.0594737529754639 360
1.0677142143249512 360
1.076871633529663 360
1.08414888381958 360
1.092886209487915 360
1.1012864112854004 360
1.1110002994537354 360
1.119335651397705 360
1.1293764114379883 360
1.1376011371612549 360
1.146939992904663 360
1.1587817668914795 360
1.1670238971710205 360
1.1757750511169434 360
1.1835498809814453 360
1.1917898654937744 360
1.2000019550323486 360
1.2098028659820557 360
1.2183582782745361 360
1.2274270057678223 360
1.2355570793151855 360
1.2438416481018066 360
1.2521607875823975 360
1.2619280815124512 360
1.2701287269592285 360
1.279461145401001 360
1.2878854274749756 360
1.2960660457611084 360
1.3038463592529297 360
1.313706874847412 360
1.3230173587799072 360
1.3312571048736572 360
1.3402519226074219 360
1.3488867282867432 360
1.3580639362335205 360
1.3670244216918945 360
1.3755970001220703 360
1.3880321979522705 360
1.3961520195007324 360
1.4056165218353271 360
1.414309024810791 360
1.4236762523651123 360
1.4319255352020264 360
1.441096544265747 360
1.449458360671997 360
1.4590661525726318 360
1.4677391052246094 360
1.4769270420074463 360
1.4842374324798584 360
1.4928791522979736 360
1.5010533332824707 360
1.5110266208648682 360
1.5196316242218018 360
1.5290460586547852 360
1.5377912521362305 359
1.5460057258605957 359
1.5539326667785645 359
1.5634541511535645 359
1.5728163719177246 360
1.581282615661621 359
1.5896103382110596 359
1.597883939743042 359
1.6069443225860596 359
1.6159875392913818 359
1.6242821216583252 359
1.6329565048217773 359
1.641883373260498 359
1.650029182434082 359
1.659391164779663 359
1.670055627822876 359
1.6789021492004395 359
1.6871123313903809 359
1.6943612098693848 359
1.7036967277526855 359
1.7131829261779785 359
1.7221925258636475 359
1.73026704788208 359
1.7392559051513672 359
1.7474806308746338 359
1.7555983066558838 359
1.7642755508422852 359
1.7739408016204834 359
1.7869172096252441 359
1.794229507446289 359
1.8035883903503418 359
1.812168836593628 359
1.822892189025879 359
1.8310925960540771 359
1.839665174484253 359
1.8479087352752686 359
1.8560941219329834 359
1.8651230335235596 359
1.8742516040802002 359
1.8830618858337402 359
1.8912761211395264 359
1.8995466232299805 359
1.9085264205932617 359
1.9177803993225098 359
1.927049160003662 359
1.9358079433441162 359
1.9438560009002686 359
1.9521803855895996 359
1.9602909088134766 359
1.9704151153564453 359
1.9790105819702148 359
1.9872229099273682 359
1.9945437908172607 359
2.003849744796753 359
2.0137786865234375 359
2.0241057872772217 359
2.032480478286743 359
2.0416347980499268 359
2.0499186515808105 359
2.0584771633148193 359
2.067478895187378 359
2.0770740509033203 359
2.0856850147247314 359
2.0934858322143555 359
2.102813959121704 359
2.1110117435455322 359
2.121769666671753 359
2.130063533782959 359
2.139411449432373 359
2.147648334503174 359
2.1558220386505127 359
2.163642168045044 359
2.1768174171447754 359
2.1896820068359375 359
2.198375701904297 359
2.207653284072876 359
2.2158048152923584 359
2.226020574569702 359
2.2341911792755127 359
2.2429869174957275 359
2.251121997833252 359
2.2594945430755615 359
2.2684006690979004 359
2.2776777744293213 359
2.286815643310547 359
2.2941439151763916 359
2.3033926486968994 359
2.3116979598999023 359
2.319945812225342 359
2.3301544189453125 359
2.339362859725952 359
2.3476316928863525 359
2.3558318614959717 359
2.3637616634368896 359
2.373562812805176 359
2.381901264190674 359
2.3900976181030273 359
2.3992040157318115 359
2.407489776611328 359
2.415661334991455 359
2.426121711730957 359
2.4344537258148193 359
2.4430952072143555 359
2.451282262802124 359
2.45969557762146 359
2.468470811843872 359
2.4778504371643066 359
2.48695707321167 359
2.4942691326141357 359
2.5035316944122314 359
2.5117921829223633 359
2.529711961746216 359
2.5390119552612305 359
2.547407865524292 359
2.5555925369262695 359
2.5637335777282715 359
2.5729777812957764 359
2.587697982788086 359
2.595916748046875 359
2.6045122146606445 359
2.6132631301879883 359
2.6222939491271973 359
2.6323370933532715 359
2.6428894996643066 359
2.651577949523926 359
2.659940242767334 359
2.669264078140259 359
2.6775596141815186 359
2.686917304992676 359
2.694175958633423 359
2.703799247741699 359
2.7121753692626953 359
2.720871925354004 359
2.7317757606506348 359
2.739999294281006 359
2.748445510864258 359
2.7569258213043213 359
2.7656826972961426 359
2.7734482288360596 359
2.7831897735595703 359
2.7914516925811768 359
2.8005120754241943 358
2.8092081546783447 358
2.817460060119629 358
2.8269097805023193 359
2.8372280597686768 360
2.845083713531494 359
2.8535125255584717 358
2.8618152141571045 358
2.870370626449585 358
2.879199981689453 358
2.88836669921875 358
2.8975977897644043 358
2.9058380126953125 358
2.9136085510253906 358
2.9229965209960938 358
2.9317471981048584 358
2.9412782192230225 358
2.9495720863342285 358
2.958996534347534 358
2.9704179763793945 358
2.982236623764038 358
3.0019545555114746 358
3.0132689476013184 358
3.027268648147583 358
3.040379285812378 358
3.051954746246338 358
3.0640146732330322 358
3.072446823120117 358
3.0809905529022217 358
3.0900979042053223 358
3.09952712059021 358
3.1079249382019043 358
3.116088628768921 358
3.1261510848999023 358
3.1344552040100098 358
3.143927574157715 358
3.153589963912964 358
3.162266731262207 358
3.1703426837921143 358
3.1789674758911133 358
3.188138723373413 358
3.19964337348938 358
3.2122414112091064 358
3.2205379009246826 358
3.2302701473236084 358
3.2398595809936523 358
3.2482831478118896 358
3.256883144378662 358
3.265664577484131 358
3.273414134979248 358
3.2816710472106934 358
3.291081666946411 358
3.300016164779663 358
3.3084375858306885 358
3.317046880722046 358
3.3260085582733154 358
3.3345210552215576 358
3.3502135276794434 358
3.3589065074920654 358
3.3681466579437256 358
3.3761703968048096 358
3.384075164794922 358
3.398888111114502 358
3.4072506427764893 358
3.4156973361968994 358
3.424288272857666 358
3.4335198402404785 358
3.4431982040405273 358
3.451436758041382 358
3.4602913856506348 358
3.4689667224884033 358
3.4772205352783203 358
3.484529972076416 358
3.494389057159424 358
3.5032498836517334 358
3.511950969696045 358
3.5203468799591064 358
3.5298876762390137 358
3.5382959842681885 358
3.547609329223633 358
3.555803060531616 358
3.564168691635132 358
3.5728299617767334 358
3.581092596054077 358
3.5894572734832764 358
3.599557399749756 358
3.607823133468628 358
3.617077112197876 358
3.626905679702759 358
3.6342010498046875 358
3.64290714263916 358
3.6520237922668457 358
3.662900686264038 358
3.67159104347229 358
3.6799614429473877 358
3.6883864402770996 358
3.698258399963379 358
3.706517219543457 358
3.715048313140869 358
3.724304437637329 358
3.7332546710968018 358
3.7416560649871826 358
3.750869035720825 358
3.7600300312042236 358
3.7685225009918213 358
3.776992082595825 358
3.784282922744751 358
3.7993099689483643 358
3.807711601257324 358
3.8169026374816895 358
3.8270294666290283 358
3.8343396186828613 358
3.843010902404785 358
3.8522164821624756 358
3.861368417739868 358
3.8696846961975098 358
3.878122329711914 358
3.8861331939697266 358
3.8951547145843506 358
3.90409779548645 358
3.912743330001831 358
3.922776460647583 358
3.9317336082458496 358
3.939966917037964 358
3.948397397994995 358
3.958319902420044 358
3.966799736022949 358
3.97419810295105 358
3.9829835891723633 358
3.9919097423553467 358
4.001429080963135 358
4.0096821784973145 358
4.018263816833496 358
4.028834819793701 358
4.037188768386841 358
4.044525861740112 358
4.0541462898254395 358
4.063327074050903 358
4.071646690368652 358
4.079900503158569 358
4.0883259773254395 358
4.09747838973999 358
4.106896638870239 358
4.114223957061768 358
4.1258275508880615 358
4.133635997772217 358
4.141960144042969 358
4.150320053100586 358
4.160372734069824 358
4.169982194900513 358
4.178456544876099 358
4.186952590942383 358
4.199673652648926 358
4.209179639816284 358
4.217659950256348 358
4.227099180221558 358
4.234379529953003 358
4.243011474609375 358
4.25128173828125 358
4.261081695556641 358
4.269457101821899 358
4.277884483337402 358
4.2861082553863525 358
4.294366359710693 358
4.303057670593262 358
4.312166690826416 358
4.320474147796631 358
4.330089330673218 358
4.338929176330566 358
4.347181558609009 358
4.357071161270142 358
4.3643574714660645 358
4.373003959655762 358
4.381256580352783 358
4.390190601348877 358
4.399096727371216 358
4.408432245254517 358
4.416949987411499 358
4.4268248081207275 358
4.435532569885254 358
4.443353176116943 358
4.451600790023804 358
4.461867094039917 358
4.470109701156616 358
4.478819370269775 358
4.4874818325042725 358
4.495681524276733 358
4.503486394882202 358
4.512967824935913 358
4.522816181182861 358
4.531043529510498 358
4.53960108757019 358
4.547849178314209 358
4.557149648666382 358
4.566128253936768 358
4.573888540267944 358
4.582368612289429 358
4.5956034660339355 358
4.603898763656616 358
4.6135759353637695 358
4.62376070022583 358
4.632033348083496 358
4.64127779006958 358
4.649614572525024 358
4.65852165222168 357
4.668206691741943 357
4.676978826522827 357
4.687711954116821 357
4.695889711380005 358
4.704023838043213 358
4.713796854019165 358
4.723762035369873 357
4.732194662094116 357
4.7403388023376465 356
4.749117136001587 357
4.758276700973511 357
4.767615556716919 358
4.7759199142456055 358
4.783740043640137 357
4.792744398117065 356
4.801676511764526 356
4.81164026260376 357
4.823119401931763 358
4.831459283828735 358
4.840222358703613 358
4.848926305770874 357
4.857829570770264 356
4.867392539978027 356
4.875587463378906 357
4.88359522819519 358
4.892878293991089 358
4.901126146316528 357
4.909561395645142 356
4.919833660125732 356
4.9294657707214355 356
4.937906980514526 357
4.9465086460113525 358
4.9544618129730225 358
4.963104248046875 358
4.972244739532471 357
4.980412006378174 356
4.98977518081665 356
