0 0
0.014664649963378906 0
0.03368425369262695 0
0.0518336296081543 2
0.07116270065307617 6
0.0877220630645752 12
0.09599566459655762 16
0.10469293594360352 18
0.11293220520019531 20
0.12150883674621582 21
0.12984848022460938 23
0.13941359519958496 25
0.14770054817199707 28
0.15559124946594238 29
0.16504240036010742 31
0.17331647872924805 33
0.18163132667541504 35
0.19188380241394043 38
0.20078635215759277 40
0.20919203758239746 42
0.21741271018981934 44
0.2259814739227295 46
0.2347099781036377 48
0.2438209056854248 50
0.25328516960144043 51
0.2616863250732422 53
0.2712595462799072 55
0.27962422370910645 57
0.2878844738006592 59
0.2973289489746094 62
0.3051338195800781 63
0.3134629726409912 64
0.3219590187072754 66
0.3306891918182373 67
0.33907365798950195 68
0.34917449951171875 70
0.35753822326660156 73
0.3660411834716797 75
0.37479090690612793 77
0.38924741744995117 78
0.3989565372467041 79
0.4062790870666504 80
0.415757417678833 82
0.4242744445800781 85
0.43483591079711914 88
0.44489312171936035 89
0.4538142681121826 90
0.4623551368713379 92
0.47162890434265137 93
0.4808056354522705 96
0.48914098739624023 97
0.49881744384765625 98
0.5062255859375 99
0.5157599449157715 102
0.5241420269012451 103
0.5323050022125244 105
0.5409502983093262 106
0.5510048866271973 108
0.5594081878662109 109
0.5687296390533447 111
0.5762007236480713 112
0.5855727195739746 113
0.5950331687927246 116
0.6034419536590576 118
0.6123402118682861 119
0.6211559772491455 119
0.6294746398925781 120
0.6378061771392822 121
0.6478798389434814 124
0.6557159423828125 126
0.6651499271392822 126
0.6734755039215088 128
0.6822633743286133 128
0.6909828186035156 130
0.7002396583557129 132
0.7088356018066406 134
0.7176380157470703 137
0.7254636287689209 138
0.7337570190429688 138
0.7422356605529785 139
0.7532250881195068 141
0.7623152732849121 142
0.7715427875518799 144
0.7800285816192627 146
0.7920691967010498 148
0.8018929958343506 148
0.8108677864074707 148
0.8193063735961914 149
0.8275120258331299 150
0.8353502750396729 151
0.8438141345977783 153
0.8532915115356445 155
0.8617520332336426 156
0.8718600273132324 157
0.8803141117095947 158
0.8888463973999023 158
0.896195650100708 160
0.9059083461761475 162
0.9147300720214844 163
0.9232892990112305 164
0.9316182136535645 165
0.9409334659576416 166
0.9496910572052002 167
0.9591648578643799 168
0.968320369720459 170
0.9769546985626221 172
0.9888606071472168 172
0.9962954521179199 173
1.0061571598052979 174
1.0147991180419922 176
1.023716688156128 178
1.032071590423584 178
1.04095458984375 179
1.0499539375305176 179
1.0593583583831787 180
1.0694060325622559 182
1.077653408050537 183
1.0855066776275635 184
1.0949091911315918 186
1.1041595935821533 186
1.1133224964141846 186
1.1216650009155273 188
1.1302180290222168 189
1.1393883228302002 190
1.1475796699523926 191
1.1562159061431885 192
1.1661629676818848 193
1.1748769283294678 194
1.1831581592559814 194
1.1957359313964844 196
1.2053148746490479 196
1.2138018608093262 197
1.2222332954406738 198
1.2313871383666992 199
1.239992380142212 200
1.2483580112457275 201
1.2576963901519775 203
1.270958423614502 203
1.2794687747955322 203
1.2878005504608154 204
1.2957730293273926 206
1.3043124675750732 207
1.3136918544769287 208
1.32192063331604 208
1.3311667442321777 208
1.3396506309509277 209
1.3479316234588623 210
1.3558037281036377 211
1.366182804107666 212
1.3749489784240723 212
1.3833966255187988 213
1.3916797637939453 214
1.400237798690796 216
1.4096577167510986 216
1.4185771942138672 217
1.4261040687561035 217
1.4348547458648682 218
1.4431359767913818 218
1.4528117179870605 220
1.4662516117095947 220
1.4789040088653564 220
1.4903087615966797 221
1.5015108585357666 224
1.51487398147583 225
1.5262081623077393 226
1.5389220714569092 224
1.550710678100586 224
1.5600981712341309 225
1.5707144737243652 226
1.5792498588562012 228
1.5919017791748047 230
1.6007976531982422 230
1.609834909439087 230
1.619469404220581 230
1.6277797222137451 230
1.6363050937652588 232
1.6452374458312988 234
1.6536450386047363 236
1.6621756553649902 236
1.6718285083770752 236
1.6807029247283936 237
1.6890265941619873 238
1.696887493133545 238
1.7052669525146484 238
1.7147269248962402 239
1.7230720520019531 240
1.7314162254333496 241
1.7397077083587646 242
1.7479329109191895 242
1.7557532787322998 241
1.7662384510040283 240
1.7750234603881836 241
1.7832801342010498 242
1.7922635078430176 243
1.800898551940918 243
1.8092899322509766 243
1.8189976215362549 243
1.827577829360962 244
1.8354406356811523 245
1.8438303470611572 246
1.8521015644073486 247
1.8614280223846436 247
1.8722448348999023 248
1.8810267448425293 247
1.8894543647766113 247
1.8976778984069824 248
1.9055538177490234 248
1.913835048675537 250
1.9231493473052979 250
1.931485891342163 250
1.940093755722046 249
1.9487159252166748 250
1.956089973449707 251
1.9676570892333984 252
1.9761855602264404 252
1.984848976135254 252
1.9963319301605225 252
2.0069468021392822 254
2.015399932861328 254
2.0251336097717285 256
2.033449649810791 256
2.0417044162750244 256
2.0501208305358887 256
2.058729887008667 256
2.067798376083374 257
2.0774338245391846 259
2.0853230953216553 260
2.0935933589935303 260
2.1018595695495605 260
2.1103243827819824 260
2.118910789489746 260
2.1279165744781494 261
2.1360254287719727 262
2.1447317600250244 262
2.1531336307525635 263
2.161468505859375 262
2.1709516048431396 262
2.18058443069458 262
2.188817262649536 263
2.196150779724121 264
2.2049832344055176 265
2.2133514881134033 265
2.2215943336486816 264
2.231304168701172 264
2.239718437194824 264
2.2479310035705566 266
2.2558202743530273 266
2.265747547149658 268
2.2751731872558594 268
2.283613681793213 266
2.2929372787475586 266
2.301482915878296 266
2.309843063354492 268
2.318315267562866 268
2.32751727104187 268
2.3354439735412598 268
2.343712091445923 268
2.351922035217285 269
2.36088490486145 270
2.370011329650879 270
2.379329204559326 270
2.387486219406128 270
2.399844169616699 270
2.40796160697937 270
2.416123390197754 271
2.425856113433838 272
2.434610366821289 272
2.4428420066833496 271
2.451296806335449 271
2.4599599838256836 272
2.4696297645568848 273
2.481161117553711 273
2.4894139766693115 274
2.498283624649048 274
2.5058748722076416 274
2.514310598373413 273
2.522834539413452 273
2.5318362712860107 274
2.540823221206665 275
2.549180030822754 275
2.5578625202178955 275
2.5662693977355957 274
2.575601577758789 274
2.585108757019043 275
2.593667507171631 276
2.6020889282226562 276
2.6114158630371094 276
2.619659662246704 276
2.6278717517852783 275
2.639153003692627 276
2.6469643115997314 276
2.655179262161255 277
2.665010452270508 277
2.6750149726867676 277
2.684924364089966 276
2.6933138370513916 276
2.701564311981201 276
2.7106637954711914 276
2.7190747261047363 277
2.727381467819214 278
2.7360117435455322 278
2.744696855545044 278
2.7530877590179443 277
2.7614543437957764 276
2.7707674503326416 277
2.7791953086853027 278
2.788811683654785 278
2.801514148712158 279
2.810182571411133 278
2.818760633468628 277
2.8262014389038086 277
2.835728883743286 278
2.8446297645568848 278
2.8530969619750977 279
2.8617501258850098 278
2.8717379570007324 278
2.8801729679107666 278
2.8899970054626465 278
2.8986425399780273 279
2.9061055183410645 280
2.914835214614868 280
2.923093795776367 280
2.9314093589782715 279
2.940960645675659 279
2.9491913318634033 279
2.9574997425079346 280
2.965994119644165 280
2.9746153354644775 280
2.9850823879241943 280
2.993399143218994 280
3.0017611980438232 281
3.0102198123931885 281
3.018857955932617 281
3.0261335372924805 281
3.0347630977630615 281
3.043801784515381 281
3.0520317554473877 281
3.0606675148010254 282
3.0700154304504395 282
3.0787012577056885 282
3.0876731872558594 281
3.0956130027770996 281
3.1038849353790283 281
3.112217664718628 282
3.1209709644317627 282
3.1291913986206055 282
3.1389102935791016 282
3.146162271499634 282
3.1547725200653076 282
3.1632161140441895 282
3.172952890396118 282
3.181260824203491 282
3.1907272338867188 282
3.204249382019043 282
3.2126431465148926 282
3.221191644668579 282
3.2294857501983643 283
3.2399532794952393 283
3.248232364654541 282
3.255936622619629 282
3.270141363143921 282
3.2786030769348145 282
3.2858893871307373 283
3.303159236907959 284
3.3116295337677 284
3.321000814437866 283
3.331016778945923 282
3.3402414321899414 282
3.3495521545410156 282
3.357805013656616 283
3.3669514656066895 284
3.375725269317627 284
3.3855772018432617 283
3.395292282104492 282
3.4047343730926514 282
3.4130189418792725 282
3.4213082790374756 282
3.4297077655792236 283
3.439113140106201 284
3.4487380981445312 283
3.4562015533447266 283
3.465684652328491 283
3.474740505218506 283
3.482940912246704 284
3.491419553756714 284
3.5015554428100586 284
3.510185480117798 283
3.5186920166015625 282
3.5261847972869873 282
3.535306215286255 283
3.5482685565948486 284
3.5599730014801025 284
3.573235034942627 282
3.584291458129883 280
3.6035919189453125 279
3.6152119636535645 280
3.625009059906006 282
3.6345956325531006 284
3.642927885055542 284
3.6521995067596436 283
3.660970687866211 283
3.670801877975464 282
3.6793503761291504 283
3.6876702308654785 284
3.6956069469451904 284
3.713632822036743 282
3.722109317779541 281
3.7309916019439697 280
3.741368293762207 280
3.7509286403656006 280
3.759387254714966 281
3.7694313526153564 282
3.777658700942993 282
3.7854440212249756 282
3.793745279312134 282
3.80370831489563 282
3.811945915222168 282
3.820638656616211 282
3.828869104385376 282
3.8373923301696777 281
3.8453025817871094 281
3.854818820953369 281
3.865091323852539 281
3.874073028564453 281
3.88219952583313 281
3.8919293880462646 281
3.9045941829681396 280
3.9128475189208984 280
3.92496919631958 281
3.933821201324463 281
3.9420173168182373 281
3.9508113861083984 280
3.960122585296631 280
3.9713125228881836 280
3.9799702167510986 280
3.988223075866699 280
4.00144362449646 280
4.011052370071411 280
4.021283388137817 280
4.0303449630737305 279
4.041276693344116 278
4.049649477005005 278
4.059174060821533 279
4.069085121154785 279
4.077336549758911 279
4.085310697555542 278
4.093695163726807 278
4.103039026260376 278
4.112109184265137 278
4.120872735977173 279
4.129141330718994 278
4.1385722160339355 278
4.146108150482178 278
4.155630588531494 278
4.165688514709473 278
4.173882007598877 278
4.1820738315582275 277
4.1909167766571045 277
4.199542760848999 277
4.209064960479736 277
4.216859817504883 277
4.225250959396362 277
4.234049320220947 277
4.242194175720215 277
4.250799179077148 276
4.260295867919922 276
4.269618272781372 276
4.277820587158203 276
4.285773277282715 276
4.2941107749938965 276
4.302845001220703 276
4.312026500701904 275
4.320775985717773 275
4.329028606414795 275
4.3377954959869385 275
4.346262693405151 275
4.357351064682007 274
4.367993593215942 274
4.375828981399536 273
4.385577201843262 273
4.394686698913574 274
4.4115681648254395 274
4.420228004455566 273
4.430708646774292 272
4.439076662063599 272
4.446911096572876 272
4.455770015716553 272
4.4676313400268555 272
4.475446939468384 272
4.483764171600342 272
4.49203085899353 272
4.50147008895874 271
4.510036468505859 270
4.519613027572632 270
4.527885675430298 271
4.536196708679199 272
4.54591178894043 272
4.554550886154175 272
4.56491231918335 272
4.573154926300049 271
4.581761598587036 270
4.590334415435791 270
4.599506139755249 271
4.607927083969116 272
4.617431640625 272
4.6256890296936035 271
4.634893178939819 270
4.6433234214782715 269
4.6516945362091064 268
4.660245656967163 268
4.6712939739227295 269
4.6797003746032715 270
4.688293695449829 270
4.696288108825684 269
4.70522141456604 269
4.713651657104492 268
4.723148345947266 268
4.732851505279541 269
4.741461753845215 269
4.749736070632935 268
4.758719444274902 267
4.769457817077637 267
4.777714490890503 267
4.785466432571411 268
4.794789791107178 268
4.807926893234253 267
4.817572832107544 265
4.825810432434082 265
4.835369348526001 265
4.84368109703064 265
4.851912975311279 265
4.861130714416504 265
4.8716721534729 264
4.880650997161865 264
4.8889830112457275 263
4.897931098937988 263
4.905750036239624 263
4.914107799530029 264
4.923684358596802 264
4.939163684844971 262
4.94748067855835 261
4.955399036407471 260
4.965259313583374 260
4.974818706512451 261
4.983242750167847 262
4.993554592132568 262
