0 0
0.012353897094726562 0
0.029796838760375977 0
0.05079245567321777 3
0.07479119300842285 10
0.1047060489654541 24
0.11706924438476562 29
0.1306743621826172 34
0.14186835289001465 36
0.15580534934997559 39
0.1672060489654541 42
0.1759500503540039 44
0.18423700332641602 47
0.1929934024810791 50
0.2017979621887207 52
0.21110939979553223 54
0.2197887897491455 56
0.22908592224121094 60
0.23689889907836914 62
0.2453610897064209 64
0.25345802307128906 66
0.2637667655944824 68
0.2721996307373047 70
0.2806215286254883 73
0.2896690368652344 75
0.29720377922058105 77
0.30595874786376953 80
0.31516361236572266 82
0.32487058639526367 84
0.33310770988464355 86
0.3419981002807617 88
0.3504219055175781 90
0.36095714569091797 93
0.3693232536315918 94
0.3769509792327881 96
0.38567638397216797 98
0.3945763111114502 100
0.4029805660247803 102
0.4125022888183594 105
0.4217848777770996 108
0.43199825286865234 109
0.440387487411499 110
0.45261406898498535 112
0.46323704719543457 116
0.47290992736816406 119
0.4819004535675049 120
0.4910452365875244 122
0.4993619918823242 124
0.5070195198059082 126
0.5166728496551514 127
0.5268590450286865 129
0.5353612899780273 130
0.543450117111206 132
0.5522422790527344 134
0.5628507137298584 137
0.5713930130004883 139
0.5801410675048828 141
0.5893599987030029 142
0.5970489978790283 144
0.6057956218719482 145
0.6151266098022461 148
0.6249229907989502 149
0.6332261562347412 150
0.6420400142669678 151
0.6504011154174805 152
0.6597881317138672 155
0.6690526008605957 158
0.6769025325775146 159
0.6853621006011963 160
0.6944100856781006 161
0.7049612998962402 163
0.7144424915313721 166
0.7244715690612793 168
0.7328395843505859 170
0.7417280673980713 171
0.751704216003418 172
0.7609357833862305 173
0.770270824432373 174
0.7784819602966309 176
0.7867732048034668 179
0.795184850692749 180
0.8033387660980225 180
0.8120663166046143 181
0.8221092224121094 182
0.8313450813293457 184
0.8399162292480469 186
0.8539412021636963 189
0.8625152111053467 190
0.8726527690887451 190
0.8813824653625488 190
0.8905975818634033 190
0.8988966941833496 192
0.9067740440368652 194
0.9151239395141602 196
0.9258856773376465 197
0.9342367649078369 197
0.9428410530090332 198
0.9520280361175537 198
0.9604842662811279 200
0.9704604148864746 202
0.9786934852600098 203
0.9901299476623535 204
0.9979627132415771 204
1.0063800811767578 205
1.014735460281372 207
1.0257575511932373 208
1.0340042114257812 210
1.0425355434417725 211
1.051861047744751 212
1.0603735446929932 213
1.0686113834381104 214
1.0785818099975586 216
1.0868477821350098 217
1.095348596572876 218
1.1034533977508545 218
1.1122386455535889 219
1.1225895881652832 221
1.1319799423217773 222
1.1402370929718018 223
1.148454189300537 224
1.1569552421569824 224
1.1657156944274902 225
1.1748225688934326 226
1.1843092441558838 227
1.1926653385162354 228
1.2011363506317139 230
1.209409236907959 230
1.2186062335968018 230
1.2288553714752197 232
1.236788034439087 234
1.2510814666748047 236
1.2599585056304932 236
1.2674560546875 236
1.278601884841919 236
1.2870731353759766 237
1.2958152294158936 238
1.3042716979980469 239
1.3126182556152344 240
1.3218536376953125 241
1.3318986892700195 242
1.340285062789917 242
1.3494024276733398 243
1.3570022583007812 244
1.3659069538116455 245
1.3741846084594727 246
1.384809970855713 247
1.3931903839111328 247
1.401947259902954 248
1.4102694988250732 248
1.4197614192962646 249
1.4304149150848389 250
1.4387073516845703 252
1.4465584754943848 253
1.455371618270874 254
1.4637603759765625 254
1.472231149673462 254
1.482614278793335 254
1.4919719696044922 256
1.5013911724090576 258
1.5099761486053467 259
1.5189101696014404 260
1.529855728149414 260
1.5371339321136475 260
1.5459656715393066 261
1.554642677307129 263
1.5629074573516846 264
1.5713653564453125 265
1.5814552307128906 266
1.589968204498291 266
1.5973801612854004 265
1.6062462329864502 265
1.6149485111236572 266
1.6234264373779297 267
1.6333751678466797 269
1.6420109272003174 269
1.6551704406738281 269
1.6641201972961426 269
1.6725966930389404 269
1.682748794555664 269
1.6919660568237305 270
1.7003881931304932 272
1.7085952758789062 274
1.7170331478118896 275
1.7267420291900635 275
1.736283540725708 275
1.7446057796478271 275
1.753744125366211 276
1.7621939182281494 277
1.7705183029174805 278
1.7787549495697021 278
1.7894506454467773 279
1.7970340251922607 278
1.8058860301971436 279
1.814875602722168 280
1.823298454284668 280
1.833296775817871 280
1.8420989513397217 280
1.8511989116668701 282
1.8597445487976074 282
1.867109775543213 283
1.8758282661437988 283
1.885828971862793 284
1.8947484493255615 284
1.9031741619110107 284
1.9120020866394043 285
1.9210865497589111 286
1.930391788482666 287
1.9400081634521484 288
1.9485678672790527 288
1.9564127922058105 287
1.9649560451507568 287
1.974372386932373 288
1.983147144317627 289
1.992734670639038 290
2.0051214694976807 290
2.014561414718628 291
2.0243191719055176 292
2.0333404541015625 292
2.0429296493530273 293
2.056638717651367 292
2.0651185512542725 291
2.073892116546631 292
2.082710027694702 292
2.0929887294769287 294
2.1026432514190674 294
2.1118369102478027 294
2.1201412677764893 293
2.1291186809539795 294
2.1385390758514404 295
2.151228904724121 297
2.1626408100128174 298
2.1739394664764404 298
2.1858396530151367 298
2.19980525970459 297
2.2120614051818848 298
2.2244815826416016 300
2.235799789428711 301
2.2456724643707275 302
2.253916025161743 301
2.262533664703369 301
2.2708301544189453 301
2.280083656311035 302
2.288005828857422 302
2.297299385070801 303
2.30668568611145 303
2.3159637451171875 303
2.3252110481262207 304
2.333446979522705 304
2.342912435531616 305
2.352151393890381 305
2.360450267791748 305
2.368591785430908 305
2.377013921737671 306
2.385936737060547 306
2.395167827606201 307
2.404189109802246 307
2.412930965423584 307
2.4214141368865967 307
2.431919813156128 307
2.440352201461792 308
2.454843521118164 309
2.46317720413208 310
2.472012519836426 310
2.481173515319824 310
2.4894540309906006 310
2.4986419677734375 310
2.507002592086792 310
2.5171031951904297 311
2.5265002250671387 312
2.5348238945007324 312
2.5443198680877686 312
2.553331136703491 312
2.562141180038452 312
2.570420026779175 312
2.57906174659729 312
2.5868589878082275 313
2.595250129699707 314
2.604578733444214 314
2.6132924556732178 314
2.6220624446868896 313
2.6317243576049805 313
2.639941930770874 314
2.6499130725860596 314
2.657245397567749 315
2.6659433841705322 315
2.674208879470825 315
2.683090925216675 315
2.691901445388794 315
2.701084852218628 315
2.7098910808563232 316
2.718653678894043 316
2.7271294593811035 316
2.735792875289917 316
2.744671583175659 316
2.7539966106414795 317
2.7624053955078125 318
2.7707321643829346 318
2.7800090312957764 317
2.7873919010162354 317
2.796119213104248 316
2.805884838104248 318
2.8146417140960693 318
2.8286147117614746 318
2.8364057540893555 317
2.845801830291748 316
2.8606221675872803 318
2.868997812271118 319
2.877237319946289 320
2.886082887649536 320
2.8943560123443604 320
2.9037134647369385 320
2.912891387939453 319
2.922214984893799 320
2.9312984943389893 320
2.940488815307617 321
2.94879150390625 321
2.9580299854278564 321
2.966190814971924 321
2.975172519683838 321
2.9834353923797607 321
2.992117404937744 322
3.0005099773406982 322
3.010685920715332 322
3.0200536251068115 321
3.031214714050293 321
3.040050506591797 321
3.0474162101745605 322
3.056938886642456 322
3.0653538703918457 322
3.074587821960449 322
3.082974910736084 322
3.091433525085449 322
3.100043535232544 323
3.1100516319274902 323
3.117405652999878 323
3.1270692348480225 323
3.1357228755950928 323
3.144554853439331 323
3.152803659439087 323
3.162548303604126 324
3.170970916748047 324
3.1801326274871826 324
3.187417507171631 324
3.1960906982421875 324
3.2043237686157227 324
3.2142584323883057 324
3.2228047847747803 324
3.2322192192077637 325
3.2410502433776855 325
3.2533864974975586 325
3.263096809387207 325
3.2723512649536133 325
3.2810564041137695 325
3.2893385887145996 325
3.2969329357147217 325
3.3064472675323486 326
3.315934658050537 325
3.3249051570892334 324
3.3340559005737305 324
3.3428897857666016 325
3.3517374992370605 326
3.360766887664795 327
3.3690309524536133 326
3.3841564655303955 324
3.3926477432250977 323
3.401339292526245 323
3.41133713722229 323
3.4198191165924072 324
3.4303627014160156 324
3.4393904209136963 325
3.4471068382263184 324
3.455817461013794 324
3.4651412963867188 324
3.474468946456909 324
3.482805013656616 324
3.491353988647461 324
3.4998185634613037 324
3.508430004119873 324
3.5170843601226807 325
3.5267763137817383 325
3.537196636199951 325
3.54589581489563 324
3.5543203353881836 324
3.563710927963257 324
3.572620391845703 325
3.581204891204834 326
3.5898587703704834 325
3.597294569015503 325
3.60690975189209 324
3.616490364074707 325
3.625993013381958 326
3.637167453765869 326
3.6460516452789307 326
3.658607244491577 325
3.6672983169555664 324
3.6767168045043945 325
3.6854121685028076 326
3.694389581680298 326
3.703695058822632 326
3.712172031402588 326
3.7213191986083984 326
3.7307775020599365 326
3.7402758598327637 326
3.748433828353882 326
3.756269931793213 326
3.76584792137146 326
3.774726629257202 326
3.7830042839050293 326
3.791438102722168 326
3.7999541759490967 326
3.8087127208709717 326
3.817312717437744 326
3.83073091506958 326
3.8409688472747803 327
3.849318265914917 327
3.8569397926330566 326
3.865891456604004 326
3.8757359981536865 326
3.886131525039673 326
3.8952465057373047 326
3.9045486450195312 327
3.912926197052002 327
3.922569990158081 327
3.931978225708008 327
3.942460298538208 326
3.9509637355804443 326
3.959049940109253 327
3.96699857711792 327
3.9766976833343506 327
3.9852044582366943 326
3.993452548980713 326
4.00290060043335 326
4.011342763900757 326
4.0205912590026855 326
4.029952764511108 326
4.038492918014526 326
4.046329975128174 326
4.0586934089660645 326
4.067411661148071 326
4.076975345611572 326
4.085781812667847 326
4.094014883041382 326
4.102980613708496 326
4.111429214477539 326
4.120048999786377 326
4.130234718322754 326
4.138983964920044 326
4.146846771240234 326
4.155226469039917 326
4.163333892822266 326
4.1733973026275635 326
4.18217658996582 326
4.190451145172119 326
4.198620796203613 326
4.206862688064575 326
4.215219259262085 326
4.227419376373291 326
4.241239786148071 326
4.253167390823364 326
4.2647881507873535 326
4.278831958770752 326
4.290130615234375 326
4.301885604858398 326
4.3101654052734375 326
4.317976236343384 326
4.328063011169434 326
4.336935997009277 326
4.3453474044799805 326
4.35429310798645 326
4.362686634063721 326
4.371778964996338 326
4.381134748458862 326
4.389408588409424 326
4.3969621658325195 326
4.406043291091919 326
4.414303541183472 326
4.42269492149353 326
4.434453248977661 326
4.4427266120910645 326
4.452829837799072 326
4.466916561126709 326
4.475711107254028 326
4.485188007354736 326
4.493301868438721 326
4.502358675003052 326
4.510781288146973 326
4.51904296875 326
4.5291078090667725 326
4.537378311157227 326
4.546215057373047 326
4.55602502822876 326
4.564887285232544 326
4.573110818862915 326
4.5826027393341064 326
4.590965986251831 326
4.6000847816467285 326
4.607397794723511 326
4.616091012954712 326
4.625237464904785 326
4.6349709033966064 326
4.643310308456421 326
4.6519622802734375 326
4.6609718799591064 326
4.669822931289673 326
4.677155017852783 326
4.686670780181885 326
4.696238040924072 326
4.7052507400512695 326
4.713393211364746 326
4.722194194793701 326
4.733047723770142 326
4.741739273071289 326
4.7500739097595215 326
4.757365703582764 326
4.766613245010376 326
4.77511191368103 326
4.784651756286621 326
4.792935609817505 326
4.802233695983887 326
4.810487747192383 326
4.81868839263916 326
4.828709125518799 326
4.838482141494751 326
4.846420049667358 326
4.854753494262695 326
4.8690032958984375 326
4.876974105834961 326
4.886554718017578 326
4.894856691360474 326
4.904237747192383 326
4.912534236907959 326
4.920825004577637 326
4.93079686164856 326
4.940411329269409 326
4.9485883712768555 326
4.956380128860474 326
4.967085361480713 326
4.975834846496582 326
4.984013557434082 326
4.99308967590332 326
