0 0
0.015947341918945312 0
0.03365182876586914 0
0.05273246765136719 2
0.06957244873046875 5
0.08790946006774902 13
0.09798526763916016 17
0.1065835952758789 21
0.1140279769897461 25
0.12371230125427246 31
0.13220739364624023 36
0.14182162284851074 42
0.15016555786132812 47
0.15917539596557617 53
0.16759538650512695 60
0.1759016513824463 65
0.18381786346435547 71
0.1939544677734375 78
0.2028341293334961 84
0.21132373809814453 90
0.21969962120056152 97
0.23276686668395996 107
0.2420666217803955 115
0.2506227493286133 121
0.26256346702575684 135
0.2794463634490967 143
0.28991079330444336 152
0.299699068069458 160
0.30827975273132324 167
0.31700754165649414 173
0.3274343013763428 183
0.33586764335632324 189
0.3477926254272461 199
0.35712718963623047 205
0.36546945571899414 213
0.3734009265899658 219
0.38211917877197266 227
0.39144444465637207 235
0.4016289710998535 243
0.41000866889953613 250
0.4188058376312256 256
0.42876434326171875 265
0.43732690811157227 271
0.4470384120941162 279
0.45618581771850586 288
0.46386003494262695 294
0.47274208068847656 301
0.4811999797821045 306
0.4898037910461426 312
0.5001235008239746 317
0.508805513381958 321
0.5236070156097412 327
0.5395169258117676 331
0.5572280883789062 335
0.5740451812744141 341
0.5995380878448486 348
0.6098520755767822 351
0.627556562423706 353
0.6435952186584473 351
0.6553714275360107 350
0.6634676456451416 349
0.6771881580352783 349
0.6857914924621582 350
0.6938331127166748 351
0.7066476345062256 353
0.7140319347381592 353
0.7240238189697266 353
0.7328202724456787 353
0.741269588470459 355
0.7506062984466553 355
0.7611308097839355 355
0.7694272994995117 355
0.777813196182251 356
0.7867634296417236 357
0.7941741943359375 357
0.8038504123687744 357
0.8130316734313965 357
0.8234713077545166 357
0.8316876888275146 357
0.839921236038208 357
0.8486456871032715 358
0.8586604595184326 359
0.8670463562011719 359
0.8748552799224854 359
0.8830480575561523 359
0.8919520378112793 359
0.900054931640625 359
0.9100146293640137 359
0.91971755027771 359
0.9291977882385254 358
0.937631368637085 358
0.9458355903625488 359
0.9557971954345703 359
0.9635810852050781 359
0.9719233512878418 359
0.9801316261291504 359
0.9895355701446533 359
0.9979779720306396 359
1.0072870254516602 359
1.0161895751953125 359
1.0255794525146484 359
1.0334019660949707 359
1.0417931079864502 359
1.0510692596435547 359
1.060119867324829 359
1.0732359886169434 359
1.0816328525543213 359
1.0910100936889648 359
1.0995781421661377 359
1.1089584827423096 359
1.1186325550079346 359
1.1275742053985596 359
1.13582181930542 359
1.143596887588501 359
1.1529021263122559 359
1.1625697612762451 359
1.1707520484924316 359
1.1790859699249268 359
1.1878242492675781 359
1.1958966255187988 359
1.203639268875122 359
1.2130956649780273 359
1.2297489643096924 359
1.2390892505645752 359
1.262772560119629 359
1.2813916206359863 359
1.3037872314453125 359
1.3196024894714355 359
1.3431813716888428 359
1.353135585784912 359
1.3627469539642334 359
1.3711447715759277 359
1.3795278072357178 359
1.3887412548065186 359
1.3971736431121826 359
1.4138808250427246 359
1.4386675357818604 358
1.4534575939178467 357
1.493666410446167 363
1.529709815979004 372
1.5427002906799316 374
1.5558197498321533 375
1.5680012702941895 374
1.5767395496368408 373
1.5861992835998535 370
1.5940024852752686 368
1.6027228832244873 367
1.6110427379608154 366
1.6233055591583252 366
1.632652997970581 366
1.6412041187286377 365
1.6498818397521973 364
1.6586682796478271 363
1.6679136753082275 363
1.6762363910675049 363
1.6853604316711426 362
1.693221092224121 362
1.7017760276794434 361
1.7100975513458252 361
1.720266580581665 361
1.7294108867645264 361
1.7378344535827637 360
1.7469854354858398 359
1.7548699378967285 359
1.7632403373718262 359
1.772813320159912 359
1.7817046642303467 359
1.7899322509765625 359
1.7986021041870117 359
1.8068861961364746 359
1.815596580505371 358
1.8269565105438232 358
1.8356304168701172 358
1.843449592590332 358
1.8525111675262451 358
1.8606157302856445 358
1.8740551471710205 358
1.883528470993042 358
1.8919868469238281 358
1.900646448135376 358
1.909083366394043 358
1.9180428981781006 358
1.9280476570129395 358
1.9371147155761719 358
1.945552110671997 358
1.953369140625 358
1.961653709411621 358
1.969925880432129 358
1.9798872470855713 358
1.9885578155517578 358
1.9969887733459473 358
2.0069169998168945 358
2.015700340270996 357
2.0265681743621826 357
2.0339131355285645 358
2.043149709701538 359
2.052119016647339 359
2.060786485671997 358
2.0692427158355713 357
2.0794906616210938 356
2.08801531791687 357
2.0965847969055176 357
2.1040728092193604 358
2.113391637802124 358
2.1230435371398926 358
2.1354713439941406 357
2.1448826789855957 357
2.1530535221099854 357
2.1614902019500732 357
2.1697614192962646 358
2.1800308227539062 358
2.1887481212615967 358
2.1969845294952393 357
2.204907178878784 357
2.213794708251953 357
2.231677293777466 357
2.24120831489563 357
2.2501919269561768 357
2.2591214179992676 357
2.267401933670044 357
2.2826223373413086 357
2.291151523590088 357
2.299671173095703 357
2.3080849647521973 357
2.3172335624694824 357
2.326685905456543 357
2.335745096206665 357
2.3473849296569824 357
2.355558395385742 357
2.3635661602020264 357
2.3719356060028076 357
2.381948947906494 357
2.3900821208953857 357
2.3987503051757812 357
2.4070558547973633 357
2.415902614593506 357
2.4252994060516357 357
2.433940887451172 357
2.4431049823760986 357
2.4519357681274414 357
2.46004319190979 357
2.4686851501464844 357
2.477473497390747 357
2.4869697093963623 357
2.4942684173583984 357
2.5029101371765137 357
2.5116629600524902 357
2.5200037956237793 357
2.529299736022949 357
2.5389552116394043 357
2.5486505031585693 357
2.5576138496398926 357
2.5658743381500244 357
2.573613166809082 357
2.5834336280822754 357
2.5916907787323 357
2.6000778675079346 357
2.6092991828918457 357
2.6176164150238037 357
2.626939058303833 356
2.636237382888794 356
2.6442184448242188 357
2.653470516204834 357
2.662201166152954 357
2.6702685356140137 357
2.6848111152648926 357
2.693132162094116 356
2.7016563415527344 356
2.7109763622283936 355
2.719407796859741 356
2.728778600692749 356
2.7379183769226074 356
2.7468342781066895 356
2.7540805339813232 356
2.762779474258423 357
2.771170139312744 357
2.78019642829895 356
2.789659023284912 355
2.798236608505249 355
2.807260751724243 355
2.8154571056365967 356
2.8254952430725098 357
2.8334312438964844 357
2.8437693119049072 356
2.853666067123413 355
2.862823486328125 355
2.8710501194000244 355
2.880272150039673 356
2.889847993850708 357
2.9008584022521973 357
2.9102060794830322 356
2.918977737426758 355
2.9282829761505127 355
2.9368457794189453 355
2.9467365741729736 356
2.9542012214660645 356
2.9635818004608154 357
2.971944808959961 356
2.9813225269317627 355
2.9906136989593506 355
2.99898624420166 355
3.00783371925354 356
3.0166759490966797 357
3.02554988861084 357
3.033348798751831 356
3.04339861869812 355
3.0518088340759277 355
3.0608081817626953 355
3.0692663192749023 356
3.0820584297180176 357
3.0916879177093506 357
3.1008830070495605 356
3.109868288040161 355
3.1186623573303223 355
3.127659559249878 355
3.13584303855896 355
3.145953893661499 356
3.1538736820220947 356
3.163130521774292 356
3.171408176422119 355
3.180128335952759 355
3.188751220703125 355
3.1981184482574463 355
3.2071220874786377 355
3.214904308319092 356
3.2240147590637207 356
3.2326812744140625 355
3.24206280708313 355
3.2521209716796875 355
3.260606050491333 355
3.269495725631714 355
3.278648853302002 355
3.286921977996826 355
3.295924186706543 356
3.3038220405578613 355
3.3132293224334717 355
3.322812557220459 355
3.331134557723999 355
3.3401622772216797 355
3.349651336669922 355
3.3589208126068115 355
3.3693182468414307 355
3.3786709308624268 355
3.386915445327759 355
3.394185781478882 355
3.403961181640625 355
3.4142837524414062 355
3.4259214401245117 355
3.433952808380127 355
3.4435126781463623 355
3.45295786857605 355
3.4613215923309326 355
3.469568967819214 355
3.4820663928985596 355
3.4902942180633545 355
3.5000030994415283 355
3.5094473361968994 355
3.517665386199951 355
3.52701997756958 355
3.534794569015503 355
3.547151565551758 355
3.5599262714385986 355
3.572885036468506 355
3.593519449234009 355
3.6076483726501465 355
3.6190714836120605 355
3.632215976715088 355
3.6417784690856934 355
3.651308536529541 355
3.65958571434021 355
3.668001413345337 355
3.6780195236206055 355
3.686523675918579 355
3.693876266479492 355
3.70389461517334 355
3.712568759918213 355
3.7215983867645264 355
3.729872465133667 355
3.739227056503296 355
3.747471570968628 355
3.756988286972046 355
3.764265775680542 355
3.7735841274261475 355
3.7827465534210205 355
3.791041374206543 355
3.7994682788848877 355
3.809220790863037 355
3.8175110816955566 355
3.827481508255005 355
3.8365423679351807 355
3.8439040184020996 355
3.85337233543396 355
3.862760066986084 355
3.8729450702667236 355
3.8858871459960938 355
3.8938193321228027 354
3.923321008682251 353
3.9426918029785156 354
3.9659063816070557 358
3.9782283306121826 359
3.9998724460601807 357
4.011194229125977 355
4.021819353103638 353
4.030132055282593 352
4.039633274078369 353
4.048181533813477 353
4.0574939250946045 354
4.071998119354248 355
4.090312957763672 353
4.109904050827026 349
4.134221076965332 346
4.15692138671875 349
4.17386269569397 353
4.183850049972534 356
4.193155288696289 357
4.202567100524902 358
4.211724519729614 358
4.225735187530518 357
4.23422384262085 355
4.243116617202759 355
4.2514097690582275 355
4.2596752643585205 355
4.287940979003906 354
4.307891607284546 350
4.339372634887695 349
4.349191904067993 350
4.358781576156616 353
4.382876634597778 355
4.391834497451782 354
4.40252423286438 353
4.411001682281494 351
4.42058253288269 351
4.429584503173828 352
4.440783739089966 353
4.463507652282715 352
4.481487274169922 349
4.503153562545776 347
4.530084133148193 350
4.547404527664185 355
4.5557684898376465 357
4.563776969909668 359
4.576925754547119 360
4.584785461425781 360
4.593083620071411 359
4.602770090103149 358
4.6110546588897705 358
4.6225903034210205 357
4.632944822311401 356
4.641759157180786 355
4.657137632369995 355
4.675936460494995 357
4.698275566101074 355
4.725505590438843 346
4.74760365486145 344
4.763939142227173 344
4.7820656299591064 348
4.791318655014038 349
4.801174163818359 351
4.809588670730591 351
4.818215370178223 351
4.830880641937256 349
4.840082883834839 350
4.848846673965454 351
4.8572306632995605 351
4.866520643234253 351
4.87554669380188 351
4.883506774902344 351
4.8932812213897705 351
4.9028379917144775 351
4.9110496044158936 351
4.9194536209106445 352
4.930891036987305 353
4.939502716064453 353
4.94799280166626 352
4.956589698791504 351
4.964872360229492 351
4.973124027252197 351
4.98258638381958 352
4.991024017333984 353
4.9999778270721436 353
