0 0
0.012545347213745117 0
0.031054019927978516 0
0.0509035587310791 2
0.07056927680969238 7
0.08754324913024902 13
0.09633302688598633 17
0.10462689399719238 21
0.11291980743408203 26
0.12166571617126465 31
0.13022232055664062 35
0.13973546028137207 41
0.14888405799865723 48
0.1579756736755371 53
0.16631364822387695 60
0.17465949058532715 66
0.18316078186035156 73
0.19424891471862793 81
0.2021636962890625 85
0.21150469779968262 93
0.21989226341247559 98
0.22830820083618164 105
0.2379450798034668 112
0.24715328216552734 120
0.2631402015686035 133
0.2720170021057129 139
0.28157925605773926 147
0.29094433784484863 155
0.3001217842102051 161
0.3108103275299072 171
0.31905412673950195 177
0.3278017044067383 184
0.33620667457580566 191
0.3459787368774414 199
0.35562968254089355 207
0.36305904388427734 213
0.37514209747314453 223
0.38427114486694336 231
0.3929920196533203 238
0.4023318290710449 245
0.4115447998046875 253
0.41998910903930664 259
0.4285156726837158 267
0.4375190734863281 274
0.44771599769592285 283
0.45694732666015625 291
0.4655435085296631 297
0.4729917049407959 304
0.482407808303833 311
0.49210524559020996 319
0.5011119842529297 326
0.5102443695068359 332
0.5186059474945068 338
0.5274631977081299 342
0.5358445644378662 345
0.5464882850646973 350
0.5560836791992188 351
0.5642886161804199 353
0.5722553730010986 354
0.5814650058746338 354
0.5896739959716797 355
0.598834753036499 355
0.6081585884094238 356
0.6175277233123779 357
0.6257996559143066 358
0.63313889503479 358
0.6431262493133545 358
0.6570136547088623 358
0.6658689975738525 358
0.6736834049224854 359
0.6824779510498047 359
0.690814733505249 359
0.7003259658813477 359
0.7100739479064941 359
0.7183520793914795 359
0.7269091606140137 359
0.7351341247558594 359
0.7447123527526855 359
0.754145622253418 359
0.7619411945343018 359
0.7702147960662842 359
0.7789287567138672 359
0.7877101898193359 359
0.7968926429748535 359
0.8053956031799316 359
0.8145678043365479 359
0.8223404884338379 359
0.8308150768280029 359
0.8389570713043213 359
0.8509335517883301 359
0.8590943813323975 359
0.8676648139953613 359
0.8769774436950684 359
0.8858482837677002 359
0.8931143283843994 359
0.9025623798370361 359
0.912388801574707 359
0.9206712245941162 359
0.9308419227600098 359
0.9425783157348633 359
0.9568889141082764 359
0.9680531024932861 359
0.9798719882965088 359
0.990973949432373 359
1.0044784545898438 359
1.0130598545074463 359
1.0217435359954834 359
1.0302577018737793 359
1.0385186672210693 359
1.0478107929229736 359
1.0615415573120117 359
1.0699024200439453 359
1.0788187980651855 359
1.0877876281738281 359
1.0959951877593994 359
1.1054863929748535 359
1.1147091388702393 359
1.1225180625915527 359
1.1308302879333496 359
1.1389098167419434 359
1.1483466625213623 359
1.1585488319396973 359
1.1670210361480713 359
1.1758623123168945 359
1.183690071105957 359
1.1918470859527588 359
1.200033187866211 359
1.2101690769195557 359
1.218986988067627 359
1.2276277542114258 359
1.2358686923980713 359
1.2447428703308105 359
1.2546255588531494 359
1.262402057647705 359
1.270920753479004 359
1.279956340789795 359
1.2882952690124512 359
1.2965421676635742 359
1.305985927581787 359
1.3146309852600098 359
1.3228766918182373 359
1.3317451477050781 359
1.3399691581726074 359
1.349069595336914 359
1.3589937686920166 359
1.3676881790161133 359
1.37654447555542 359
1.3847405910491943 359
1.3957064151763916 359
1.4029970169067383 359
1.4129188060760498 359
1.4220542907714844 359
1.4303104877471924 359
1.4385592937469482 359
1.4480020999908447 359
1.4619569778442383 359
1.47041916847229 358
1.479872703552246 359
1.488328218460083 359
1.4967408180236816 359
1.504758596420288 359
1.5148060321807861 358
1.5226435661315918 358
1.5313992500305176 357
1.5396714210510254 358
1.548386812210083 359
1.557687759399414 359
1.567025899887085 359
1.5755796432495117 358
1.5844640731811523 357
1.592280387878418 357
1.6005635261535645 357
1.610187292098999 358
1.6188397407531738 359
1.6282927989959717 359
1.6376328468322754 358
1.646475076675415 357
1.6560101509094238 357
1.6655113697052002 357
1.672804355621338 358
1.6822197437286377 359
1.6909096240997314 359
1.6990797519683838 359
1.7077159881591797 358
1.7177183628082275 357
1.7259728908538818 357
1.7346882820129395 358
1.742948055267334 359
1.7529516220092773 359
1.7623951435089111 358
1.7708499431610107 358
1.7800240516662598 357
1.788322925567627 357
1.796675205230713 358
1.8081724643707275 358
1.8260388374328613 357
1.8342952728271484 356
1.8422460556030273 356
1.8526051044464111 356
1.8667478561401367 357
1.8748154640197754 358
1.883697748184204 358
1.8920824527740479 358
1.9018759727478027 357
1.9105873107910156 357
1.9201805591583252 357
1.928523302078247 357
1.9376428127288818 357
1.9460713863372803 358
1.9551281929016113 358
1.962684154510498 357
1.9721629619598389 357
1.9811019897460938 357
1.989638090133667 357
1.9980535507202148 357
2.0080888271331787 357
2.0180954933166504 357
2.0263164043426514 357
2.035144567489624 357
2.050621271133423 357
2.071871757507324 357
2.0888023376464844 357
2.1145806312561035 357
2.1315596103668213 357
2.1480491161346436 357
2.1647322177886963 357
2.1762332916259766 357
2.1844327449798584 357
2.1923775672912598 357
2.2006449699401855 357
2.2097623348236084 357
2.21807599067688 357
2.2286651134490967 357
2.2381796836853027 357
2.254263162612915 357
2.2687416076660156 357
2.2786285877227783 357
2.2881550788879395 357
2.296884298324585 357
2.3050732612609863 357
2.3137218952178955 357
2.3226852416992188 357
2.331089496612549 357
2.3391458988189697 357
2.3488945960998535 357
2.3581717014312744 357
2.366687059402466 357
2.376509189605713 357
2.3846890926361084 357
2.392629861831665 357
2.4010512828826904 357
2.4102776050567627 357
2.4185423851013184 357
2.4280731678009033 357
2.4363210201263428 357
2.445549488067627 357
2.4543943405151367 357
2.4621741771698 357
2.4705488681793213 357
2.480397939682007 357
2.4886019229888916 357
2.4970531463623047 357
2.5055205821990967 357
2.5141618251800537 357
2.522120952606201 357
2.53163480758667 357
2.5398871898651123 357
2.548875331878662 357
2.5582094192504883 357
2.566474676132202 357
2.5761585235595703 357
2.584285020828247 357
2.592229127883911 357
2.600522041320801 357
2.6094281673431396 357
2.617805004119873 357
2.6269612312316895 357
2.6354129314422607 357
2.6436870098114014 357
2.6544742584228516 357
2.666843891143799 357
2.676069974899292 356
2.6856682300567627 356
2.6929826736450195 356
2.701612710952759 356
2.7106385231018066 357
2.718825101852417 357
2.7282540798187256 357
2.736788511276245 356
2.745795488357544 355
2.755033493041992 356
2.762662649154663 357
2.7714576721191406 357
2.7818663120269775 356
2.7901623249053955 355
2.7999000549316406 356
2.809715747833252 357
2.818096399307251 357
2.826774835586548 357
2.836146593093872 357
2.845494031906128 356
2.8559043407440186 355
2.8636860847473145 355
2.8725178241729736 357
2.8820905685424805 357
2.8905396461486816 357
2.8988900184631348 356
2.908273458480835 355
2.9164960384368896 355
2.9246959686279297 355
2.9341368675231934 355
2.942903995513916 355
2.9524288177490234 355
2.9615836143493652 355
2.9697508811950684 356
2.9784693717956543 356
2.9879705905914307 356
2.996232271194458 356
3.00565767288208 356
3.0169105529785156 355
3.0279626846313477 355
3.0415992736816406 356
3.05419659614563 357
3.0720338821411133 357
3.085883855819702 355
3.097529411315918 353
3.109461784362793 352
3.1186978816986084 353
3.127601385116577 353
3.1371009349823 355
3.1456809043884277 355
3.154646396636963 354
3.1630165576934814 353
3.172480821609497 353
3.180807590484619 354
3.190387725830078 355
3.1986420154571533 356
3.207911729812622 356
3.216254472732544 355
3.2244272232055664 354
3.2323975563049316 354
3.2421984672546387 354
3.2563445568084717 355
3.2654528617858887 355
3.2731385231018066 355
3.2818892002105713 355
3.2910807132720947 355
3.299638509750366 355
3.310054063796997 355
3.318289279937744 355
3.326509952545166 355
3.334683656692505 355
3.344785690307617 355
3.353135824203491 355
3.361788511276245 355
3.3709821701049805 355
3.379098653793335 355
3.387680768966675 355
3.3969674110412598 355
3.406452178955078 355
3.41463565826416 355
3.4224050045013428 355
3.437991142272949 355
3.44748854637146 355
3.4566574096679688 355
3.470567464828491 355
3.478957176208496 355
3.4879231452941895 355
3.497398614883423 355
3.506155490875244 355
3.514298439025879 355
3.5221381187438965 355
3.5304312705993652 355
3.539477825164795 355
3.54902982711792 355
3.5583107471466064 355
3.566771984100342 355
3.5764431953430176 355
3.584665298461914 355
3.594212055206299 355
3.6024422645568848 355
3.61112904548645 355
3.6194372177124023 355
3.627823829650879 355
3.636427164077759 355
3.6459689140319824 355
3.655409574508667 355
3.66278076171875 355
3.67214035987854 355
3.6804349422454834 355
3.688906669616699 355
3.698328971862793 355
3.707595109939575 355
3.715834856033325 355
3.723129987716675 355
3.731945753097534 355
3.740511178970337 355
3.7505688667297363 355
3.7588346004486084 355
3.767986536026001 355
3.776873826980591 355
3.7854721546173096 355
3.792813539505005 355
3.802800178527832 355
3.811511754989624 355
3.8217756748199463 355
3.8303894996643066 355
3.8391451835632324 355
3.8489551544189453 355
3.8587844371795654 355
3.8719661235809326 355
3.8809285163879395 355
3.8896608352661133 355
3.898866653442383 355
3.908068895339966 355
3.9163098335266113 355
3.9244911670684814 355
3.9328811168670654 355
3.9415364265441895 355
3.9517033100128174 355
3.9599509239196777 355
3.9689667224884033 355
3.977611780166626 355
3.986339807510376 355
3.994530439376831 355
4.004379749298096 355
4.0121824741363525 355
4.020520448684692 354
4.028970718383789 354
4.039058446884155 355
4.0477094650268555 355
4.057719945907593 355
4.066344261169434 354
4.074633359909058 354
4.082571029663086 354
4.091935634613037 354
4.102033853530884 354
4.111437559127808 354
4.119673013687134 354
4.128426551818848 354
4.137618541717529 353
4.146440505981445 354
4.156545877456665 355
4.1658337116241455 355
4.1737060546875 354
4.181951284408569 353
4.19079852104187 353
4.1999382972717285 353
4.209691286087036 354
4.2180986404418945 355
4.226497650146484 355
4.235680818557739 355
4.2429728507995605 354
4.252410650253296 353
4.26781153678894 353
4.278428792953491 355
4.287134170532227 356
4.29633092880249 356
4.306272745132446 355
4.3145952224731445 355
4.3227808475494385 354
4.334033250808716 354
4.342389822006226 354
4.351799011230469 354
4.360978364944458 354
4.369767189025879 354
4.378460645675659 354
4.387058734893799 354
4.396090984344482 353
4.405146837234497 353
4.414475917816162 353
4.422277212142944 354
4.431528329849243 355
4.439905166625977 355
4.448387861251831 353
4.458478689193726 353
4.467892169952393 353
4.476148843765259 353
4.484287977218628 353
4.492078065872192 353
4.501838207244873 354
4.511537790298462 354
4.520167827606201 354
4.528498888015747 353
4.537611484527588 353
4.546290159225464 353
4.555704593658447 354
4.566014051437378 354
4.574217081069946 354
4.582079648971558 353
4.590423822402954 353
4.6001904010772705 353
4.6084465980529785 353
4.61794376373291 353
4.626321077346802 353
4.6355860233306885 353
4.6429078578948975 353
4.652313709259033 352
4.66241717338562 352
4.67570948600769 353
4.682990074157715 354
4.692181825637817 354
4.70149302482605 354
4.709709882736206 353
4.718839883804321 353
4.727696418762207 352
4.7367565631866455 352
4.7453773021698 352
4.754485130310059 353
4.764356374740601 353
4.772156715393066 353
4.780509948730469 352
4.7888712882995605 352
4.798079967498779 352
4.806489706039429 353
4.816041946411133 353
4.824260950088501 353
4.832571744918823 353
4.843149900436401 353
4.853044509887695 353
4.862474679946899 352
4.872060060501099 352
4.880507946014404 353
4.888717412948608 353
4.8977203369140625 352
4.90651273727417 352
4.915960788726807 352
4.924139738082886 352
4.932649850845337 353
4.9410789012908936 353
4.9496893882751465 352
4.958614826202393 352
4.968638181686401 352
4.9771435260772705 353
4.985899448394775 353
4.99444317817688 353
