0 0
0.013120889663696289 0
0.02835822105407715 0
0.04970383644104004 2
0.06811714172363281 8
0.0874638557434082 14
0.10869693756103516 25
0.13138151168823242 41
0.1482071876525879 50
0.15992116928100586 58
0.17148208618164062 66
0.18375349044799805 76
0.19747042655944824 86
0.2095479965209961 93
0.21950173377990723 100
0.22806572914123535 108
0.2374558448791504 114
0.24681329727172852 122
0.25425171852111816 128
0.26751184463500977 140
0.2758982181549072 146
0.28557348251342773 154
0.2949671745300293 160
0.30411195755004883 168
0.3132588863372803 174
0.32185792922973633 183
0.33022046089172363 189
0.3399016857147217 198
0.3493049144744873 204
0.3578641414642334 212
0.36634302139282227 218
0.37400197982788086 225
0.38329339027404785 232
0.3929152488708496 240
0.40302491188049316 248
0.4114201068878174 256
0.4202897548675537 263
0.4289286136627197 270
0.4372565746307373 276
0.4472939968109131 283
0.45563721656799316 290
0.46369290351867676 295
0.47206997871398926 300
0.48112010955810547 304
0.49170994758605957 310
0.500319242477417 313
0.5096700191497803 317
0.5191564559936523 320
0.527522087097168 324
0.5357890129089355 326
0.5457348823547363 329
0.5540597438812256 332
0.5627894401550293 334
0.5711934566497803 336
0.5802912712097168 338
0.5890593528747559 339
0.598346471786499 340
0.6077291965484619 342
0.6167402267456055 344
0.6242108345031738 346
0.6330134868621826 348
0.6414699554443359 349
0.6515383720397949 349
0.6598761081695557 350
0.6729738712310791 351
0.6821367740631104 353
0.6909222602844238 354
0.7006843090057373 354
0.7101571559906006 353
0.7192118167877197 353
0.7275607585906982 354
0.7358300685882568 354
0.7459022998809814 355
0.753791093826294 356
0.7630186080932617 357
0.7714006900787354 357
0.7800958156585693 356
0.7887585163116455 355
0.7980115413665771 355
0.8074257373809814 356
0.8169701099395752 357
0.824333906173706 358
0.8331663608551025 358
0.8416564464569092 357
0.8517742156982422 356
0.8609058856964111 356
0.8693130016326904 356
0.8786802291870117 357
0.8875002861022949 358
0.8958754539489746 359
0.9063169956207275 359
0.9156007766723633 360
0.923454999923706 359
0.9318385124206543 358
0.9403009414672852 358
0.9502885341644287 358
0.9590451717376709 360
0.9681696891784668 360
0.9770593643188477 360
0.9848446846008301 359
0.993229866027832 359
1.0067248344421387 359
1.0154469013214111 360
1.0233104228973389 360
1.0315937995910645 360
1.039846658706665 360
1.0491905212402344 360
1.0588974952697754 360
1.0718815326690674 360
1.080841064453125 360
1.0893056392669678 360
1.0978896617889404 360
1.1087188720703125 360
1.1171352863311768 360
1.12489914894104 360
1.1331336498260498 360
1.1420352458953857 360
1.1501357555389404 360
1.1596176624298096 360
1.168717861175537 360
1.1776790618896484 360
1.1859147548675537 360
1.1937384605407715 360
1.2039027214050293 360
1.2131822109222412 360
1.2215142250061035 360
1.2299058437347412 360
1.238781213760376 360
1.2475230693817139 360
1.257016658782959 360
1.2643187046051025 360
1.2729582786560059 360
1.2817683219909668 360
1.289933681488037 360
1.2987375259399414 360
1.3094689846038818 360
1.3180313110351562 360
1.3262708187103271 360
1.3338820934295654 360
1.3431353569030762 360
1.3513693809509277 360
1.361046552658081 360
1.3692882061004639 360
1.3790459632873535 360
1.387324333190918 360
1.3954682350158691 360
1.4055800437927246 360
1.4149203300476074 360
1.4233555793762207 360
1.431689977645874 360
1.4408800601959229 360
1.449258804321289 360
1.4587185382843018 360
1.4703385829925537 360
1.4799456596374512 360
1.488830804824829 360
1.4971845149993896 360
1.5088906288146973 360
1.5175626277923584 360
1.5257806777954102 360
1.533564805984497 360
1.5428833961486816 360
1.5511314868927002 360
1.5601379871368408 360
1.5687947273254395 360
1.5782201290130615 360
1.5867197513580322 360
1.5940120220184326 360
1.603651523590088 360
1.6134614944458008 360
1.6218581199645996 360
1.6300551891326904 360
1.6392359733581543 360
1.647538185119629 360
1.6557776927947998 360
1.6649796962738037 360
1.673762321472168 360
1.6820929050445557 360
1.6901874542236328 360
1.6988255977630615 360
1.7082281112670898 360
1.7175993919372559 360
1.7258546352386475 360
1.733630895614624 360
1.7428405284881592 360
1.7512469291687012 360
1.7594976425170898 360
1.7689104080200195 360
1.7778780460357666 360
1.7869083881378174 360
1.7941927909851074 360
1.8131608963012695 360
1.8215019702911377 360
1.8297555446624756 360
1.8392665386199951 360
1.8475468158721924 360
1.855708122253418 360
1.8717660903930664 360
1.8802847862243652 360
1.889019250869751 360
1.8974931240081787 360
1.907712459564209 360
1.9180991649627686 360
1.926954984664917 360
1.934216022491455 360
1.9433848857879639 360
1.9516797065734863 360
1.9600329399108887 360
1.96998929977417 360
1.9787769317626953 360
1.9875006675720215 360
1.995694875717163 360
2.007505178451538 360
2.0157909393310547 360
2.0249459743499756 360
2.0330817699432373 360
2.0417511463165283 360
2.0500118732452393 360
2.058652877807617 360
2.066864252090454 360
2.07714581489563 360
2.0856356620788574 360
2.093914031982422 360
2.103755474090576 360
2.11210036277771 360
2.121351480484009 360
2.129642963409424 360
2.138953685760498 360
2.147174835205078 360
2.1549556255340576 360
2.163137197494507 360
2.1729729175567627 360
2.1812515258789062 360
2.1894965171813965 360
2.1997697353363037 360
2.212754487991333 360
2.2258589267730713 360
2.237703561782837 360
2.2488210201263428 360
2.2602176666259766 360
2.2783071994781494 360
2.2869484424591064 360
2.294283866882324 360
2.303781032562256 360
2.3120954036712646 360
2.3203625679016113 360
2.3298707008361816 360
2.3388848304748535 360
2.3472089767456055 360
2.3553595542907715 360
2.3631575107574463 360
2.373155355453491 360
2.381638765335083 360
2.389857053756714 360
2.399061679840088 360
2.408904790878296 360
2.4171488285064697 360
2.4269185066223145 360
2.4381015300750732 360
2.446309804916382 360
2.4538512229919434 360
2.4622910022735596 360
2.471395254135132 360
2.480686664581299 360
2.4891436100006104 360
2.498128890991211 360
2.5078628063201904 360
2.5159575939178467 360
2.5237715244293213 360
2.5339536666870117 360
2.542658805847168 360
2.5508506298065186 360
2.5593299865722656 360
2.5682284832000732 360
2.5775516033172607 360
2.58573317527771 360
2.5934805870056152 360
2.6037659645080566 360
2.6121087074279785 360
2.620363712310791 360
2.6298370361328125 360
2.6390533447265625 360
2.647289514541626 360
2.655459403991699 360
2.6634013652801514 360
2.6771605014801025 360
2.686779737472534 360
2.694094657897949 360
2.7049779891967773 360
2.713182210922241 360
2.721419095993042 360
2.73067045211792 360
2.7396578788757324 360
2.7480599880218506 360
2.7563068866729736 360
2.7638771533966064 360
2.7728915214538574 360
2.782041072845459 360
2.7902896404266357 360
2.8060343265533447 360
2.8138275146484375 360
2.8221683502197266 360
2.8322741985321045 360
2.840362548828125 360
2.8490328788757324 360
2.857409715652466 360
2.8658053874969482 360
2.8735928535461426 360
2.883070468902588 360
2.89133882522583 360
2.9002225399017334 360
2.9094295501708984 360
2.91808819770813 360
2.9263274669647217 360
2.9368643760681152 360
2.9458532333374023 360
2.9536423683166504 360
2.9620234966278076 360
2.9710330963134766 360
2.979456663131714 360
2.9889278411865234 360
2.9978389739990234 360
3.007188558578491 360
3.0159683227539062 360
3.0237419605255127 360
3.032735586166382 360
3.0420358180999756 360
3.050285816192627 360
3.0588932037353516 360
3.067877769470215 360
3.0797295570373535 360
3.0893659591674805 360
3.0988593101501465 360
3.1077330112457275 360
3.1168413162231445 360
3.1241326332092285 360
3.13346791267395 360
3.1429505348205566 360
3.151202917098999 360
3.1596338748931885 360
3.1689047813415527 360
3.177309989929199 360
3.1855132579803467 360
3.1940948963165283 360
3.2038357257843018 360
3.212289571762085 360
3.221402645111084 360
3.2302937507629395 360
3.2397830486297607 360
3.248213768005371 360
3.2567050457000732 360
3.264907121658325 360
3.27312970161438 360
3.2814888954162598 360
3.290820598602295 360
3.2999417781829834 360
3.3091516494750977 360
3.3180060386657715 360
3.3262877464294434 360
3.3348965644836426 360
3.3440444469451904 360
3.3592121601104736 360
3.3681893348693848 360
3.3766584396362305 360
3.3840105533599854 360
3.393568277359009 360
3.403942584991455 360
3.412635564804077 360
3.4213650226593018 360
3.430065631866455 360
3.438952922821045 360
3.4493918418884277 360
3.4590742588043213 360
3.4681148529052734 360
3.480135679244995 360
3.4889564514160156 360
3.498790979385376 360
3.507636785507202 360
3.5159590244293213 360
3.523880958557129 360
3.5331051349639893 360
3.5413742065429688 360
3.5503618717193604 360
3.5589818954467773 360
3.5680341720581055 360
3.576669454574585 360
3.5839877128601074 360
3.5927603244781494 360
3.6035397052764893 360
3.611781597137451 360
3.6200592517852783 360
3.6294217109680176 360
3.6387953758239746 360
3.6479976177215576 360
3.6562607288360596 360
3.6643104553222656 360
3.6730051040649414 360
3.681335687637329 360
3.6896350383758545 360
3.7000350952148438 360
3.709437370300293 359
3.7179834842681885 360
3.727372646331787 360
3.7355611324310303 360
3.7433888912200928 359
3.7530596256256104 359
3.7626304626464844 359
3.7708683013916016 360
3.779447555541992 360
3.787722110748291 360
3.7979772090911865 359
3.814230442047119 358
3.8233776092529297 358
3.8331944942474365 358
3.8416669368743896 359
3.851229429244995 360
3.8614892959594727 360
3.8697762489318848 359
3.882715940475464 358
3.8911221027374268 357
3.902181386947632 357
3.910364866256714 358
3.920630931854248 359
3.9312851428985596 359
3.9397380352020264 358
3.9483306407928467 357
3.9580986499786377 357
3.9671318531036377 357
3.9749763011932373 358
3.983349323272705 358
3.992645025253296 358
4.002778053283691 358
4.011082887649536 358
4.019413709640503 358
4.0281946659088135 358
4.037173271179199 358
4.045345067977905 358
4.053973197937012 358
4.063334941864014 358
4.071636438369751 358
4.079918146133423 358
4.088744640350342 358
4.097660541534424 358
4.108102560043335 358
4.116725444793701 358
4.124091863632202 358
4.133145093917847 358
4.142001628875732 358
4.150148153305054 358
4.160224437713623 358
4.168885707855225 358
4.177268981933594 358
4.185458660125732 358
4.193664789199829 358
4.202889442443848 358
4.212045431137085 358
4.220312833786011 358
4.229639768600464 358
4.238189935684204 358
4.246662139892578 358
4.253996133804321 358
4.264095306396484 358
4.277084112167358 358
4.288825988769531 358
4.302631378173828 358
4.315766096115112 358
4.327880382537842 358
4.338985919952393 358
4.351823806762695 358
4.365672588348389 358
4.376985311508179 358
4.387444972991943 358
4.3967814445495605 358
4.40706729888916 358
4.416687726974487 358
4.425486087799072 358
4.434272527694702 358
4.442899942398071 358
4.451107501983643 358
4.460946798324585 358
4.469318151473999 358
4.477893590927124 358
4.486736536026001 358
4.495531797409058 358
4.504130840301514 358
4.513671875 358
4.522689342498779 358
4.530920743942261 358
4.539507150650024 358
4.548697233200073 358
4.5574235916137695 358
4.566905975341797 358
4.574175834655762 358
4.5828118324279785 358
4.5915937423706055 358
4.600127696990967 358
4.60934042930603 358
4.618745803833008 358
4.627628326416016 358
4.635826587677002 358
4.643638849258423 358
4.652021646499634 358
4.660974502563477 358
4.670072317123413 358
4.682844400405884 358
4.691685199737549 358
4.700197458267212 358
4.709481716156006 358
4.719041347503662 358
4.7279722690582275 358
4.736666917800903 358
4.743991136550903 358
4.753147840499878 358
4.761999845504761 358
4.771441459655762 358
4.779845714569092 358
4.789300441741943 358
4.798201084136963 358
4.807503700256348 358
4.817045450210571 358
4.825517892837524 358
4.83328652381897 358
4.84185266494751 358
4.850057601928711 358
4.859771728515625 358
4.869412422180176 358
4.877741098403931 358
4.8859593868255615 358
4.89426851272583 358
4.903731107711792 358
4.912111520767212 358
4.922334909439087 358
4.930844068527222 358
4.94029974937439 358
4.9497528076171875 358
4.959697008132935 358
4.96915078163147 358
4.977392911911011 358
4.985592603683472 358
4.993712902069092 358
