0 0
0.012619495391845703 0
0.029895305633544922 0
0.049039602279663086 1
0.06792593002319336 6
0.08907508850097656 14
0.09774613380432129 18
0.11144614219665527 25
0.11995315551757812 30
0.12939119338989258 35
0.13769984245300293 42
0.14640545845031738 47
0.15572643280029297 52
0.16411638259887695 59
0.1730806827545166 66
0.18211817741394043 72
0.19115567207336426 79
0.20108938217163086 85
0.20943212509155273 91
0.21766400337219238 97
0.2261216640472412 104
0.2348790168762207 110
0.2449030876159668 118
0.2535092830657959 124
0.2618751525878906 131
0.27234458923339844 140
0.281796932220459 147
0.29117655754089355 154
0.3009974956512451 163
0.30959391593933105 169
0.31901073455810547 177
0.32645606994628906 184
0.33580970764160156 190
0.3442952632904053 198
0.3537633419036865 206
0.3630995750427246 212
0.3718302249908447 219
0.382373571395874 226
0.3912339210510254 232
0.40143418312072754 239
0.4098780155181885 245
0.41821789741516113 249
0.42661619186401367 254
0.43560266494750977 259
0.44502949714660645 264
0.4543037414550781 270
0.4625575542449951 274
0.47191858291625977 278
0.4812901020050049 282
0.49102187156677246 286
0.5001585483551025 289
0.5133190155029297 292
0.521904468536377 293
0.5306155681610107 296
0.5397663116455078 299
0.5494210720062256 302
0.5582423210144043 306
0.5662581920623779 308
0.5757462978363037 310
0.5850253105163574 312
0.5933394432067871 314
0.6031968593597412 317
0.6118533611297607 319
0.6202857494354248 321
0.6292505264282227 322
0.637197732925415 323
0.6458218097686768 324
0.6553308963775635 326
0.6636216640472412 328
0.6743984222412109 330
0.6829183101654053 330
0.6918947696685791 332
0.7003705501556396 333
0.7103927135467529 335
0.7190041542053223 336
0.7264525890350342 338
0.7359235286712646 339
0.7442893981933594 339
0.7538108825683594 340
0.7631416320800781 340
0.7715620994567871 342
0.7825360298156738 343
0.7925829887390137 344
0.8015992641448975 344
0.8111977577209473 344
0.8197305202484131 344
0.829169511795044 345
0.8365421295166016 347
0.8457300662994385 348
0.8553988933563232 349
0.8637797832489014 349
0.8736331462860107 349
0.8819131851196289 350
0.8905017375946045 351
0.8995943069458008 352
0.9136884212493896 352
0.9226250648498535 352
0.9315705299377441 350
0.9404478073120117 350
0.9490935802459717 351
0.9580965042114258 352
0.9664278030395508 353
0.9760966300964355 353
0.9853684902191162 353
0.9944100379943848 352
1.0025687217712402 352
1.0124907493591309 354
1.0213165283203125 354
1.0306365489959717 356
1.0392358303070068 356
1.0465600490570068 355
1.0557324886322021 355
1.0651397705078125 355
1.0777175426483154 356
1.0864200592041016 357
1.0953412055969238 358
1.1048643589019775 357
1.1139874458312988 356
1.1233668327331543 356
1.1325998306274414 356
1.1414098739624023 357
1.1509671211242676 358
1.1602275371551514 357
1.169327735900879 356
1.1785192489624023 356
1.1861515045166016 357
1.1985437870025635 358
1.2072086334228516 359
1.2177085876464844 358
1.225623369216919 357
1.234086513519287 356
1.243086814880371 356
1.251417636871338 356
1.2597181797027588 357
1.2698218822479248 358
1.279371976852417 358
1.2881855964660645 356
1.2961204051971436 356
1.3101184368133545 355
1.3194522857666016 356
1.32761812210083 356
1.336116075515747 356
1.3448729515075684 357
1.3537373542785645 357
1.363205909729004 357
1.3715565204620361 357
1.3816635608673096 356
1.3902370929718018 356
1.3985888957977295 357
1.408149003982544 358
1.4176733493804932 358
1.4261014461517334 356
1.4350109100341797 355
1.4433472156524658 355
1.4524695873260498 355
1.4612281322479248 356
1.4711132049560547 356
1.48036789894104 356
1.4886319637298584 356
1.4977598190307617 355
1.5055670738220215 355
1.5155277252197266 356
1.5239906311035156 356
1.5321729183197021 356
1.5415680408477783 356
1.549844741821289 356
1.559027910232544 355
1.5680537223815918 355
1.5765354633331299 356
1.585869312286377 356
1.5943386554718018 357
1.602623462677002 356
1.612879991531372 356
1.622201919555664 356
1.6316287517547607 356
1.6398820877075195 356
1.6481077671051025 356
1.6564488410949707 356
1.665071725845337 356
1.676060676574707 356
1.6843907833099365 356
1.6926088333129883 356
1.7033121585845947 356
1.716334581375122 356
1.7260537147521973 356
1.7349786758422852 356
1.743912935256958 356
1.7522549629211426 356
1.7612378597259521 356
1.7712039947509766 356
1.7800145149230957 356
1.7891836166381836 356
1.7964835166931152 356
1.8051748275756836 356
1.8149831295013428 356
1.8240773677825928 356
1.8324048519134521 356
1.8416624069213867 356
1.8499317169189453 356
1.8590593338012695 356
1.866373062133789 356
1.877228021621704 356
1.8859972953796387 356
1.8943226337432861 356
1.9024431705474854 356
1.9132030010223389 356
1.926375389099121 356
1.9394352436065674 356
1.9514236450195312 356
1.9625539779663086 356
1.9762449264526367 356
1.988243818283081 356
1.9977543354034424 356
2.0076398849487305 356
2.015484571456909 356
2.0254693031311035 356
2.0337491035461426 356
2.042614221572876 355
2.0516152381896973 355
2.0599400997161865 356
2.075040340423584 356
2.0833287239074707 356
2.0919766426086426 355
2.100602626800537 354
2.1144611835479736 354
2.123769998550415 355
2.1335740089416504 356
2.142374038696289 357
2.151320219039917 357
2.1601176261901855 356
2.168931007385254 355
2.179377555847168 355
2.1881699562072754 356
2.196122646331787 356
2.205446720123291 356
2.2156174182891846 356
2.2250850200653076 356
2.2350666522979736 355
2.243368625640869 355
2.2522292137145996 355
2.2609004974365234 355
2.2691571712493896 354
2.2794861793518066 354
2.287729501724243 354
2.295687198638916 355
2.305047035217285 355
2.3133132457733154 355
2.3221702575683594 354
2.3322677612304688 354
2.3410136699676514 354
2.3498902320861816 354
2.3581111431121826 354
2.3665611743927 354
2.3760008811950684 354
2.385556936264038 354
2.3943839073181152 354
2.402489185333252 354
2.4112372398376465 354
2.4203286170959473 354
2.4292588233947754 354
2.4392106533050537 354
2.4464619159698486 354
2.45513653755188 354
2.463937282562256 354
2.4724574089050293 354
2.4831247329711914 354
2.4914472103118896 354
2.499725103378296 354
2.512612819671631 354
2.521397113800049 354
2.531099319458008 354
2.540430784225464 354
2.548922300338745 354
2.5576493740081787 354
2.5654561519622803 354
2.574882984161377 354
2.5840189456939697 354
2.5924229621887207 354
2.6014018058776855 354
2.6096534729003906 354
2.617830991744995 354
2.626295328140259 354
2.636157274246216 354
2.645296335220337 354
2.6536569595336914 354
2.6618854999542236 354
2.6710948944091797 354
2.681159019470215 353
2.6910088062286377 353
2.699289083480835 353
2.706604242324829 354
2.71612286567688 354
2.725879192352295 353
2.736517906188965 352
2.745272159576416 352
2.7540509700775146 352
2.7622437477111816 352
2.7711455821990967 353
2.7813167572021484 353
2.7906153202056885 353
2.799597978591919 353
2.807800769805908 352
2.8157384395599365 352
2.8250503540039062 352
2.8334217071533203 352
2.844015598297119 352
2.8522377014160156 352
2.860938310623169 352
2.8697993755340576 352
2.8789238929748535 352
2.889129877090454 352
2.8964617252349854 352
2.905245542526245 352
2.918867588043213 352
2.9261882305145264 352
2.9354300498962402 352
2.9450395107269287 352
2.954040765762329 352
2.9623711109161377 352
2.971019744873047 352
2.980882406234741 352
2.989122152328491 352
2.9991843700408936 352
3.0064749717712402 352
3.0152649879455566 352
3.0238771438598633 352
3.0323305130004883 352
3.042980670928955 352
3.051453113555908 352
3.059741973876953 352
3.0690290927886963 352
3.085742473602295 352
3.0959362983703613 352
3.10439133644104 352
3.1166012287139893 352
3.125272512435913 352
3.1357827186584473 352
3.1461312770843506 352
3.154561996459961 352
3.1634929180145264 352
3.1717629432678223 352
3.1816272735595703 352
3.191169500350952 352
3.2010040283203125 352
3.2098336219787598 352
3.2180442810058594 352
3.2258317470550537 352
3.234938859939575 352
3.2439255714416504 352
3.253809928894043 352
3.2620413303375244 352
3.2704508304595947 352
3.280263900756836 352
3.2888808250427246 352
3.298983097076416 352
3.3063361644744873 352
3.320161819458008 352
3.328230142593384 352
3.3361175060272217 352
3.346292495727539 352
3.355459213256836 352
3.3712477684020996 352
3.3803842067718506 352
3.3893299102783203 352
3.398606061935425 351
3.4062881469726562 351
3.4157185554504395 351
3.4242775440216064 352
3.4331088066101074 352
3.441850185394287 352
3.4512128829956055 352
3.4605374336242676 351
3.4691312313079834 351
3.4782357215881348 351
3.486473560333252 351
3.495286464691162 351
3.5054173469543457 351
3.5136704444885254 351
3.52195143699646 351
3.5306129455566406 350
3.5392796993255615 350
3.5466110706329346 350
3.5581271648406982 351
3.565901041030884 351
3.575204372406006 350
3.583617687225342 350
3.591930866241455 350
3.602050304412842 350
3.6109156608581543 351
3.6199088096618652 351
3.6281795501708984 350
3.6361303329467773 350
3.6454010009765625 350
3.654592752456665 350
3.662630796432495 350
3.672259569168091 350
3.6822328567504883 349
3.691469192504883 349
3.700471878051758 350
3.716285228729248 350
3.7251193523406982 349
3.733860969543457 348
3.742962598800659 348
3.751399040222168 348
3.7620491981506348 349
3.7713961601257324 350
3.780574321746826 350
3.7897706031799316 349
3.79819655418396 348
3.808168411254883 348
3.816113233566284 348
3.824544906616211 349
3.8337364196777344 350
3.8421084880828857 350
3.8514528274536133 349
3.861121892929077 348
3.870159864425659 348
3.87941575050354 348
3.8871896266937256 349
3.895538806915283 349
3.904392719268799 350
3.913954734802246 349
3.9233720302581787 349
3.931687355041504 348
3.940345048904419 349
3.949423313140869 350
3.959043264389038 350
3.9689173698425293 349
3.977790117263794 348
3.9856953620910645 348
3.9977266788482666 348
4.010995626449585 350
4.022618532180786 350
4.03555154800415 348
4.047813415527344 347
4.061267852783203 348
4.074859857559204 350
4.08780312538147 352
4.0997560024261475 352
4.109057426452637 351
4.122963905334473 349
4.132000207901001 348
4.140874147415161 348
4.149278879165649 349
4.158167600631714 350
4.167674779891968 350
4.177628755569458 349
4.185619592666626 348
4.194062232971191 347
4.203135013580322 348
4.213910341262817 349
4.222978353500366 350
4.231562614440918 350
4.239863634109497 349
4.249116659164429 348
4.256506443023682 347
4.267588138580322 348
4.27634334564209 349
4.285124063491821 350
4.294137716293335 350
4.302346706390381 349
4.311170339584351 348
4.321154832839966 348
4.3297178745269775 348
4.33904504776001 348
4.34648585319519 349
4.355175495147705 349
4.364959716796875 348
4.374950885772705 348
4.383972883224487 348
4.3923280239105225 348
4.401024103164673 348
4.409739255905151 348
4.419253826141357 348
4.426590204238892 348
4.435868263244629 348
4.44426965713501 348
4.45344090461731 348
4.46189284324646 348
4.471401929855347 347
4.481950998306274 347
4.490397930145264 347
4.499227285385132 347
4.506529092788696 347
4.521166086196899 347
4.529545307159424 347
4.5377233028411865 347
4.5461790561676025 347
4.554836750030518 347
4.563075542449951 347
4.5731871128082275 347
4.582087755203247 347
4.591161251068115 347
4.599428415298462 347
4.607220411300659 347
4.616018056869507 347
4.625500440597534 347
4.634879112243652 347
4.6431543827056885 347
4.6515891551971436 347
4.660966873168945 347
4.670135736465454 347
4.6813836097717285 347
4.689779281616211 347
4.697991609573364 347
4.706273317337036 347
4.714937925338745 347
4.727154970169067 347
4.735405683517456 347
4.743699550628662 347
4.752548456192017 347
4.76115870475769 347
4.7699220180511475 347
4.780327320098877 347
4.789556264877319 347
4.797744512557983 347
4.805527925491333 347
4.8145856857299805 347
4.823937177658081 347
4.832152366638184 347
4.841241121292114 347
4.849653005599976 347
4.8582422733306885 347
4.866060256958008 347
4.876307725906372 347
4.885208368301392 346
4.89364218711853 346
4.902457237243652 347
4.911219120025635 348
4.925907850265503 348
4.93496298789978 346
4.943443059921265 345
4.952381372451782 345
4.9614174365997314 346
4.970325231552124 347
4.981038570404053 347
4.989519357681274 347
4.997828960418701 346
