0 0
0.013088703155517578 0
0.03251290321350098 0
0.05093121528625488 2
0.07266831398010254 8
0.09186172485351562 15
0.10284972190856934 20
0.11160159111022949 24
0.11992526054382324 27
0.12727689743041992 30
0.13827133178710938 34
0.14680886268615723 38
0.1556553840637207 42
0.16427254676818848 44
0.17258143424987793 48
0.18102741241455078 50
0.18978095054626465 53
0.20005464553833008 57
0.2078876495361328 60
0.2161555290222168 62
0.22447991371154785 66
0.2343604564666748 69
0.242628812789917 72
0.2523925304412842 74
0.2616899013519287 77
0.2699580192565918 80
0.27826881408691406 83
0.2867574691772461 86
0.2967963218688965 89
0.3061838150024414 92
0.3146698474884033 94
0.3237297534942627 96
0.3320631980895996 98
0.34155988693237305 101
0.351635217666626 104
0.3601257801055908 106
0.36840009689331055 109
0.37642621994018555 112
0.3856172561645508 117
0.39879536628723145 118
0.40841150283813477 120
0.41718339920043945 122
0.42603635787963867 124
0.4355437755584717 128
0.44431138038635254 130
0.453768253326416 132
0.46210551261901855 134
0.47056150436401367 136
0.4797787666320801 138
0.4870946407318115 140
0.4959399700164795 142
0.5052473545074463 145
0.5143957138061523 148
0.5226869583129883 149
0.5312588214874268 150
0.5417590141296387 152
0.5502471923828125 154
0.5599112510681152 158
0.5672512054443359 160
0.5766339302062988 162
0.5850114822387695 164
0.593205451965332 165
0.6023223400115967 167
0.6118841171264648 168
0.6202335357666016 170
0.6284732818603516 172
0.6372661590576172 174
0.6460645198822021 176
0.6555085182189941 179
0.6637377738952637 180
0.6728973388671875 182
0.6816611289978027 183
0.6899685859680176 184
0.697878360748291 186
0.7078893184661865 188
0.716057300567627 190
0.7243995666503906 192
0.7350678443908691 194
0.7432858943939209 195
0.7519698143005371 196
0.7612080574035645 197
0.7702319622039795 198
0.7784135341644287 201
0.7862746715545654 202
0.8024680614471436 204
0.8130285739898682 206
0.8218107223510742 206
0.8300886154174805 208
0.8399920463562012 210
0.8478915691375732 212
0.8562271595001221 213
0.8663241863250732 214
0.8746781349182129 215
0.8830139636993408 216
0.8917355537414551 217
0.9010093212127686 219
0.9104394912719727 221
0.9186937808990479 222
0.9265830516815186 223
0.9401583671569824 224
0.9511284828186035 226
0.9635591506958008 228
0.9757156372070312 230
0.9867568016052246 231
1.0004048347473145 233
1.0127723217010498 234
1.0242440700531006 234
1.0340557098388672 236
1.0429654121398926 238
1.0516622066497803 239
1.0600519180297852 240
1.0699357986450195 241
1.0777654647827148 241
1.086017370223999 242
1.0943965911865234 243
1.1035728454589844 244
1.1126399040222168 246
1.121152639389038 246
1.1300735473632812 247
1.139193058013916 248
1.1467890739440918 249
1.1556386947631836 250
1.1656408309936523 251
1.173882007598877 252
1.182229995727539 252
1.1949193477630615 254
1.2040612697601318 255
1.2142651081085205 256
1.2231030464172363 258
1.2317755222320557 258
1.241032600402832 258
1.2495760917663574 258
1.258469581604004 260
1.2670016288757324 261
1.2758264541625977 262
1.2840392589569092 262
1.2927453517913818 263
1.3012676239013672 263
1.3103079795837402 264
1.3211021423339844 265
1.3297693729400635 266
1.338599681854248 267
1.3463964462280273 268
1.3557405471801758 268
1.3640251159667969 268
1.3730440139770508 268
1.38175630569458 269
1.3906543254852295 270
1.398869514465332 271
1.4066898822784424 271
1.4150621891021729 272
1.4247736930847168 273
1.4331979751586914 274
1.442474365234375 274
1.451777696609497 274
1.4601054191589355 274
1.4696199893951416 275
1.4769554138183594 276
1.4862394332885742 277
1.4945604801177979 278
1.5028362274169922 278
1.5120947360992432 278
1.521836519241333 277
1.5301322937011719 278
1.5391554832458496 279
1.5467979907989502 279
1.556030035018921 280
1.5643532276153564 280
1.573817253112793 280
1.5822808742523193 281
1.5950534343719482 282
1.603621482849121 282
1.6122045516967773 282
1.6224355697631836 282
1.6310186386108398 282
1.6403322219848633 283
1.648566484451294 284
1.6569290161132812 284
1.665635585784912 284
1.6747441291809082 284
1.6829566955566406 285
1.692215919494629 286
1.7005414962768555 286
1.7087621688842773 287
1.7178010940551758 287
1.7268543243408203 286
1.7366700172424316 286
1.745039939880371 286
1.754166841506958 287
1.7624642848968506 288
1.7709248065948486 288
1.7803068161010742 288
1.7896201610565186 288
1.796919822692871 288
1.805595874786377 289
1.8141586780548096 290
1.8264167308807373 290
1.8358991146087646 289
1.8443071842193604 288
1.8530247211456299 288
1.8617305755615234 289
1.8701319694519043 290
1.8796625137329102 291
1.8885350227355957 290
1.8965075016021729 290
1.904740333557129 289
1.9130749702453613 290
1.9222495555877686 290
1.9318983554840088 291
1.9411802291870117 291
1.9502224922180176 291
1.958350419998169 291
1.966165542602539 291
1.9746017456054688 292
1.984598159790039 292
1.9971907138824463 292
2.0072197914123535 291
2.016540765762329 291
2.0258266925811768 291
2.0359413623809814 292
2.0441973209381104 292
2.0528876781463623 292
2.061596632003784 293
2.0699148178100586 293
2.077254056930542 293
2.0870096683502197 292
2.095709800720215 292
2.1041252613067627 292
2.112565040588379 293
2.121849775314331 294
2.1319549083709717 293
2.141594886779785 292
2.150296688079834 292
2.158435583114624 292
2.1662306785583496 292
2.1746463775634766 292
2.184486150741577 292
2.1926989555358887 292
2.201107978820801 292
2.2097599506378174 292
2.2183220386505127 292
2.226090669631958 292
2.2363076210021973 292
2.2445449829101562 292
2.2537765502929688 292
2.2620699405670166 292
2.2702744007110596 292
2.2784135341644287 292
2.288543224334717 292
2.2964649200439453 292
2.3047003746032715 292
2.313836097717285 291
2.322265625 291
2.331645965576172 292
2.342241048812866 292
2.3517298698425293 291
2.3601601123809814 291
2.368333339691162 291
2.37622332572937 292
2.386301279067993 292
2.3988945484161377 292
2.406812906265259 291
2.416409969329834 291
2.424926996231079 291
2.433260917663574 291
2.44305682182312 291
2.4524199962615967 292
2.460669994354248 291
2.4688920974731445 291
2.4768006801605225 291
2.486703872680664 292
2.4956185817718506 292
2.5037879943847656 292
2.512742280960083 291
2.521188497543335 291
2.529813051223755 291
2.5401227474212646 291
2.5487658977508545 292
2.556541681289673 292
2.564791440963745 291
2.573046922683716 291
2.5822386741638184 291
2.591919183731079 291
2.6005911827087402 292
2.6087827682495117 292
2.616943836212158 291
2.625770092010498 291
2.63472580909729 291
2.6441991329193115 291
2.653196096420288 291
2.6618049144744873 292
2.670119285583496 292
2.6789026260375977 291
2.686727523803711 290
2.696211576461792 290
2.7049612998962402 291
2.7142817974090576 292
2.7225635051727295 292
2.731008768081665 292
2.742151975631714 290
2.751636505126953 290
2.7599270343780518 289
2.767289876937866 289
2.7761144638061523 289
2.7849457263946533 290
2.799802303314209 289
2.8071541786193848 289
2.8166041374206543 288
2.825103759765625 288
2.83402419090271 288
2.8466451168060303 289
2.855609178543091 290
2.8639817237854004 289
2.8723695278167725 288
2.8818132877349854 287
2.890230655670166 287
2.8998093605041504 288
2.9071106910705566 288
2.9165289402008057 289
2.9247853755950928 288
2.93322491645813 288
2.9424288272857666 288
2.9524459838867188 288
2.960897207260132 287
2.968958854675293 287
2.9783143997192383 288
2.98626708984375 288
2.995727777481079 288
3.0040106773376465 287
3.0145561695098877 286
3.025789499282837 286
3.038848638534546 287
3.052567481994629 287
3.063763380050659 287
3.0762805938720703 286
3.0871174335479736 285
3.098349094390869 284
3.106196641921997 284
3.1152329444885254 285
3.1237411499023438 285
3.1322176456451416 284
3.1457817554473877 284
3.154905319213867 283
3.163045883178711 283
3.1717076301574707 284
3.1811399459838867 284
3.1902694702148438 283
3.2038304805755615 282
3.212625026702881 281
3.2212209701538086 281
3.229814052581787 281
3.2391538619995117 282
3.2471365928649902 282
3.260282516479492 281
3.2684972286224365 280
3.277104377746582 280
3.2857606410980225 280
3.294015884399414 280
3.3030998706817627 280
3.312096118927002 280
3.3203494548797607 279
3.3286287784576416 278
3.337155818939209 278
3.3538804054260254 280
3.362368583679199 281
3.371030807495117 281
3.3801395893096924 280
3.3883838653564453 279
3.3962643146514893 278
3.4059324264526367 278
3.414947271347046 279
3.423197031021118 280
3.432131052017212 280
3.44230318069458 279
3.450608015060425 278
3.460005044937134 278
3.467850685119629 278
3.4763991832733154 278
3.4846885204315186 277
3.493133306503296 276
3.501835584640503 276
3.5119855403900146 276
3.5202462673187256 277
3.528602123260498 277
3.537158966064453 276
3.546384572982788 275
3.5562026500701904 274
3.5645291805267334 275
3.574111223220825 275
3.582549810409546 276
3.5909740924835205 275
3.6028687953948975 274
3.6138525009155273 273
3.622387409210205 274
3.6316871643066406 274
3.6415538787841797 274
3.649791717529297 274
3.6588926315307617 273
3.666856288909912 272
3.676401376724243 272
3.6847288608551025 272
3.6929776668548584 272
3.7016355991363525 272
3.711236000061035 272
3.719740390777588 272
3.727044105529785 272
3.7372429370880127 271
3.7465269565582275 271
3.7548112869262695 270
3.7661728858947754 270
3.7752227783203125 270
3.7832577228546143 270
3.7920820713043213 270
3.8003392219543457 270
3.810403347015381 269
3.818624973297119 268
3.826427936553955 268
3.8359458446502686 268
3.844510078430176 268
3.8528594970703125 267
3.8623502254486084 267
3.8707969188690186 267
3.87992787361145 267
3.887234926223755 267
3.8958730697631836 267
3.9046971797943115 266
3.9143826961517334 266
3.922816753387451 265
3.931586980819702 265
3.9410297870635986 265
3.949669122695923 265
3.957080602645874 266
3.9671077728271484 265
3.97653865814209 264
3.9849376678466797 263
3.993131637573242 263
4.006532430648804 264
4.016157627105713 265
4.024729251861572 265
4.033763885498047 265
4.0431969165802 264
4.051985740661621 263
4.060238599777222 262
4.070653438568115 262
4.078887939453125 263
4.086821794509888 263
4.095665693283081 263
4.1044228076934814 262
4.113986253738403 261
4.122286081314087 260
4.135765552520752 260
4.1447060108184814 261
4.153117895126343 262
4.161885976791382 262
4.171761989593506 261
4.180271148681641 260
4.1884849071502686 259
4.196330785751343 259
4.205704212188721 259
4.2155985832214355 260
4.223994255065918 259
4.2324018478393555 258
4.242449045181274 258
4.251004695892334 258
4.259295701980591 258
4.268510580062866 258
4.280433893203735 257
4.288731575012207 256
4.296558380126953 256
4.305944442749023 256
4.314388751983643 256
4.323828935623169 255
4.332423448562622 255
4.3423967361450195 254
4.350901126861572 255
4.35929012298584 255
4.369154691696167 255
4.376770734786987 254
4.3855743408203125 254
4.394076824188232 254
4.407022714614868 253
4.4158759117126465 252
4.425680637359619 252
4.43568229675293 252
4.444100379943848 252
4.452569484710693 252
4.461040019989014 251
4.470813751220703 250
4.479243993759155 250
4.486868619918823 250
4.495610952377319 250
4.504398822784424 249
4.512823581695557 249
4.522429704666138 248
4.530798435211182 248
4.5400941371917725 249
4.548396587371826 249
4.556197881698608 249
4.5645716190338135 248
4.575494289398193 248
4.584651708602905 248
4.592954397201538 247
4.60236120223999 246
4.610665798187256 246
4.6189398765563965 246
4.628400087356567 246
4.6369545459747314 246
4.645673513412476 246
4.653875350952148 246
4.662273406982422 246
4.671643972396851 244
4.6809916496276855 244
4.6902916431427 244
4.6984686851501465 244
4.706974267959595 244
4.715686559677124 243
4.724968671798706 242
4.735027551651001 242
4.743212699890137 242
4.751960515975952 243
4.760348558425903 243
4.769711256027222 242
4.778846740722656 242
4.7895097732543945 241
4.796919107437134 241
4.81055474281311 240
4.8188581466674805 240
4.828515291213989 240
4.838810443878174 239
4.846657991409302 238
4.855077266693115 238
4.863259553909302 238
4.872605562210083 238
4.882040977478027 238
4.890923023223877 238
4.8999457359313965 237
4.907813310623169 236
4.916064739227295 236
4.924398183822632 236
4.935752868652344 236
4.944001197814941 235
4.952407121658325 234
4.961005926132202 234
4.969913005828857 234
4.9789440631866455 235
4.986797332763672 234
4.995563983917236 234
