0 0
0.01406240463256836 0
0.033182382583618164 0
0.05240893363952637 2
0.07314348220825195 7
0.09004330635070801 14
0.1093289852142334 22
0.12789463996887207 34
0.1378192901611328 40
0.1486499309539795 46
0.15983915328979492 54
0.17439842224121094 65
0.18726634979248047 74
0.19953036308288574 84
0.21326088905334473 93
0.22455501556396484 102
0.23787808418273926 111
0.24665498733520508 118
0.25519227981567383 124
0.2636759281158447 132
0.27476024627685547 140
0.2841532230377197 147
0.2927546501159668 154
0.30547308921813965 165
0.31447362899780273 172
0.32305335998535156 178
0.3332817554473877 186
0.3426041603088379 194
0.3500046730041504 201
0.36155009269714355 210
0.3717336654663086 219
0.38121724128723145 227
0.38920021057128906 232
0.39766383171081543 240
0.40683865547180176 247
0.41529130935668945 253
0.42409610748291016 262
0.4348609447479248 270
0.44316649436950684 276
0.45145320892333984 284
0.4593081474304199 288
0.46895670890808105 295
0.4773557186126709 301
0.4871335029602051 306
0.49544382095336914 310
0.5046181678771973 315
0.5129098892211914 318
0.5211713314056396 321
0.5290501117706299 324
0.5396270751953125 328
0.548598051071167 329
0.5569148063659668 331
0.5653097629547119 334
0.5746340751647949 336
0.5840039253234863 339
0.59261155128479 341
0.6014184951782227 342
0.6094162464141846 343
0.6178569793701172 344
0.6261343955993652 345
0.6366617679595947 346
0.645010232925415 347
0.6533668041229248 349
0.6617507934570312 350
0.6717753410339355 350
0.6796131134033203 351
0.68916916847229 351
0.6975870132446289 352
0.7116146087646484 354
0.7195413112640381 355
0.7285656929016113 355
0.7390854358673096 354
0.7475218772888184 354
0.755791425704956 354
0.7645108699798584 354
0.7740688323974609 356
0.7828407287597656 356
0.7925405502319336 357
0.8013651371002197 356
0.8093147277832031 356
0.8176300525665283 356
0.8258602619171143 356
0.8350446224212646 358
0.8452644348144531 358
0.8536784648895264 358
0.8617784976959229 358
0.8730161190032959 358
0.8811619281768799 358
0.8897662162780762 358
0.8988804817199707 358
0.9073295593261719 359
0.9157083034515381 359
0.9245517253875732 359
0.9333055019378662 359
0.9432015419006348 359
0.9517321586608887 359
0.9595255851745605 359
0.9693179130554199 359
0.9775855541229248 359
0.985802173614502 359
0.9953110218048096 359
1.0045444965362549 359
1.0127882957458496 359
1.0201184749603271 359
1.0288846492767334 359
1.0375089645385742 359
1.0479774475097656 359
1.0566530227661133 359
1.065443754196167 359
1.074781894683838 359
1.0831961631774902 359
1.0926704406738281 359
1.101395606994629 359
1.1178958415985107 359
1.1261436939239502 359
1.135382890701294 359
1.1449341773986816 359
1.1531891822814941 359
1.1614372730255127 359
1.1715240478515625 359
1.1793200969696045 359
1.1878302097320557 359
1.1975812911987305 359
1.205956220626831 359
1.2146387100219727 359
1.2228953838348389 359
1.2317216396331787 359
1.2395591735839844 359
1.248974323272705 359
1.257643699645996 359
1.2685959339141846 359
1.2768497467041016 359
1.2850830554962158 359
1.2945301532745361 359
1.3034601211547852 359
1.3116366863250732 359
1.3195385932922363 359
1.32840895652771 359
1.3373134136199951 359
1.3467278480529785 359
1.3551175594329834 359
1.363940954208374 359
1.3739941120147705 359
1.3841257095336914 359
1.3926098346710205 359
1.4024322032928467 359
1.4097628593444824 359
1.4184331893920898 359
1.4266421794891357 359
1.4355542659759521 359
1.4441697597503662 359
1.453648328781128 359
1.4632365703582764 359
1.4725232124328613 359
1.4798147678375244 359
1.4885022640228271 359
1.4985501766204834 359
1.510735034942627 359
1.5190513134002686 359
1.5274732112884521 359
1.536623239517212 359
1.5449738502502441 359
1.554516315460205 359
1.5633082389831543 359
1.5728733539581299 359
1.5801618099212646 359
1.5888688564300537 359
1.5976097583770752 359
1.6069207191467285 359
1.6151912212371826 359
1.623764991760254 359
1.632854700088501 359
1.6406443119049072 359
1.6496293544769287 359
1.6589086055755615 359
1.675889492034912 359
1.6847097873687744 359
1.6929492950439453 359
1.7029855251312256 359
1.7111845016479492 359
1.7189862728118896 359
1.7292349338531494 359
1.7375617027282715 359
1.746009111404419 359
1.7557563781738281 359
1.7650022506713867 359
1.7744431495666504 359
1.783365249633789 359
1.794081211090088 359
1.8034512996673584 359
1.811781883239746 359
1.819530963897705 359
1.8286187648773193 359
1.8370108604431152 359
1.8453280925750732 359
1.854743480682373 359
1.8646047115325928 359
1.8734478950500488 359
1.8816518783569336 359
1.8894383907318115 359
1.8986763954162598 359
1.9124505519866943 359
1.9198472499847412 359
1.9294285774230957 359
1.937922716140747 359
1.9460065364837646 359
1.9546918869018555 359
1.9648990631103516 359
1.974705696105957 359
1.98319673538208 359
1.9913687705993652 359
1.9995622634887695 359
2.009615659713745 359
2.0179545879364014 359
2.0272157192230225 359
2.035461187362671 359
2.0440163612365723 359
2.0525388717651367 359
2.0624301433563232 359
2.072423219680786 359
2.079756736755371 359
2.0884411334991455 359
2.097404718399048 359
2.105905532836914 359
2.1154191493988037 359
2.1238677501678467 359
2.132948398590088 359
2.140740156173706 359
2.148942470550537 359
2.1572301387786865 359
2.1680946350097656 359
2.1770615577697754 359
2.18532133102417 359
2.1940267086029053 359
2.2025840282440186 359
2.2116332054138184 359
2.219435453414917 359
2.2321689128875732 359
2.2434844970703125 359
2.254673480987549 359
2.2697339057922363 359
2.2817227840423584 359
2.2941102981567383 359
2.3093700408935547 359
2.3188984394073486 359
2.3278911113739014 359
2.3364272117614746 359
2.3449695110321045 359
2.3533859252929688 359
2.363312244415283 359
2.3726518154144287 359
2.3813819885253906 359
2.38920259475708 359
2.3984134197235107 359
2.4067602157592773 359
2.4158782958984375 359
2.425246000289917 359
2.433528184890747 359
2.4417319297790527 359
2.449542760848999 359
2.458672523498535 358
2.4692163467407227 358
2.4775640964508057 358
2.4869017601013184 359
2.495828151702881 359
2.504523277282715 359
2.51279354095459 359
2.5230000019073486 358
2.5312583446502686 358
2.5390589237213135 358
2.54748797416687 359
2.5566978454589844 359
2.566044807434082 359
2.575194835662842 358
2.58463454246521 358
2.593686103820801 358
2.6017723083496094 358
2.6095526218414307 358
2.6193063259124756 359
2.6284265518188477 358
2.6367599964141846 358
2.6453280448913574 358
2.653669834136963 358
2.6628453731536865 358
2.6726980209350586 358
2.679964780807495 358
2.688939094543457 358
2.6972131729125977 358
2.7088205814361572 358
2.7192368507385254 358
2.7286038398742676 358
2.7369496822357178 358
2.7453620433807373 358
2.7537930011749268 358
2.7629597187042236 358
2.7729694843292236 358
2.781203508377075 358
2.7901041507720947 358
2.798718214035034 358
2.809257745742798 358
2.8175787925720215 358
2.8275415897369385 358
2.8358397483825684 358
2.8445165157318115 358
2.8528006076812744 358
2.8614776134490967 358
2.8717234134674072 358
2.8796114921569824 358
2.889084577560425 358
2.8974266052246094 358
2.9056878089904785 358
2.914130210876465 358
2.9238088130950928 358
2.9321212768554688 358
2.939732313156128 358
2.9486124515533447 358
2.957521438598633 358
2.9659152030944824 358
2.9757559299468994 358
2.984469175338745 358
2.9931182861328125 358
3.001288890838623 358
3.009336471557617 358
3.0175938606262207 358
3.027785539627075 358
3.0359339714050293 358
3.044603109359741 358
3.0534539222717285 358
3.0617029666900635 358
3.071197748184204 358
3.079780340194702 358
3.0890166759490967 358
3.09794282913208 358
3.106034755706787 358
3.118626594543457 358
3.128887891769409 358
3.137385606765747 358
3.1455869674682617 358
3.1546928882598877 358
3.162973403930664 358
3.1723859310150146 358
3.181544303894043 358
3.190077066421509 358
3.1992084980010986 358
3.207520008087158 358
3.215717315673828 358
3.2250025272369385 358
3.234524965286255 358
3.2429347038269043 358
3.2506940364837646 358
3.259385108947754 358
3.2693264484405518 358
3.278700351715088 358
3.2876136302948 358
3.295825242996216 358
3.3052210807800293 358
3.31453800201416 358
3.323549270629883 358
3.33312726020813 358
3.3413031101226807 358
3.3491320610046387 358
3.3579328060150146 358
3.3740553855895996 357
3.383488655090332 357
3.392791509628296 357
3.401719570159912 358
3.409557342529297 358
3.41886830329895 358
3.4274730682373047 358
3.436927080154419 357
3.4453744888305664 357
3.4541501998901367 357
3.462649345397949 357
3.4715819358825684 358
3.4807674884796143 358
3.4896433353424072 358
3.4981260299682617 357
3.507242441177368 357
3.5212361812591553 357
3.529404401779175 358
3.5390431880950928 358
3.5475502014160156 358
3.556626796722412 358
3.5649523735046387 357
3.574594497680664 356
3.5848426818847656 356
3.593127965927124 357
3.601534605026245 358
3.6096510887145996 358
3.6186583042144775 358
3.6269397735595703 357
3.636615753173828 356
3.6451125144958496 356
3.654663324356079 357
3.663234233856201 358
3.680163860321045 358
3.691274404525757 356
3.6994364261627197 356
3.707875967025757 355
3.717142105102539 355
3.727393627166748 356
3.7374370098114014 356
3.7457034587860107 356
3.755117177963257 356
3.7634470462799072 356
3.7728662490844727 356
3.7813069820404053 357
3.792574167251587 356
3.8000080585479736 356
3.8087217807769775 355
3.8186771869659424 355
3.82708740234375 356
3.83540940284729 356
3.8450727462768555 356
3.8540093898773193 355
3.862649440765381 355
3.871356964111328 356
3.8793203830718994 356
3.889385223388672 356
3.897664785385132 356
3.9060049057006836 355
3.9207966327667236 355
3.929131269454956 355
3.9387190341949463 356
3.9473206996917725 356
3.956103801727295 357
3.9649839401245117 357
3.9745891094207764 356
3.9831840991973877 356
3.9925663471221924 356
3.9998652935028076 356
4.00856876373291 356
4.017531871795654 356
4.026002407073975 355
4.034775018692017 355
4.044473648071289 356
4.053482532501221 356
4.061710596084595 357
4.071276426315308 357
4.079150915145874 356
4.088101387023926 356
4.097534656524658 356
4.10574197769165 356
4.114941120147705 356
4.1232075691223145 357
4.131593227386475 357
4.139441013336182 356
4.151240587234497 356
4.159076690673828 356
4.1684606075286865 356
4.176923751831055 357
4.185865163803101 357
4.1954169273376465 357
4.2039923667907715 356
4.212672710418701 356
4.221553325653076 356
4.2298057079315186 356
4.238550901412964 356
4.248509883880615 356
4.256736516952515 356
4.265305042266846 355
4.275573492050171 355
4.284916162490845 356
4.295525789260864 356
4.30667519569397 356
4.325514316558838 356
4.337910890579224 355
4.352632522583008 356
4.364044666290283 356
4.376097679138184 356
4.389465808868408 356
4.402792930603027 356
4.414892196655273 355
4.423171281814575 355
4.431559324264526 356
4.4395341873168945 356
4.452794790267944 355
4.460167169570923 355
4.469679832458496 355
4.478689670562744 356
4.487152099609375 356
4.4954540729522705 356
4.505519866943359 356
4.515759229660034 355
4.5246100425720215 355
4.533452749252319 355
4.5416998863220215 356
4.5517754554748535 356
4.55955171585083 356
4.56917667388916 356
4.578455924987793 356
4.5867016315460205 355
4.595220565795898 355
4.604732990264893 355
4.61348032951355 356
4.621748685836792 356
4.630136251449585 356
4.6388514041900635 356
4.647636413574219 355
4.657285213470459 355
4.665764093399048 355
4.675206184387207 356
4.684850454330444 356
4.693322420120239 356
4.703011989593506 356
4.711535215377808 355
4.723957777023315 355
4.732617139816284 355
4.73993706703186 355
4.749486446380615 355
4.759140491485596 356
4.768577337265015 356
4.7774341106414795 355
4.78649115562439 355
4.794901609420776 356
4.806672811508179 356
4.815635442733765 356
4.8244922161102295 355
4.832894802093506 354
4.841749668121338 355
4.850740909576416 356
4.859878063201904 356
4.869553565979004 356
4.878820180892944 355
4.887310743331909 354
4.895654678344727 354
4.905148506164551 354
4.914587497711182 355
4.923124074935913 356
4.931467771530151 356
4.939834356307983 355
4.949106693267822 354
4.959841251373291 354
4.969267845153809 354
4.978686094284058 355
4.987301826477051 356
4.995633840560913 356
