0 0
0.015214681625366211 0
0.035187482833862305 0
0.055620670318603516 3
0.07719993591308594 8
0.08995842933654785 14
0.09830379486083984 17
0.10708379745483398 19
0.11539006233215332 20
0.12489032745361328 21
0.13233208656311035 22
0.14371299743652344 24
0.15171313285827637 26
0.16102218627929688 28
0.1694645881652832 29
0.17794322967529297 30
0.18752336502075195 31
0.1971120834350586 33
0.2055046558380127 34
0.21375775337219238 37
0.22226309776306152 38
0.23101067543029785 40
0.24170398712158203 40
0.2501349449157715 40
0.2593808174133301 42
0.2677452564239502 43
0.2762928009033203 45
0.28591108322143555 47
0.30173277854919434 48
0.31032609939575195 51
0.319657564163208 53
0.32829928398132324 54
0.33701157569885254 55
0.34726881980895996 56
0.3559727668762207 57
0.36430788040161133 59
0.3722834587097168 62
0.38116002082824707 64
0.39121532440185547 66
0.39960241317749023 66
0.4079866409301758 67
0.4164547920227051 67
0.4257814884185791 68
0.4341249465942383 70
0.44461488723754883 72
0.45226168632507324 74
0.46142578125 76
0.4699118137359619 77
0.4781942367553711 78
0.48741769790649414 79
0.49715638160705566 80
0.5054435729980469 82
0.513756513595581 84
0.5221107006072998 85
0.5312392711639404 86
0.5405278205871582 87
0.5504202842712402 88
0.5596363544464111 90
0.5680394172668457 92
0.5766313076019287 94
0.5852432250976562 95
0.5953450202941895 95
0.6039862632751465 96
0.6122026443481445 96
0.6213617324829102 98
0.6296727657318115 100
0.6425552368164062 104
0.6539089679718018 105
0.6617386341094971 106
0.6700234413146973 107
0.6784505844116211 108
0.6938986778259277 110
0.7025866508483887 112
0.7119204998016357 113
0.7214164733886719 115
0.7297348976135254 116
0.7383465766906738 116
0.7485349178314209 117
0.7579951286315918 118
0.7664692401885986 120
0.775099515914917 122
0.7824850082397461 123
0.7920353412628174 124
0.8024988174438477 124
0.8112587928771973 125
0.8211307525634766 126
0.8294422626495361 128
0.8378982543945312 129
0.8480820655822754 130
0.8575699329376221 130
0.8659133911132812 131
0.8741953372955322 132
0.8819949626922607 133
0.8912296295166016 134
0.9005889892578125 135
0.9092116355895996 136
0.9184741973876953 137
0.92716383934021 138
0.9354245662689209 138
0.9450435638427734 140
0.955019474029541 141
0.9623579978942871 142
0.9710595607757568 143
0.9795129299163818 144
0.9881582260131836 145
0.9973578453063965 146
1.0066134929656982 147
1.0151503086090088 147
1.0237822532653809 148
1.0317296981811523 149
1.0414068698883057 150
1.0514476299285889 152
1.0599796772003174 153
1.0681777000427246 154
1.0770957469940186 154
1.0858042240142822 154
1.099208116531372 155
1.1085481643676758 157
1.1179280281066895 159
1.126584529876709 160
1.1351344585418701 160
1.1442067623138428 160
1.155747652053833 161
1.1640903949737549 163
1.1719121932983398 164
1.180293321609497 165
1.1894006729125977 165
1.1977565288543701 166
1.2075881958007812 166
1.2171063423156738 166
1.2254517078399658 167
1.2337610721588135 169
1.2439615726470947 171
1.252328872680664 172
1.2618765830993652 172
1.2703819274902344 172
1.2791149616241455 172
1.29201340675354 174
1.300546407699585 176
1.3099634647369385 178
1.319115161895752 179
1.3276448249816895 180
1.3363754749298096 180
1.3465442657470703 180
1.358144998550415 182
1.3669891357421875 184
1.37540602684021 185
1.384570598602295 186
1.3923513889312744 186
1.4012937545776367 187
1.4118871688842773 188
1.4208931922912598 189
1.4292082786560059 190
1.4375803470611572 190
1.4480934143066406 190
1.4582781791687012 190
1.4672038555145264 191
1.4764909744262695 193
1.48551344871521 194
1.498408555984497 196
1.5072355270385742 196
1.518322229385376 196
1.5278351306915283 196
1.536358118057251 198
1.54575777053833 200
1.55513334274292 202
1.5658786296844482 202
1.5752816200256348 202
1.5863323211669922 203
1.5949761867523193 204
1.6023085117340088 205
1.6122519969940186 206
1.6212596893310547 206
1.629655122756958 205
1.640434741973877 205
1.6495678424835205 206
1.6578788757324219 207
1.6675257682800293 209
1.6758511066436768 210
1.6851279735565186 210
1.6925666332244873 209
1.7014844417572021 209
1.7099008560180664 209
1.7201387882232666 210
1.7286076545715332 212
1.7373619079589844 213
1.747366189956665 214
1.7559208869934082 214
1.7655751705169678 214
1.7738819122314453 214
1.7822091579437256 215
1.790923833847046 216
1.7992308139801025 217
1.807666301727295 218
1.8178737163543701 218
1.8264830112457275 217
1.8351078033447266 216
1.8442285060882568 217
1.8526344299316406 218
1.8615436553955078 219
1.8709030151367188 219
1.879915475845337 219
1.8883039951324463 218
1.9013917446136475 220
1.9101440906524658 221
1.9248921871185303 224
1.936638593673706 225
1.9500422477722168 224
1.961331844329834 223
1.975050449371338 224
1.9881224632263184 227
1.9999804496765137 230
2.0154669284820557 231
2.025019884109497 231
2.0324668884277344 230
2.041987895965576 230
2.0511815547943115 230
2.0596423149108887 232
2.069149971008301 233
2.0782675743103027 235
2.087026357650757 236
2.095428705215454 236
2.103748083114624 234
2.112009286880493 234
2.121758460998535 234
2.1300363540649414 236
2.138540267944336 236
2.1512482166290283 236
2.160083532333374 236
2.1683671474456787 235
2.1784839630126953 236
2.1871862411499023 237
2.1956446170806885 239
2.2042946815490723 240
2.213238000869751 241
2.2223029136657715 242
2.2315480709075928 242
2.2418158054351807 242
2.250971794128418 242
2.2593774795532227 244
2.267723798751831 244
2.2778427600860596 245
2.2863259315490723 244
2.2984135150909424 244
2.3072288036346436 244
2.3163399696350098 245
2.3258440494537354 247
2.3342278003692627 248
2.3440980911254883 249
2.351919651031494 249
2.360431671142578 249
2.368621349334717 250
2.379244089126587 251
2.3877339363098145 252
2.396270990371704 253
2.4045748710632324 253
2.4124741554260254 252
2.421403169631958 253
2.4312903881073 254
2.4403610229492188 255
2.449777126312256 256
2.4580538272857666 257
2.466627597808838 258
2.476592540740967 259
2.4851021766662598 259
2.4924356937408447 258
2.501192092895508 258
2.510138988494873 258
2.518322229385376 259
2.5279669761657715 261
2.536949872970581 262
2.547151803970337 263
2.555427074432373 262
2.5637667179107666 262
2.5715959072113037 261
2.581566333770752 261
2.58988618850708 262
2.5983564853668213 263
2.6071133613586426 264
2.6160192489624023 264
2.6242330074310303 264
2.634180784225464 266
2.6441516876220703 266
2.651977300643921 266
2.6618103981018066 265
2.670138120651245 266
2.6803576946258545 267
2.688549757003784 267
2.701117992401123 267
2.7101123332977295 266
2.719123601913452 266
2.727574110031128 267
2.737198829650879 268
2.747123956680298 270
2.7555902004241943 270
2.763798952102661 269
2.7718887329101562 268
2.7820725440979004 269
2.790567636489868 270
2.7990987300872803 270
2.807936429977417 270
2.8163790702819824 270
2.8246278762817383 271
2.833951473236084 272
2.844191074371338 273
2.852074146270752 273
2.8604300022125244 272
2.86895489692688 272
2.877716064453125 272
2.887162685394287 272
2.8957326412200928 274
2.904188394546509 275
2.912442207336426 275
2.921118974685669 274
2.9295401573181152 274
2.939819097518921 274
2.94807505607605 274
2.957047939300537 275
2.965460777282715 276
2.9742159843444824 278
2.9837512969970703 278
2.9915952682495117 278
2.9999964237213135 277
3.009223222732544 278
3.0179104804992676 278
3.026610851287842 279
3.0358731746673584 280
3.0457794666290283 280
3.054020881652832 279
3.061901569366455 278
3.0703399181365967 278
3.079728364944458 279
3.0892333984375 280
3.1014394760131836 281
3.111119508743286 281
3.120048999786377 281
3.128455400466919 280
3.139453649520874 280
3.147911310195923 281
3.1569113731384277 282
3.1655080318450928 284
3.1765575408935547 283
3.1855432987213135 282
3.195227861404419 282
3.2025275230407715 282
3.211512565612793 282
3.219763994216919 283
3.2281196117401123 284
3.238389730453491 285
3.2483930587768555 284
3.2573049068450928 283
3.265669107437134 282
3.275254487991333 282
3.2825584411621094 283
3.29235577583313 284
3.3011364936828613 285
3.310114860534668 284
3.318584442138672 284
3.3272361755371094 283
3.335602045059204 283
3.3463518619537354 284
3.3549721240997314 285
3.362384080886841 285
3.371619939804077 285
3.3801605701446533 285
3.396486520767212 285
3.405479669570923 286
3.413766384124756 287
3.4218661785125732 287
3.430398941040039 286
3.441593647003174 286
3.449873208999634 286
3.458529233932495 287
3.467367649078369 288
3.476534605026245 289
3.485124111175537 288
3.494114875793457 287
3.5072031021118164 286
3.5157198905944824 287
3.524099826812744 288
3.5321035385131836 288
3.5432541370391846 288
3.5516483783721924 288
3.5600907802581787 288
3.5683019161224365 288
3.5775179862976074 288
3.585829496383667 289
3.5954391956329346 290
3.604562997817993 291
3.612283229827881 290
3.6211516857147217 289
3.629558801651001 288
3.6390907764434814 289
3.6518914699554443 290
3.661663055419922 291
3.671255111694336 291
3.6798553466796875 290
3.6881606578826904 289
3.69909930229187 289
3.708172559738159 290
3.717014789581299 290
3.725362777709961 291
3.7336950302124023 291
3.7431721687316895 291
3.752192258834839 291
3.7637414932250977 292
3.772308588027954 292
3.781000852584839 292
3.789216995239258 292
3.798462152481079 293
3.808046340942383 294
3.8166165351867676 294
3.825173854827881 293
3.832575559616089 292
3.8425347805023193 292
3.8521029949188232 293
3.861032009124756 294
3.8705952167510986 295
3.8792104721069336 295
3.8876030445098877 295
3.8959169387817383 295
3.9099855422973633 296
3.918609380722046 296
3.927361011505127 296
3.9364571571350098 296
3.94549298286438 296
3.9549825191497803 296
3.9623639583587646 296
3.9716644287109375 297
3.980290412902832 298
3.9885356426239014 297
3.9982831478118896 296
4.011380672454834 296
4.023104667663574 298
4.035981893539429 298
4.048177003860474 298
4.060967922210693 297
4.073947429656982 296
4.082197904586792 296
4.090848207473755 297
4.099829196929932 298
4.109591722488403 298
4.1179163455963135 298
4.1265318393707275 297
4.135420560836792 297
4.144890069961548 297
4.153869867324829 298
4.162135362625122 298
4.1714606285095215 298
4.1797614097595215 298
4.187998294830322 298
4.196559906005859 298
4.2063515186309814 298
4.214972019195557 298
4.222333908081055 298
4.231002330780029 299
4.241593360900879 300
4.250006198883057 300
4.259533166885376 299
4.26988410949707 297
4.278357028961182 297
4.2870728969573975 298
4.295456171035767 298
4.310340881347656 298
4.318623065948486 298
4.327460050582886 298
4.336943864822388 298
4.3461503982543945 298
4.354241371154785 298
4.363656282424927 298
4.371963024139404 299
4.380444049835205 299
4.3888890743255615 299
4.397484302520752 299
4.407866477966309 299
4.416320562362671 299
4.4246344566345215 299
4.433620929718018 299
4.4420318603515625 299
4.4503796100616455 300
4.460122585296631 300
4.469182729721069 300
4.478025436401367 300
4.487297773361206 300
4.495588302612305 300
4.504901885986328 300
4.51396107673645 300
4.52190637588501 301
4.531171560287476 301
4.542190074920654 301
4.550923109054565 301
4.559877395629883 301
4.568893194198608 301
4.577603578567505 302
4.5861451625823975 301
4.595049142837524 301
4.604890584945679 301
4.613933324813843 302
4.6218953132629395 302
4.631136417388916 302
4.640127420425415 302
4.648340940475464 302
4.656998872756958 302
4.666489601135254 303
4.675155401229858 303
4.682461500167847 303
4.691222906112671 302
4.7001118659973145 302
4.715094566345215 303
4.722558975219727 303
4.732027053833008 303
4.741632461547852 302
4.750026226043701 302
4.758474111557007 302
4.768232345581055 302
4.777292490005493 302
4.785569667816162 302
4.793709993362427 302
4.80212140083313 302
4.810549736022949 302
4.819935321807861 302
4.828138828277588 302
4.837118148803711 302
4.846222639083862 302
4.854234218597412 302
4.862604856491089 302
4.872127294540405 302
4.88503360748291 302
4.893697500228882 302
4.9021217823028564 302
4.910449028015137 301
4.920016527175903 301
4.9310386180877686 302
4.941274166107178 302
4.949555158615112 302
4.957780122756958 302
4.968024253845215 301
4.976624965667725 301
4.985499620437622 302
4.995128154754639 302
