0 0
0.02625274658203125 0
0.06019997596740723 0
0.08266782760620117 4
0.10861992835998535 15
0.1307680606842041 23
0.14269161224365234 30
0.1550889015197754 37
0.16677355766296387 45
0.17830777168273926 53
0.18781256675720215 58
0.1963663101196289 64
0.20490002632141113 71
0.21352314949035645 77
0.22251486778259277 84
0.23122119903564453 90
0.24069428443908691 97
0.24952220916748047 103
0.2583334445953369 109
0.266721248626709 117
0.2756032943725586 123
0.2871067523956299 133
0.2960822582244873 139
0.3044426441192627 147
0.3128514289855957 153
0.3211822509765625 160
0.33079051971435547 168
0.34003233909606934 174
0.34855103492736816 182
0.37097597122192383 202
0.3991875648498535 223
0.4162914752960205 237
0.42696428298950195 246
0.44179344177246094 259
0.4502525329589844 263
0.4595940113067627 272
0.46819257736206055 279
0.47887206077575684 288
0.48894572257995605 297
0.49718523025512695 303
0.5059876441955566 309
0.5143091678619385 315
0.5237600803375244 322
0.5310990810394287 328
0.5407736301422119 331
0.5500571727752686 335
0.5589993000030518 338
0.5672166347503662 341
0.576350212097168 343
0.587116003036499 345
0.5960679054260254 346
0.6044073104858398 347
0.6126613616943359 348
0.621112585067749 350
0.6299810409545898 352
0.639533281326294 353
0.6477947235107422 354
0.6567168235778809 355
0.6706075668334961 354
0.6802303791046143 354
0.690659761428833 354
0.7175390720367432 357
0.7340562343597412 360
0.7436349391937256 361
0.7510819435119629 361
0.767073392868042 359
0.7783873081207275 356
0.7895710468292236 355
0.7980194091796875 355
0.8063619136810303 355
0.8149328231811523 356
0.8241128921508789 357
0.8383705615997314 359
0.8470008373260498 358
0.8567297458648682 357
0.8657121658325195 356
0.8740987777709961 356
0.8835680484771729 357
0.8937768936157227 357
0.9010970592498779 358
0.9097731113433838 358
0.9185647964477539 357
0.9269871711730957 357
0.93564772605896 357
0.9449849128723145 358
0.954596996307373 359
0.9631187915802002 359
0.970766544342041 359
0.9803204536437988 358
0.9966104030609131 357
1.0051608085632324 357
1.0137875080108643 358
1.0224685668945312 359
1.0390851497650146 359
1.0595424175262451 356
1.0679407119750977 355
1.0904655456542969 354
1.1008241176605225 355
1.1106691360473633 357
1.120154619216919 358
1.128652572631836 358
1.137019157409668 357
1.14652419090271 357
1.1559216976165771 356
1.164863109588623 357
1.1735382080078125 357
1.1825711727142334 358
1.19089937210083 358
1.200606346130371 357
1.209585189819336 357
1.2185239791870117 357
1.226773977279663 357
1.2564234733581543 358
1.2745583057403564 358
1.302309513092041 356
1.3104827404022217 355
1.3201539516448975 355
1.328465223312378 355
1.3368520736694336 356
1.3463428020477295 357
1.3566937446594238 357
1.3652324676513672 356
1.3740122318267822 355
1.3839061260223389 355
1.3912532329559326 355
1.400804042816162 356
1.4095990657806396 357
1.41861891746521 357
1.4268224239349365 357
1.4357755184173584 356
1.4441304206848145 355
1.4542937278747559 356
1.4624993801116943 357
1.4710099697113037 357
1.4804191589355469 357
1.4906487464904785 355
1.5006544589996338 355
1.5097064971923828 356
1.5249686241149902 357
1.5334792137145996 358
1.5540039539337158 357
1.569648265838623 352
1.595923900604248 351
1.6051902770996094 351
1.613917350769043 353
1.6228911876678467 355
1.630769968032837 356
1.6456687450408936 356
1.6557056903839111 356
1.6644787788391113 355
1.6740365028381348 355
1.6911585330963135 356
1.7000524997711182 357
1.709733247756958 357
1.7187669277191162 357
1.728236198425293 356
1.7385435104370117 355
1.748699426651001 355
1.7580418586730957 355
1.7663648128509521 355
1.7757792472839355 355
1.7867867946624756 356
1.7966322898864746 356
1.8137524127960205 355
1.8223071098327637 355
1.8310236930847168 355
1.8397529125213623 355
1.8491718769073486 355
1.8607125282287598 356
1.8702166080474854 356
1.8805532455444336 355
1.8917796611785889 355
1.9137396812438965 355
1.9360909461975098 356
1.9444706439971924 356
1.961214542388916 355
1.9781458377838135 354
1.9895834922790527 354
2.0003011226654053 354
2.0111160278320312 355
2.020162582397461 355
2.0285065174102783 355
2.043515682220459 355
2.052661657333374 355
2.0638554096221924 355
2.0711476802825928 355
2.0806727409362793 355
2.0890121459960938 355
2.113921880722046 355
2.130279302597046 355
2.1385669708251953 355
2.166703939437866 355
2.180285930633545 355
2.1926562786102295 355
2.2062413692474365 355
2.2198121547698975 355
2.230562686920166 355
2.2424609661102295 355
2.2545692920684814 355
2.262812614440918 355
2.2723188400268555 355
2.2826783657073975 355
2.290985107421875 355
2.2997007369995117 355
2.3079652786254883 355
2.3180935382843018 354
2.3264708518981934 354
2.335530996322632 354
2.3442180156707764 354
2.3523974418640137 354
2.3602535724639893 355
2.3699405193328857 355
2.3798937797546387 354
2.3882813453674316 353
2.3968112468719482 353
2.4055068492889404 353
2.414428472518921 354
2.443855047225952 356
2.4609010219573975 355
2.470456600189209 354
2.488665819168091 351
2.504741668701172 352
2.5149035453796387 353
2.5243868827819824 354
2.532836675643921 354
2.5434861183166504 354
2.5509819984436035 353
2.5597236156463623 353
2.5679421424865723 353
2.578594923019409 353
2.586827516555786 353
2.595933198928833 353
2.6042137145996094 353
2.613208532333374 353
2.622469186782837 353
2.6302902698516846 353
2.6387290954589844 353
2.662566900253296 353
2.6910977363586426 353
2.7108211517333984 353
2.7197601795196533 353
2.7307627201080322 353
2.7398698329925537 353
2.74847412109375 353
2.758362054824829 353
2.7667160034179688 353
2.7766621112823486 353
2.7858188152313232 353
2.7941746711730957 353
2.8031179904937744 353
2.811084747314453 353
2.81990909576416 353
2.8290815353393555 353
2.8372292518615723 353
2.8503360748291016 353
2.858741521835327 353
2.867070198059082 353
2.8843302726745605 353
2.910837411880493 352
2.919614553451538 352
2.9303247928619385 353
2.9442343711853027 353
2.956590175628662 352
2.9740021228790283 351
2.984933853149414 351
2.9937424659729004 352
3.002887010574341 353
3.0123071670532227 353
3.0271828174591064 352
3.0379505157470703 351
3.0469698905944824 349
3.0559098720550537 350
3.064281702041626 351
3.0736465454101562 351
3.088178873062134 351
3.0964484214782715 350
3.1049938201904297 349
3.1152310371398926 349
3.124211549758911 350
3.1363813877105713 351
3.152613639831543 353
3.16093373298645 352
3.1701605319976807 351
3.180323600769043 350
3.189859628677368 350
3.207118034362793 352
3.227991819381714 353
3.2562079429626465 350
3.267162799835205 348
3.278679370880127 347
3.288362503051758 347
3.2967708110809326 348
3.3060171604156494 349
3.314342737197876 350
3.322686195373535 350
3.3305246829986572 350
3.340670585632324 349
3.349712610244751 349
3.3583080768585205 349
3.3665738105773926 349
3.3756983280181885 350
3.3925130367279053 351
3.4144251346588135 347
3.4367856979370117 341
3.454953193664551 340
3.4636921882629395 340
3.4726462364196777 340
3.4811577796936035 341
3.4907479286193848 343
3.499189853668213 344
3.5097460746765137 346
3.518559694290161 347
3.526824712753296 347
3.5357136726379395 347
3.545760154724121 346
3.554027795791626 347
3.5622448921203613 347
3.57068133354187 348
3.580083131790161 349
3.5895330905914307 349
3.5980207920074463 349
3.606736421585083 348
3.6152493953704834 347
3.624311923980713 348
3.652357578277588 351
3.672297239303589 352
3.6965668201446533 350
3.7069127559661865 348
3.7160048484802246 347
3.7245311737060547 345
3.732866048812866 345
3.743568181991577 346
3.7528297901153564 348
3.7606399059295654 349
3.769853353500366 349
3.7795650959014893 348
3.7879457473754883 347
3.797086000442505 347
3.806197166442871 347
3.814485788345337 348
3.823906421661377 349
3.831817626953125 349
3.840650796890259 349
3.8501436710357666 349
3.8584799766540527 348
3.8668265342712402 348
3.8761844635009766 348
3.8856000900268555 349
3.8951609134674072 349
3.903914451599121 350
3.918147325515747 349
3.9404451847076416 347
3.960660457611084 345
3.980093002319336 348
3.9886293411254883 350
3.9982802867889404 351
4.0071632862091064 352
4.016064167022705 351
4.025167226791382 351
4.034780025482178 350
4.04872727394104 351
4.057166814804077 351
4.066080808639526 351
4.08256459236145 350
4.090477228164673 349
4.09996771812439 349
4.108989953994751 349
4.1171369552612305 349
4.1258544921875 349
4.135859727859497 350
4.144746780395508 349
4.154281377792358 349
4.1625823974609375 348
4.171147346496582 348
4.180826187133789 348
4.204252481460571 349
4.2244954109191895 346
4.2544496059417725 342
4.26686692237854 342
4.2801549434661865 343
4.290874242782593 345
4.304495573043823 346
4.316283226013184 346
4.328095197677612 345
4.340335369110107 344
4.348760366439819 345
4.3581883907318115 345
4.367027997970581 346
4.375917196273804 347
4.3850438594818115 347
4.3935723304748535 346
4.404086112976074 345
4.412426233291626 345
4.4202492237091064 346
4.428656101226807 347
4.438284873962402 347
4.458465814590454 344
4.484773874282837 342
4.510490417480469 344
4.5194714069366455 346
4.527980327606201 347
4.5367045402526855 349
4.545562744140625 349
4.554609775543213 348
4.565149307250977 347
4.573834419250488 346
4.582714557647705 347
4.590758562088013 347
4.599888563156128 347
4.609581470489502 348
4.6180739402771 348
4.626526832580566 347
4.63582968711853 347
4.644536256790161 347
4.6528050899505615 348
4.668532609939575 348
4.6902546882629395 346
4.716503620147705 342
4.7269017696380615 342
4.736565113067627 343
4.751230239868164 346
4.760969400405884 348
4.771219253540039 348
4.782427787780762 348
4.790591716766357 347
4.800273656845093 346
4.8102946281433105 346
4.818642854690552 347
4.827018737792969 347
4.836389064788818 347
4.849785089492798 347
4.858389139175415 347
4.868674039840698 347
4.8772430419921875 347
4.886814832687378 347
4.896660566329956 347
4.907023906707764 347
4.917600393295288 347
4.932848215103149 346
4.953263759613037 345
4.968132257461548 346
4.992908000946045 349
