0 0
0.01550602912902832 0
0.032323598861694336 0
0.04862809181213379 2
0.06687593460083008 6
0.08410406112670898 12
0.09187531471252441 14
0.10016751289367676 19
0.10985302925109863 24
0.11837577819824219 29
0.1268165111541748 34
0.1367795467376709 40
0.14535284042358398 45
0.1526505947113037 50
0.1620779037475586 56
0.1712946891784668 63
0.17968106269836426 68
0.18880486488342285 76
0.19801068305969238 82
0.20736217498779297 89
0.2156205177307129 95
0.2228832244873047 101
0.23147058486938477 107
0.2414398193359375 115
0.24967288970947266 121
0.2624344825744629 132
0.27190637588500977 138
0.280470609664917 146
0.2899777889251709 153
0.2988011837005615 161
0.3080019950866699 167
0.3162868022918701 175
0.32454848289489746 182
0.33234405517578125 188
0.3422727584838867 196
0.35062718391418457 203
0.3601105213165283 211
0.36927127838134766 218
0.37771153450012207 224
0.3868865966796875 232
0.395402193069458 239
0.40399622917175293 247
0.4119303226470947 252
0.420332670211792 260
0.4285554885864258 267
0.4383859634399414 275
0.44684791564941406 282
0.4555094242095947 288
0.464557409286499 296
0.47272300720214844 303
0.48157596588134766 310
0.49074530601501465 318
0.498873233795166 325
0.508143424987793 332
0.5164890289306641 340
0.524590015411377 346
0.5323441028594971 353
0.5422370433807373 360
0.5504508018493652 368
0.5589118003845215 373
0.5686004161834717 380
0.5779881477355957 385
0.5867524147033691 388
0.5962448120117188 392
0.6059749126434326 394
0.6141493320465088 395
0.6219041347503662 396
0.630190372467041 395
0.6388528347015381 394
0.6482782363891602 393
0.6621372699737549 390
0.6716148853302002 386
0.6799781322479248 384
0.6884150505065918 379
0.6979200839996338 375
0.7074377536773682 370
0.7158515453338623 365
0.7235922813415527 361
0.7317509651184082 355
0.7406365871429443 351
0.7498095035552979 348
0.7581167221069336 344
0.7680103778839111 342
0.7765777111053467 340
0.7845799922943115 340
0.7940535545349121 340
0.8025918006896973 340
0.8112378120422363 342
0.819321870803833 344
0.8277444839477539 346
0.8369829654693604 350
0.846167802810669 354
0.8542470932006836 358
0.8627703189849854 362
0.8717262744903564 365
0.8798892498016357 368
0.8882184028625488 370
0.8976795673370361 372
0.9066967964172363 373
0.9149389266967773 373
0.9225080013275146 372
0.9317026138305664 371
0.9400100708007812 370
0.9489643573760986 367
0.9576513767242432 364
0.9679772853851318 360
0.9762260913848877 356
0.9843575954437256 354
0.9920876026153564 352
1.0021052360534668 349
1.0103812217712402 348
1.0196514129638672 347
1.0279431343078613 347
1.0368881225585938 348
1.0452756881713867 350
1.0542323589324951 352
1.0684881210327148 357
1.0773775577545166 359
1.085902214050293 362
1.096130132675171 365
1.1058058738708496 366
1.1135644912719727 367
1.125246286392212 367
1.1374430656433105 366
1.1497712135314941 363
1.161850929260254 360
1.1740121841430664 356
1.185659646987915 354
1.19732666015625 352
1.206463098526001 350
1.21445631980896 350
1.2221050262451172 350
1.2308070659637451 351
1.2388525009155273 352
1.247401475906372 353
1.2566111087799072 356
1.2664563655853271 358
1.2744431495666504 360
1.282139778137207 361
1.2902920246124268 363
1.2994298934936523 364
1.308490514755249 364
1.3173155784606934 364
1.3259341716766357 364
1.3345084190368652 362
1.3422203063964844 361
1.3503906726837158 360
1.359858512878418 357
1.372284173965454 355
1.3807263374328613 354
1.3887407779693604 353
1.3977384567260742 352
1.4069218635559082 352
1.4155569076538086 352
1.4253501892089844 353
1.4341065883636475 354
1.4419398307800293 355
1.4502084255218506 356
1.4662065505981445 358
1.474449872970581 360
1.485499382019043 360
1.4926717281341553 360
1.5016283988952637 360
1.5104944705963135 360
1.5185763835906982 360
1.5280938148498535 359
1.5366103649139404 358
1.5445265769958496 357
1.5522181987762451 357
1.5628972053527832 356
1.571469783782959 355
1.5796847343444824 355
1.5878241062164307 354
1.5966417789459229 355
1.6045706272125244 355
1.61350417137146 356
1.6217455863952637 356
1.6309165954589844 356
1.638868808746338 357
1.647341251373291 358
1.6555004119873047 358
1.6661179065704346 358
1.6742055416107178 358
1.682081937789917 358
1.6902134418487549 358
1.6987309455871582 357
1.7080535888671875 357
1.716270923614502 356
1.7243802547454834 356
1.7329282760620117 356
1.7415878772735596 356
1.7496955394744873 356
1.7588486671447754 356
1.7680485248565674 356
1.7761645317077637 356
1.7842087745666504 356
1.7918591499328613 356
1.8004906177520752 356
1.8097870349884033 356
1.8179810047149658 356
1.8268649578094482 356
1.8358817100524902 356
1.8439710140228271 356
1.8516674041748047 356
1.8657889366149902 356
1.8734588623046875 356
1.8816862106323242 356
1.8899121284484863 356
1.898653507232666 356
1.9069240093231201 356
1.9163036346435547 356
1.9243745803833008 356
1.9326095581054688 356
1.9416704177856445 356
1.9497261047363281 356
1.9579241275787354 356
1.9687552452087402 356
1.9773929119110107 356
1.98573637008667 356
1.9956629276275635 356
2.0054197311401367 356
2.014310598373413 356
2.021979808807373 356
2.0306246280670166 356
2.0387561321258545 356
2.0473029613494873 356
2.0554561614990234 356
2.0658671855926514 356
2.073556423187256 356
2.0816094875335693 356
2.0896754264831543 356
2.09860897064209 356
2.106936454772949 356
2.116011619567871 356
2.124093770980835 356
2.1322054862976074 356
2.141263723373413 356
2.1492440700531006 356
2.158285617828369 356
2.168396472930908 356
2.1766695976257324 356
2.184563159942627 356
2.192627191543579 356
2.200906276702881 356
2.2088255882263184 356
2.218292713165283 356
2.2273612022399902 356
2.2355406284332275 356
2.2444376945495605 356
2.252110242843628 356
2.2673892974853516 356
2.2758617401123047 356
2.2835404872894287 356
2.292360544204712 356
2.3006715774536133 356
2.3086771965026855 356
2.318110942840576 356
2.3267576694488525 356
2.335361957550049 356
2.3426320552825928 356
2.351627826690674 356
2.365610361099243 356
2.3745675086975098 356
2.382199764251709 356
2.3913447856903076 356
2.3996450901031494 356
2.407761335372925 356
2.415909767150879 356
2.4256341457366943 356
2.43283748626709 356
2.441434621810913 356
2.450025796890259 356
2.4594218730926514 356
2.468254804611206 356
2.4854047298431396 355
2.498917579650879 354
2.5083160400390625 354
2.5167603492736816 354
2.526717185974121 353
2.534586191177368 353
2.542227029800415 353
2.5512797832489014 353
2.560927629470825 354
2.5688254833221436 354
2.578372001647949 354
2.5866663455963135 354
2.5956037044525146 354
2.602786064147949 355
2.611354351043701 355
2.6195476055145264 355
2.629490375518799 355
2.6379075050354004 355
2.646066427230835 355
2.65458083152771 355
2.6678144931793213 355
2.677332878112793 355
2.6856393814086914 355
2.6944026947021484 355
2.7023539543151855 355
2.710484027862549 355
2.7187159061431885 355
2.7285287380218506 355
2.736849069595337 355
2.745342969894409 355
2.7525484561920166 355
2.762641191482544 354
2.7713160514831543 354
2.7802975177764893 354
2.7892370223999023 354
2.7975900173187256 354
2.8057634830474854 354
2.81294584274292 354
2.8221068382263184 354
2.8315048217773438 354
2.83964467048645 354
2.8478124141693115 354
2.8563098907470703 354
2.8655612468719482 354
2.8727333545684814 354
2.8823273181915283 354
2.8913381099700928 354
2.8994579315185547 354
2.9076313972473145 354
2.9157845973968506 354
2.9245107173919678 354
2.9334840774536133 354
2.9417033195495605 354
2.949862003326416 354
2.95825457572937 354
2.968513011932373 354
2.9768426418304443 354
2.986050844192505 354
2.9945640563964844 354
3.0024046897888184 354
3.0119569301605225 354
3.0206429958343506 354
3.0286874771118164 354
3.0380430221557617 354
3.046156644821167 354
3.0554189682006836 354
3.0642521381378174 354
3.0764718055725098 354
3.0866363048553467 354
3.0945379734039307 354
3.102278470993042 354
3.1104209423065186 354
3.119488477706909 354
3.127659320831299 354
3.136882781982422 354
3.1452338695526123 354
3.1539390087127686 354
3.162435531616211 354
3.170675039291382 354
3.1788206100463867 354
3.188671827316284 354
3.19820499420166 354
3.208953619003296 354
3.2213006019592285 354
3.2341949939727783 354
3.245807647705078 354
3.256939649581909 354
3.2687196731567383 354
3.2869694232940674 354
3.2955100536346436 354
3.3026785850524902 354
3.3112354278564453 354
3.3200955390930176 354
3.328310251235962 354
3.337648630142212 354
3.345761775970459 354
3.354241132736206 354
3.3720552921295166 354
3.380342483520508 354
3.390353202819824 353
3.398777484893799 353
3.4073402881622314 352
3.416161298751831 352
3.4262826442718506 352
3.434382677078247 352
3.444110155105591 352
3.452348232269287 352
3.4615163803100586 352
3.474411725997925 352
3.484484910964966 352
3.4935195446014404 352
3.5017483234405518 352
3.509856939315796 352
3.51847767829895 352
3.5269806385040283 352
3.535538911819458 352
3.5444424152374268 352
3.552711009979248 352
3.562087297439575 352
3.5702574253082275 352
3.5788464546203613 352
3.58776593208313 352
3.597313642501831 352
3.605476140975952 352
3.612748861312866 352
3.621941566467285 352
3.630089521408081 352
3.6382486820220947 352
3.647545337677002 352
3.6563169956207275 352
3.665468692779541 352
3.672679901123047 352
3.6816928386688232 352
3.6916420459747314 352
3.699751615524292 352
3.7079660892486572 352
3.7172882556915283 352
3.7255046367645264 352
3.7327306270599365 352
3.7419769763946533 352
3.7507681846618652 352
3.7592661380767822 352
3.7681212425231934 351
3.7765767574310303 351
3.7862706184387207 351
3.7956719398498535 351
3.802844762802124 351
3.811429500579834 351
3.8200857639312744 352
3.8282418251037598 352
3.8366806507110596 352
3.845951557159424 351
3.8549017906188965 351
3.8628926277160645 351
3.875683307647705 351
3.8854496479034424 351
3.8926730155944824 352
3.902291774749756 352
3.9104437828063965 351
3.919456958770752 351
3.9276273250579834 351
3.935758113861084 351
3.9429264068603516 351
3.952854633331299 351
3.962750196456909 352
3.9713125228881836 352
3.9794280529022217 351
3.9898874759674072 351
3.999683380126953 351
4.007897853851318 351
4.0169594287872314 351
4.02535343170166 351
4.032545328140259 351
4.040907859802246 352
4.050786733627319 352
4.059749126434326 351
4.068018674850464 351
4.076335906982422 351
4.085408926010132 351
4.092632293701172 351
4.10205340385437 351
4.110222578048706 351
4.118669509887695 352
4.127265214920044 351
4.135514497756958 351
4.142726182937622 351
4.152551651000977 351
4.161868095397949 351
4.170058727264404 351
4.1784303188323975 351
4.187936305999756 351
4.196227550506592 351
4.205616235733032 351
4.214150905609131 351
4.221772193908691 351
4.230013847351074 351
4.238147020339966 351
4.247318983078003 351
4.256474494934082 351
4.265743970870972 351
4.277899980545044 351
4.286672353744507 351
4.2956507205963135 351
4.304569959640503 351
4.313457489013672 351
4.321755409240723 351
4.329910516738892 351
4.3381006717681885 351
4.3473219871521 351
4.3562657833099365 351
4.365468740463257 351
4.372649669647217 351
4.381969213485718 351
4.390177011489868 351
4.398430585861206 351
4.407902002334595 351
4.4168829917907715 351
4.425302267074585 351
4.432525396347046 351
4.4413368701934814 351
4.449805021286011 351
4.45894718170166 351
4.4681336879730225 351
4.476502180099487 351
4.485527992248535 351
4.492752313613892 351
4.5045342445373535 350
4.5127317905426025 350
4.5213329792022705 350
4.529430627822876 350
4.537647724151611 350
4.546468496322632 350
4.5558435916900635 349
4.5651750564575195 349
4.572462558746338 349
4.581698417663574 349
4.589797019958496 349
4.597970008850098 349
4.607377052307129 349
4.616137504577637 349
4.624230146408081 349
4.631908655166626 349
4.640063285827637 349
4.648510932922363 349
4.6578826904296875 349
4.666984558105469 349
4.679853916168213 349
4.688183069229126 349
4.696697235107422 349
4.705623149871826 349
4.715615749359131 349
4.722812652587891 349
4.731327533721924 349
4.739538669586182 349
4.747941493988037 349
4.756125211715698 349
4.766017198562622 349
4.774029970169067 349
4.782214403152466 349
4.790406942367554 349
4.7986838817596436 349
4.8077569007873535 349
4.817551374435425 349
4.825806140899658 349
4.833528518676758 349
4.841599225997925 349
4.850247383117676 349
4.858717679977417 349
4.868252515792847 349
4.877402305603027 349
4.885554075241089 349
4.892759323120117 349
4.9012815952301025 349
4.909921646118164 349
4.919476270675659 349
4.9276978969573975 349
4.93580174446106 349
4.944587469100952 349
4.952227354049683 349
4.962903022766113 349
4.971444368362427 349
4.980217695236206 349
4.988355398178101 349
4.996661901473999 349
