0 0
0.015006542205810547 0
0.03424525260925293 0
0.050040245056152344 1
0.07145476341247559 3
0.09008049964904785 9
0.09838223457336426 12
0.1071476936340332 15
0.11557579040527344 19
0.1251533031463623 24
0.1325085163116455 29
0.14214062690734863 35
0.15149259567260742 39
0.15995407104492188 46
0.16846036911010742 51
0.17796063423156738 58
0.1878046989440918 65
0.19744467735290527 71
0.20597171783447266 78
0.21454906463623047 83
0.22360944747924805 89
0.23158693313598633 95
0.24117302894592285 103
0.251741886138916 112
0.2610020637512207 119
0.2703127861022949 126
0.2785515785217285 133
0.2880539894104004 141
0.2977175712585449 147
0.3062729835510254 155
0.31499385833740234 161
0.32385802268981934 169
0.332028865814209 176
0.3457207679748535 185
0.35561585426330566 193
0.3640475273132324 202
0.3738079071044922 210
0.38175487518310547 215
0.39397716522216797 226
0.4019906520843506 233
0.4105410575866699 239
0.4197556972503662 247
0.42816162109375 254
0.4369823932647705 261
0.4465816020965576 269
0.455707311630249 275
0.46405935287475586 283
0.4739658832550049 292
0.4819068908691406 299
0.4916679859161377 305
0.5010592937469482 313
0.5095717906951904 320
0.5188839435577393 327
0.527329683303833 333
0.5356836318969727 337
0.5439891815185547 343
0.5539822578430176 346
0.5617837905883789 348
0.5714311599731445 351
0.5797991752624512 352
0.5890645980834961 353
0.5982301235198975 353
0.6069917678833008 353
0.6157832145690918 354
0.6240651607513428 355
0.6321096420288086 355
0.6405429840087891 356
0.6510500907897949 357
0.6594154834747314 357
0.667752742767334 357
0.6770789623260498 357
0.6863210201263428 357
0.6953182220458984 357
0.7048509120941162 357
0.7123417854309082 358
0.7215054035186768 358
0.7298393249511719 358
0.7380573749542236 358
0.7519967555999756 358
0.7618381977081299 358
0.7713580131530762 358
0.7797632217407227 358
0.7884879112243652 358
0.7976324558258057 358
0.8072652816772461 358
0.8159701824188232 358
0.8242065906524658 358
0.8319652080535889 358
0.840334415435791 358
0.8500533103942871 358
0.8583042621612549 358
0.8671023845672607 358
0.8800897598266602 358
0.8885011672973633 358
0.8970901966094971 358
0.9065282344818115 358
0.9153616428375244 358
0.9231595993041992 358
0.9342501163482666 358
0.9420468807220459 358
0.9519071578979492 358
0.960827112197876 358
0.9692299365997314 358
0.9781465530395508 358
0.9885101318359375 358
0.997157096862793 358
1.007117509841919 358
1.0158557891845703 358
1.0240507125854492 358
1.0318732261657715 358
1.0403716564178467 358
1.0496675968170166 358
1.0589606761932373 358
1.0673882961273193 358
1.0765411853790283 358
1.0853843688964844 358
1.0932068824768066 358
1.1014032363891602 358
1.1114206314086914 358
1.1205174922943115 357
1.1289031505584717 358
1.137319803237915 358
1.1504051685333252 358
1.1599504947662354 357
1.1689317226409912 357
1.178074836730957 356
1.1872808933258057 356
1.1956055164337158 357
1.203822374343872 357
1.2138991355895996 357
1.2217419147491455 357
1.2303149700164795 356
1.238490104675293 356
1.2474706172943115 357
1.255774736404419 357
1.2651762962341309 357
1.2741830348968506 356
1.2825934886932373 356
1.2914612293243408 356
1.299893856048584 356
1.3097474575042725 356
1.3184995651245117 356
1.3271079063415527 356
1.3354556560516357 355
1.3437187671661377 355
1.3521602153778076 355
1.3616926670074463 355
1.3711252212524414 355
1.3800432682037354 355
1.388291358947754 355
1.397000789642334 355
1.4054386615753174 355
1.4156689643859863 355
1.4238624572753906 355
1.4318201541900635 355
1.4400596618652344 355
1.4489171504974365 355
1.4573132991790771 355
1.4670021533966064 355
1.4775559902191162 355
1.485898733139038 355
1.4941060543060303 355
1.505077600479126 355
1.5156910419464111 355
1.523885726928711 355
1.531909465789795 355
1.5402731895446777 355
1.5538201332092285 355
1.5631542205810547 355
1.572343349456787 355
1.5815939903259277 355
1.6020057201385498 355
1.6112658977508545 355
1.6212611198425293 355
1.6295037269592285 355
1.637824296951294 355
1.6472783088684082 355
1.6555390357971191 355
1.6636905670166016 355
1.6779181957244873 355
1.6895966529846191 355
1.701138973236084 355
1.7133121490478516 355
1.726496696472168 355
1.7375621795654297 355
1.749572992324829 355
1.7611141204833984 355
1.7715067863464355 354
1.7805633544921875 354
1.7889256477355957 353
1.7973175048828125 354
1.8056118488311768 354
1.815080165863037 355
1.825103521347046 354
1.8325426578521729 353
1.841799259185791 353
1.8501121997833252 353
1.8583133220672607 353
1.8669531345367432 353
1.877521276473999 353
1.8859498500823975 353
1.8941996097564697 353
1.90205979347229 353
1.9113659858703613 353
1.921452522277832 353
1.9297702312469482 353
1.9380571842193604 353
1.951188564300537 353
1.9595510959625244 353
1.967949628829956 353
1.9784672260284424 353
1.9872252941131592 353
1.9954698085784912 353
2.0056445598602295 353
2.01558780670166 353
2.0255088806152344 353
2.033698558807373 353
2.0420706272125244 353
2.0504095554351807 353
2.058547019958496 353
2.067331552505493 353
2.078012704849243 353
2.086449146270752 353
2.0949995517730713 353
2.1023061275482178 353
2.111459970474243 353
2.1197333335876465 353
2.12984561920166 353
2.138101577758789 353
2.147400379180908 353
2.1556811332702637 353
2.1642112731933594 353
2.1751692295074463 352
2.182513475418091 352
2.191366195678711 352
2.1996572017669678 352
2.2084925174713135 352
2.2171363830566406 352
2.226377010345459 351
2.235352039337158 351
2.2441651821136475 352
2.2521004676818848 352
2.260444402694702 351
2.2691590785980225 351
2.2797982692718506 351
2.2880167961120605 352
2.29654860496521 352
2.3051586151123047 352
2.3140335083007812 352
2.321869134902954 351
2.3313584327697754 351
2.3403453826904297 351
2.3523271083831787 351
2.3611459732055664 351
2.3708629608154297 352
2.3812193870544434 352
2.3894519805908203 352
2.397768497467041 351
2.4069206714630127 351
2.4151289463043213 351
2.422429323196411 351
2.432041645050049 351
2.4418725967407227 351
2.450254440307617 351
2.4584107398986816 351
2.4672420024871826 351
2.4784793853759766 351
2.4873509407043457 351
2.495614528656006 351
2.5037662982940674 351
2.512053966522217 351
2.52258038520813 350
2.5321226119995117 350
2.5419085025787354 350
2.5504109859466553 350
2.5584795475006104 351
2.567159652709961 351
2.577138662338257 351
2.586428165435791 350
2.5950734615325928 349
2.6024045944213867 349
2.6117336750030518 349
2.6200225353240967 350
2.6283042430877686 350
2.6382341384887695 350
2.6469452381134033 350
2.6552720069885254 350
2.662614583969116 350
2.672605514526367 350
2.6821095943450928 350
2.690525770187378 350
2.6986045837402344 350
2.7076611518859863 350
2.7159512042999268 350
2.7241709232330322 350
2.733720541000366 350
2.742593765258789 350
2.7556467056274414 350
2.7638003826141357 350
2.7725186347961426 350
2.781278133392334 350
2.790907621383667 350
2.799142360687256 350
2.8078558444976807 350
2.8163180351257324 350
2.8245961666107178 350
2.833775520324707 350
2.84218430519104 350
2.851451873779297 350
2.859907627105713 350
2.8779385089874268 350
2.8874781131744385 350
2.895881414413452 350
2.9054882526397705 350
2.9136641025543213 349
2.921513080596924 349
2.931178092956543 349
2.9411659240722656 349
2.9499311447143555 349
2.9582109451293945 349
2.967047691345215 349
2.9769716262817383 349
2.9874353408813477 349
2.9970035552978516 349
3.005934476852417 349
3.014214038848877 349
3.021965742111206 349
3.0304272174835205 348
3.040316343307495 348
3.049213409423828 347
3.0575785636901855 348
3.0658998489379883 348
3.075906753540039 348
3.0841076374053955 348
3.093691110610962 348
3.1020162105560303 348
3.110400438308716 347
3.118952989578247 347
3.127394676208496 348
3.136312246322632 348
3.145806074142456 348
3.1584973335266113 347
3.1679112911224365 347
3.177385091781616 347
3.1856274604797363 347
3.1951382160186768 347
3.2036538124084473 347
3.211613416671753 347
3.2198643684387207 347
3.2281219959259033 347
3.2372453212738037 347
3.2466070652008057 347
3.2551445960998535 347
3.2624669075012207 347
3.272528648376465 347
3.2812132835388184 347
3.2894792556762695 347
3.2984588146209717 347
3.3077776432037354 347
3.3161327838897705 347
3.32487416267395 347
3.3322396278381348 347
3.3479864597320557 347
3.35786771774292 347
3.367034673690796 347
3.3762366771698 347
3.384857177734375 347
3.393988609313965 347
3.4024124145507812 347
3.411080837249756 347
3.4193389415740967 347
3.4276914596557617 347
3.4368951320648193 347
3.446303367614746 347
3.4545555114746094 347
3.462587833404541 347
3.4741098880767822 347
3.4819304943084717 346
3.49038028717041 346
3.501572847366333 347
3.5100889205932617 347
3.518375873565674 347
3.527059555053711 347
3.535999298095703 347
3.545424461364746 346
3.557581901550293 345
3.567577600479126 345
3.5770702362060547 345
3.5853874683380127 346
3.5936315059661865 346
3.6037533283233643 346
3.611582040786743 345
3.619962215423584 345
3.6283328533172607 345
3.6378307342529297 345
3.6473090648651123 345
3.6556460857391357 345
3.6651015281677246 345
3.674196243286133 345
3.6820385456085205 345
3.6908223628997803 345
3.700967311859131 345
3.709223508834839 345
3.7175674438476562 345
3.725910186767578 345
3.7350540161132812 345
3.742401361465454 345
3.755586862564087 345
3.7675302028656006 345
3.779595375061035 345
3.791128396987915 345
3.8052847385406494 345
3.815988540649414 345
3.827533721923828 345
3.8398051261901855 345
3.8535892963409424 345
3.8618578910827637 345
3.872119188308716 345
3.880571126937866 345
3.888599157333374 345
3.897777795791626 345
3.9073047637939453 345
3.9155988693237305 345
3.9238333702087402 345
3.9323928356170654 345
3.9410769939422607 345
3.949369192123413 344
3.9637532234191895 344
3.973682403564453 343
3.9817042350769043 344
3.9904422760009766 344
3.999628782272339 345
4.0113818645477295 344
4.019840717315674 343
4.0282440185546875 343
4.037547826766968 343
4.0459465980529785 343
4.0554516315460205 343
4.064220666885376 343
4.073131084442139 343
4.081393718719482 343
4.089731216430664 343
4.100140571594238 343
4.110279321670532 343
4.118436098098755 343
4.127105712890625 343
4.1358842849731445 343
4.144150257110596 343
4.15198826789856 343
4.1622395515441895 343
4.171920299530029 343
4.180394172668457 343
4.188497543334961 343
4.197667360305786 343
4.207143783569336 343
4.215447187423706 343
4.223621845245361 343
4.2322916984558105 343
4.240962028503418 343
4.249179840087891 343
4.258403539657593 343
4.267779111862183 343
4.277074575424194 343
4.2856831550598145 343
4.293895959854126 343
4.302152872085571 343
4.31163763999939 343
4.319987058639526 343
4.32959508895874 343
4.337896823883057 343
4.34659481048584 343
4.360114097595215 343
4.370103597640991 343
4.378483533859253 343
4.387778997421265 343
4.39698600769043 343
4.405428171157837 343
4.415057420730591 343
4.4224019050598145 343
4.4316534996032715 343
4.439967393875122 343
4.448192119598389 342
4.45698094367981 342
4.467228412628174 342
4.477038621902466 342
4.485395908355713 342
4.493915557861328 342
4.5017430782318115 341
4.511333465576172 341
4.521024465560913 342
4.529987573623657 342
4.538374662399292 342
4.547121286392212 342
4.555453300476074 341
4.56592059135437 341
4.575448274612427 341
4.583628177642822 341
4.592085599899292 341
4.601078987121582 341
4.609347820281982 341
4.618455648422241 342
4.627729892730713 341
4.636212110519409 341
4.644845724105835 341
4.652232646942139 341
4.661298990249634 341
4.671345472335815 341
4.679810285568237 341
4.688514709472656 341
4.697845697402954 340
4.706488609313965 340
4.715870380401611 340
4.724079370498657 341
4.732468366622925 341
4.7411768436431885 341
4.749431133270264 340
4.762031555175781 339
4.772555112838745 339
4.7813920974731445 340
4.790374755859375 340
4.799685001373291 341
4.808076620101929 340
4.819944143295288 339
4.829479932785034 339
4.837778091430664 339
4.846226930618286 340
4.854560136795044 340
4.8636908531188965 340
4.877585172653198 339
4.886221885681152 339
4.895342826843262 339
4.903125047683716 339
4.911391258239746 339
4.919656991958618 339
4.929592609405518 339
4.938011169433594 339
4.947070121765137 339
4.955317735671997 339
4.964203834533691 339
4.974873781204224 339
4.982251167297363 339
4.991999864578247 339
