0 0
0.01468038558959961 0
0.03357982635498047 1
0.0496983528137207 2
0.07348990440368652 9
0.08546304702758789 13
0.09497833251953125 16
0.10419106483459473 19
0.11179661750793457 21
0.12061810493469238 22
0.13091564178466797 23
0.13977885246276855 25
0.1481156349182129 27
0.15698671340942383 30
0.16683530807495117 33
0.17531061172485352 35
0.18494796752929688 37
0.19286108016967773 40
0.20155882835388184 42
0.2099900245666504 43
0.21873760223388672 45
0.23338675498962402 49
0.24183011054992676 51
0.2507297992706299 53
0.26071953773498535 55
0.2690317630767822 57
0.27797770500183105 57
0.2875962257385254 59
0.2967703342437744 62
0.3052663803100586 64
0.3135523796081543 67
0.3214085102081299 69
0.3305516242980957 70
0.3406240940093994 71
0.34902334213256836 72
0.3574841022491455 73
0.3669886589050293 75
0.3753471374511719 77
0.3836982250213623 80
0.39359307289123535 82
0.401641845703125 83
0.41018176078796387 84
0.41857266426086426 85
0.4281904697418213 87
0.4378833770751953 89
0.4470345973968506 91
0.4555521011352539 94
0.4648318290710449 95
0.4721553325653076 97
0.4811556339263916 97
0.4907350540161133 99
0.4996654987335205 101
0.5079188346862793 103
0.5168941020965576 105
0.5259284973144531 108
0.5342516899108887 109
0.5442030429840088 111
0.5518090724945068 112
0.5618228912353516 114
0.5706727504730225 115
0.5791213512420654 117
0.5885663032531738 119
0.5976872444152832 120
0.6074864864349365 122
0.6170415878295898 124
0.630180835723877 127
0.6399388313293457 128
0.6493072509765625 129
0.6588296890258789 129
0.6678369045257568 131
0.6765909194946289 133
0.6848900318145752 135
0.6950430870056152 136
0.7034444808959961 137
0.711331844329834 137
0.719738245010376 138
0.7289736270904541 140
0.7373287677764893 142
0.7469050884246826 144
0.7560007572174072 145
0.7659749984741211 147
0.7744832038879395 148
0.7819559574127197 149
0.7917943000793457 150
0.8005759716033936 151
0.8088173866271973 152
0.8173849582672119 154
0.8269484043121338 155
0.835282564163208 157
0.844893217086792 157
0.8536803722381592 159
0.8635761737823486 160
0.8714489936828613 161
0.8802170753479004 164
0.888744592666626 165
0.8989713191986084 166
0.9073429107666016 167
0.9158520698547363 167
0.9245989322662354 167
0.9320313930511475 168
0.9409539699554443 170
0.9501857757568359 171
0.9611837863922119 172
0.9695312976837158 172
0.9779880046844482 171
0.9867358207702637 172
0.9969985485076904 173
1.005383014678955 175
1.0137083530426025 177
1.0216739177703857 179
1.0360829830169678 180
1.0447683334350586 180
1.055262804031372 180
1.0650403499603271 181
1.0733025074005127 183
1.0811610221862793 185
1.090590238571167 186
1.099745512008667 187
1.1079659461975098 187
1.1177210807800293 188
1.127213478088379 189
1.1355032920837402 191
1.143873929977417 192
1.1533925533294678 194
1.163830041885376 194
1.1717312335968018 194
1.1810848712921143 195
1.1902124881744385 197
1.1997692584991455 198
1.2080516815185547 199
1.2168660163879395 200
1.2259573936462402 201
1.2346131801605225 202
1.2419848442077637 203
1.2514948844909668 203
1.2615737915039062 205
1.2699241638183594 205
1.278592586517334 206
1.2876644134521484 207
1.296598196029663 209
1.305934190750122 211
1.3144841194152832 211
1.322847843170166 211
1.3310933113098145 211
1.3394031524658203 213
1.3477802276611328 213
1.3609027862548828 215
1.3719987869262695 215
1.3846206665039062 217
1.3968472480773926 219
1.409529447555542 221
1.4218463897705078 222
1.4396533966064453 221
1.4536120891571045 220
1.463259220123291 221
1.4716928005218506 221
1.4805572032928467 223
1.4893896579742432 224
1.4976706504821777 225
1.507176160812378 225
1.515554428100586 226
1.5249319076538086 227
1.5327694416046143 227
1.5412330627441406 228
1.5495688915252686 229
1.5610425472259521 230
1.5693626403808594 231
1.5777440071105957 231
1.5870790481567383 231
1.5955581665039062 232
1.6051130294799805 233
1.6135592460632324 235
1.6218085289001465 236
1.6335725784301758 237
1.6413905620574951 237
1.6498727798461914 237
1.661165714263916 237
1.6701581478118896 239
1.6787145137786865 241
1.687847375869751 243
1.696617841720581 243
1.7049319744110107 244
1.714648723602295 243
1.723374605178833 243
1.7312605381011963 244
1.739868402481079 246
1.7480816841125488 247
1.758800745010376 247
1.7678091526031494 247
1.7773065567016602 248
1.7864775657653809 249
1.7947802543640137 250
1.8021411895751953 251
1.8116812705993652 251
1.8211321830749512 251
1.8347368240356445 251
1.8436293601989746 252
1.852231502532959 253
1.8632256984710693 255
1.871241807937622 255
1.8801541328430176 256
1.8892152309417725 255
1.8977742195129395 255
1.9066050052642822 256
1.9160099029541016 257
1.9252707958221436 259
1.9334373474121094 259
1.9412457942962646 259
1.9495232105255127 259
1.9651081562042236 261
1.9733567237854004 263
1.9817631244659424 265
1.991060733795166 266
1.9994957447052002 266
2.0093636512756348 265
2.0194966793060303 265
2.0277316570281982 265
2.036181688308716 267
2.044793128967285 268
2.0536692142486572 270
2.0620710849761963 270
2.0713963508605957 270
2.080728530883789 271
2.089470624923706 271
2.097733497619629 272
2.1062135696411133 273
2.115523099899292 274
2.1247708797454834 274
2.1320972442626953 273
2.1419448852539062 273
2.1511576175689697 273
2.1606335639953613 275
2.16994309425354 277
2.1781861782073975 278
2.187835216522217 279
2.1966960430145264 278
2.205064296722412 278
2.2133262157440186 277
2.2232539653778076 278
2.231123447418213 280
2.2450003623962402 280
2.2535901069641113 280
2.2621994018554688 280
2.2718124389648438 281
2.280641555786133 282
2.290443181991577 283
2.298572540283203 284
2.3070430755615234 284
2.3161816596984863 284
2.325566291809082 285
2.3338141441345215 285
2.341583490371704 286
2.350775957107544 287
2.3599019050598145 288
2.369243860244751 288
2.3776838779449463 287
2.3877780437469482 287
2.3961942195892334 288
2.4047255516052246 289
2.4120209217071533 290
2.421860694885254 290
2.4305381774902344 289
2.439039707183838 289
2.4480490684509277 289
2.456679344177246 290
2.4655051231384277 291
2.475039005279541 292
2.4837803840637207 292
2.4920873641967773 291
2.501023530960083 291
2.5092978477478027 291
2.518078565597534 293
2.5276451110839844 294
2.5360989570617676 295
2.544612169265747 295
2.5534584522247314 295
2.5634703636169434 295
2.572035789489746 296
2.5811095237731934 297
2.5894734859466553 297
2.598224401473999 297
2.606839895248413 297
2.615596055984497 298
2.6250956058502197 299
2.6370325088500977 299
2.6469995975494385 299
2.656944513320923 299
2.6665637493133545 299
2.6758670806884766 301
2.6850152015686035 301
2.6936819553375244 301
2.701465368270874 301
2.7099387645721436 301
2.718956470489502 301
2.728013753890991 302
2.7368524074554443 302
2.7450873851776123 303
2.75382924079895 303
2.762251615524292 303
2.7708899974823 303
2.7810471057891846 303
2.789269208908081 304
2.798215627670288 305
2.806905746459961 306
2.815875291824341 306
2.824138879776001 306
2.833594799041748 305
2.841379404067993 305
2.8506720066070557 306
2.8602123260498047 307
2.8685877323150635 307
2.877901554107666 307
2.8868656158447266 307
2.895094394683838 307
2.903823137283325 307
2.9128410816192627 309
2.9214887619018555 309
2.9311652183532715 310
2.939502716064453 310
2.9485719203948975 310
2.956977367401123 310
2.9660298824310303 311
2.9746851921081543 311
2.984461784362793 312
2.991838216781616 313
3.001098155975342 313
3.009458065032959 313
3.0187015533447266 313
3.0270156860351562 313
3.040973663330078 314
3.049644708633423 315
3.058687448501587 316
3.067768096923828 316
3.076556444168091 315
3.086811065673828 314
3.095364809036255 314
3.103607654571533 315
3.1119613647460938 315
3.1206648349761963 316
3.1289305686950684 316
3.1379776000976562 315
3.1473119258880615 315
3.1566596031188965 316
3.1662344932556152 317
3.1749048233032227 317
3.1850664615631104 317
3.193227529525757 317
3.201031446456909 316
3.210742712020874 317
3.2192704677581787 317
3.2275521755218506 318
3.2372124195098877 318
3.2459778785705566 318
3.2544755935668945 318
3.263357162475586 318
3.271169424057007 318
3.280576467514038 319
3.2896242141723633 319
3.2979583740234375 319
3.3065900802612305 319
3.316174030303955 320
3.324794292449951 321
3.3321826457977295 321
3.3487730026245117 319
3.3573081493377686 319
3.3666374683380127 318
3.3749256134033203 318
3.3836584091186523 319
3.392857789993286 320
3.4013383388519287 320
3.4109745025634766 319
3.4193780422210693 319
3.427795171737671 319
3.4450414180755615 320
3.4568843841552734 321
3.4697225093841553 323
3.4817895889282227 322
3.495244264602661 319
3.506864547729492 319
3.5190677642822266 319
3.5274384021759033 319
3.53598952293396 321
3.5465469360351562 321
3.5550317764282227 321
3.56522536277771 321
3.5733911991119385 321
3.581803321838379 321
3.5912587642669678 321
3.5996060371398926 322
3.6090753078460693 322
3.6174662113189697 323
3.625934600830078 323
3.634519100189209 323
3.6446244716644287 323
3.651939630508423 323
3.661327838897705 324
3.6719729900360107 325
3.6811206340789795 325
3.6896166801452637 325
3.6991236209869385 325
3.7080161571502686 325
3.717130661010742 326
3.7256062030792236 326
3.733835220336914 327
3.7438809871673584 327
3.751678705215454 327
3.761343479156494 326
3.7697319984436035 327
3.779067039489746 327
3.787400960922241 328
3.797090768814087 328
3.805466890335083 328
3.814755439758301 328
3.823446273803711 328
3.8312532901763916 328
3.8454854488372803 329
3.8537790775299072 329
3.8632164001464844 330
3.871299982070923 330
3.880547046661377 329
3.8887877464294434 329
3.8979432582855225 329
3.9070959091186523 329
3.9154052734375 330
3.9247570037841797 331
3.932161569595337 331
3.941643714904785 330
3.9514122009277344 329
3.96419095993042 330
3.9735488891601562 331
3.981489896774292 331
3.989952325820923 332
3.9995641708374023 331
4.008817195892334 331
4.01813006401062 331
4.02732515335083 331
4.035740852355957 332
4.044825792312622 333
4.054476261138916 333
4.063332557678223 333
4.07113242149353 332
4.083411693572998 332
4.091212511062622 333
4.100984573364258 333
4.110044479370117 334
4.118762969970703 334
4.127296686172485 333
4.135557651519775 333
4.144751787185669 333
4.1538238525390625 333
4.163259029388428 334
4.171856164932251 334
4.180781364440918 335
4.189197778701782 334
4.197570085525513 333
4.207441329956055 334
4.216002464294434 335
4.224573135375977 335
4.2328033447265625 334
4.246604681015015 333
4.256118535995483 334
4.265538692474365 335
4.27494478225708 335
4.2827982902526855 335
4.291006803512573 335
4.299463510513306 335
4.309352397918701 335
4.317574977874756 336
4.3261778354644775 336
4.339274644851685 335
4.348231077194214 335
4.358152866363525 334
4.367445230484009 335
4.376767158508301 336
4.3859031200408936 336
4.394878625869751 336
4.404763460159302 335
4.41214656829834 335
4.420945405960083 335
4.429128646850586 335
4.438734531402588 336
4.448115825653076 337
4.459632396697998 336
4.46812891960144 336
4.477756500244141 335
4.486614942550659 336
4.495071887969971 336
4.503558874130249 337
4.5122504234313965 337
4.520993947982788 337
4.529309511184692 337
4.539018392562866 337
4.547335147857666 337
4.556801795959473 337
4.566858291625977 337
4.575760364532471 337
4.583847999572754 338
4.591768741607666 338
4.60066556930542 338
4.610642194747925 338
4.619058847427368 337
4.627718925476074 338
4.637340307235718 339
4.650826930999756 339
4.661548614501953 337
4.670698165893555 337
4.679018020629883 337
4.687343597412109 337
4.695625305175781 337
4.704966068267822 337
4.714597702026367 338
4.722060918807983 338
4.730910539627075 338
4.739905595779419 338
4.748039960861206 337
4.7567830085754395 337
4.766919374465942 338
4.776560544967651 339
4.784916639328003 339
4.792243480682373 339
4.801562309265137 339
4.811008930206299 339
4.819281816482544 339
4.827563047409058 339
4.8365912437438965 339
4.84533166885376 339
4.853551387786865 339
4.863726854324341 339
4.872067451477051 339
4.880760431289673 339
4.888961315155029 340
4.897543430328369 340
4.906750679016113 340
4.915930509567261 339
4.924519300460815 339
4.931869983673096 339
4.94112753868103 339
4.949993848800659 340
4.9621429443359375 340
4.971521615982056 340
4.9798643589019775 340
4.98809814453125 340
4.996743202209473 340
