0 0
0.015016317367553711 0
0.03161358833312988 0
0.0481715202331543 2
0.06702017784118652 6
0.09189605712890625 18
0.11177468299865723 28
0.12785649299621582 36
0.13754868507385254 43
0.1476421356201172 49
0.15599560737609863 55
0.16499614715576172 60
0.17417669296264648 68
0.1843125820159912 74
0.1928865909576416 80
0.20029401779174805 86
0.20951151847839355 92
0.21796417236328125 100
0.2267298698425293 106
0.23638057708740234 114
0.24606561660766602 122
0.2551724910736084 128
0.26357197761535645 136
0.2719118595123291 142
0.2802882194519043 150
0.28997278213500977 156
0.298764705657959 163
0.3078129291534424 171
0.316176176071167 177
0.3249654769897461 184
0.3342406749725342 192
0.3437080383300781 200
0.35376811027526855 208
0.3623673915863037 215
0.37006115913391113 221
0.3792257308959961 227
0.3893313407897949 234
0.39777493476867676 240
0.40731024742126465 245
0.41570234298706055 250
0.42417335510253906 256
0.43300533294677734 262
0.4449808597564697 266
0.4543318748474121 270
0.46308255195617676 273
0.4754486083984375 279
0.48415517807006836 284
0.49376487731933594 288
0.5020341873168945 291
0.511683464050293 294
0.5196480751037598 296
0.5282535552978516 300
0.5387392044067383 303
0.547853946685791 306
0.5561685562133789 308
0.5649847984313965 310
0.5736360549926758 313
0.5818870067596436 315
0.5914876461029053 318
0.5994930267333984 319
0.6087665557861328 322
0.6170022487640381 323
0.6254267692565918 324
0.6340963840484619 325
0.6440892219543457 326
0.6535496711730957 327
0.6618788242340088 330
0.6698076725006104 332
0.6788625717163086 333
0.6871700286865234 333
0.6972224712371826 334
0.7062230110168457 335
0.7148962020874023 336
0.7233705520629883 338
0.7316055297851562 340
0.741724967956543 341
0.7502269744873047 341
0.7590157985687256 342
0.7675483226776123 342
0.776757001876831 343
0.78521728515625 344
0.7947819232940674 345
0.8043203353881836 345
0.8129258155822754 345
0.8203029632568359 346
0.8291664123535156 346
0.8379485607147217 348
0.8486838340759277 348
0.8570923805236816 347
0.865617036819458 346
0.8786985874176025 348
0.8873858451843262 349
0.8972041606903076 351
0.909980058670044 351
0.9187281131744385 351
0.9269359111785889 350
0.9353432655334473 352
0.9475467205047607 354
0.9559450149536133 354
0.9646971225738525 355
0.97373366355896 355
0.9820282459259033 355
0.9898190498352051 355
0.9992222785949707 356
1.0089454650878906 356
1.0172615051269531 357
1.0258078575134277 357
1.0343222618103027 357
1.0434918403625488 357
1.0537872314453125 357
1.0627684593200684 357
1.0714881420135498 358
1.0793359279632568 358
1.0877525806427002 357
1.0972371101379395 357
1.1067283153533936 358
1.1152536869049072 358
1.1236827373504639 359
1.1320452690124512 359
1.1402161121368408 359
1.1503288745880127 358
1.1591646671295166 358
1.167433738708496 358
1.176142930984497 359
1.1851558685302734 360
1.193516731262207 360
1.2032856941223145 360
1.2114949226379395 359
1.2194433212280273 359
1.2277061939239502 359
1.2364118099212646 360
1.245375156402588 360
1.2555620670318604 360
1.2637896537780762 360
1.273026943206787 359
1.2859382629394531 359
1.294799566268921 359
1.304889440536499 359
1.3136024475097656 360
1.3220140933990479 360
1.3298225402832031 360
1.3390650749206543 360
1.3487610816955566 360
1.3578345775604248 360
1.3662254810333252 360
1.375194787979126 360
1.383471965789795 360
1.391624927520752 360
1.3993875980377197 360
1.4093470573425293 360
1.4182493686676025 360
1.4267041683197021 360
1.4357340335845947 360
1.4441533088684082 360
1.455542802810669 360
1.4650688171386719 360
1.4740490913391113 360
1.4820551872253418 360
1.4899694919586182 360
1.4983441829681396 360
1.5087313652038574 360
1.5175073146820068 360
1.5257127285003662 360
1.5347497463226318 360
1.5431632995605469 360
1.5524284839630127 360
1.5615837574005127 360
1.569960594177246 360
1.5783772468566895 360
1.5863678455352783 360
1.5949528217315674 360
1.6040315628051758 360
1.6132009029388428 360
1.6218979358673096 360
1.6296594142913818 360
1.6388261318206787 360
1.6476898193359375 360
1.6571705341339111 360
1.6663329601287842 360
1.675034523010254 360
1.6872496604919434 360
1.6956260204315186 360
1.7047858238220215 360
1.7140133380889893 360
1.7220280170440674 360
1.7299199104309082 360
1.738924503326416 360
1.7548320293426514 360
1.7655832767486572 360
1.7738134860992432 360
1.7820193767547607 360
1.7899091243743896 360
1.7991421222686768 360
1.8097782135009766 360
1.81809401512146 360
1.8270196914672852 360
1.8356151580810547 360
1.8441202640533447 360
1.8532178401947021 360
1.862886667251587 360
1.8736205101013184 360
1.881791114807129 360
1.8895728588104248 360
1.8987650871276855 360
1.9071297645568848 360
1.916158676147461 360
1.9247674942016602 360
1.9336121082305908 360
1.941786766052246 360
1.9543235301971436 360
1.967707633972168 360
1.9788939952850342 360
1.9899399280548096 360
2.002427816390991 360
2.016875982284546 360
2.0273075103759766 360
2.0361685752868652 360
2.044786214828491 360
2.0536420345306396 360
2.0618486404418945 360
2.071704626083374 360
2.084171772003174 360
2.0927395820617676 360
2.101503610610962 360
2.109426259994507 360
2.1189095973968506 360
2.1271250247955322 360
2.135952949523926 360
2.1447155475616455 360
2.1537208557128906 360
2.161881923675537 360
2.1716582775115967 360
2.179452419281006 360
2.187697172164917 360
2.197138547897339 360
2.2055511474609375 360
2.213923454284668 360
2.223252773284912 360
2.2328152656555176 360
2.240124464035034 360
2.2493038177490234 360
2.2575857639312744 360
2.2677412033081055 360
2.2759311199188232 360
2.2844042778015137 360
2.2928884029388428 360
2.301661729812622 360
2.309497117996216 360
2.3188648223876953 360
2.327240228652954 360
2.336738348007202 360
2.345156669616699 360
2.354905605316162 360
2.3634421825408936 360
2.373075246810913 360
2.3820784091949463 360
2.3899402618408203 360
2.399078130722046 360
2.4072630405426025 360
2.4155592918395996 360
2.424992561340332 360
2.4340100288391113 360
2.442021131515503 360
2.4515597820281982 360
2.459502935409546 360
2.467952013015747 360
2.4816319942474365 360
2.489514112472534 360
2.498812675476074 360
2.5072920322418213 360
2.515568971633911 360
2.52498197555542 360
2.533717632293701 360
2.5428085327148438 360
2.551650285720825 360
2.559453248977661 360
2.5687949657440186 360
2.5777885913848877 360
2.586092233657837 360
2.5953798294067383 360
2.603633403778076 360
2.611809492111206 360
2.6196017265319824 360
2.6299636363983154 360
2.6383748054504395 360
2.6482372283935547 360
2.656355857849121 360
2.6656270027160645 360
2.675084352493286 360
2.683401107788086 360
2.6915454864501953 360
2.699767827987671 360
2.7080914974212646 360
2.716322660446167 360
2.7263731956481934 360
2.7349677085876465 360
2.7439181804656982 360
2.7531578540802 360
2.7619969844818115 360
2.7697627544403076 360
2.779153823852539 360
2.7873406410217285 360
2.796004056930542 360
2.804811477661133 360
2.813042163848877 360
2.8203158378601074 360
2.830173969268799 360
2.838777542114258 360
2.8488216400146484 360
2.857001543045044 360
2.865955352783203 360
2.8744122982025146 360
2.889606237411499 360
2.899007558822632 360
2.9073877334594727 360
2.915627956390381 360
2.9241843223571777 360
2.934039354324341 360
2.942033529281616 360
2.9516942501068115 360
2.959988832473755 360
2.968378782272339 360
2.976775884628296 360
2.9861600399017334 360
2.995088577270508 360
3.0033092498779297 360
3.0114645957946777 360
3.019218921661377 360
3.0279312133789062 360
3.0371921062469482 360
3.0456197261810303 360
3.055516242980957 360
3.064805507659912 360
3.0730550289154053 360
3.082084894180298 360
3.089831829071045 360
3.0988223552703857 360
3.10720157623291 360
3.1155052185058594 360
3.1246986389160156 360
3.1337058544158936 360
3.1419155597686768 360
3.150930643081665 360
3.159926652908325 360
3.168670415878296 360
3.1767497062683105 360
3.185849905014038 360
3.19508957862854 360
3.20324969291687 360
3.2114219665527344 360
3.219242811203003 360
3.228607177734375 360
3.2377912998199463 360
3.246206521987915 360
3.255972385406494 360
3.265190839767456 360
3.2734241485595703 360
3.286353588104248 360
3.2957470417022705 360
3.3042614459991455 360
3.312788963317871 360
3.3200738430023193 360
3.3363759517669678 360
3.3451428413391113 360
3.355201482772827 360
3.3649866580963135 360
3.3732054233551025 360
3.38141131401062 360
3.3915326595306396 360
3.400355339050293 360
3.409135341644287 360
3.41741943359375 360
3.4261322021484375 360
3.4348623752593994 360
3.444105386734009 360
3.4533872604370117 360
3.4632089138031006 360
3.4709835052490234 360
3.4791460037231445 360
3.488945245742798 360
3.49733829498291 360
3.505620002746582 360
3.5140223503112793 360
3.5230906009674072 360
3.530367612838745 360
3.539783239364624 360
3.549206495285034 360
3.5579075813293457 360
3.5661256313323975 360
3.574810743331909 360
3.583216667175293 360
3.5931224822998047 360
3.600922107696533 360
3.6091322898864746 360
3.617385149002075 360
3.6260361671447754 360
3.63472056388855 360
3.6441259384155273 360
3.65342378616333 360
3.6620590686798096 360
3.6702880859375 360
3.6789238452911377 360
3.6934165954589844 360
3.7015912532806396 360
3.7097055912017822 360
3.7181670665740967 360
3.727146863937378 360
3.735497236251831 360
3.7519896030426025 360
3.7629306316375732 360
3.771713972091675 360
3.7796554565429688 360
3.7886271476745605 360
3.7977399826049805 360
3.8078715801239014 360
3.816883087158203 360
3.8259599208831787 360
3.8349618911743164 360
3.8441522121429443 360
3.854172468185425 360
3.8629658222198486 360
3.8729324340820312 360
3.880232572555542 360
3.8897180557250977 360
3.8992156982421875 360
3.9074599742889404 360
3.9158706665039062 360
3.925198793411255 360
3.933427333831787 360
3.9415647983551025 360
3.951914072036743 360
3.959970712661743 360
3.968388080596924 360
3.9773108959198 360
3.9861807823181152 360
3.994882345199585 360
4.004213333129883 360
4.012803077697754 360
4.0214104652404785 360
4.032904386520386 360
4.044153213500977 360
4.058183431625366 360
4.0698723793029785 360
4.086085319519043 360
4.100052833557129 360
4.112749099731445 360
4.125004291534424 360
4.134823322296143 360
4.143208980560303 360
4.153757095336914 360
4.161956787109375 360
4.169788122177124 360
4.17896032333374 360
4.18778920173645 360
4.1960129737854 360
4.205520391464233 360
4.213728904724121 360
4.222949028015137 360
4.230222940444946 360
4.238846778869629 360
4.247391223907471 360
4.257634878158569 360
4.265866041183472 360
4.274433851242065 360
4.2834625244140625 360
4.2924134731292725 360
4.299932479858398 360
4.309644460678101 360
4.318770885467529 360
4.326990842819214 360
4.3352954387664795 360
4.343590259552002 360
4.355272531509399 360
4.3637120723724365 360
4.371916770935059 360
4.3841025829315186 360
4.3923797607421875 360
4.399933338165283 360
4.4095330238342285 360
4.419418811798096 360
4.427791357040405 360
4.435995101928711 360
4.444710731506348 360
4.455639600753784 360
4.464075326919556 360
4.472342252731323 360
4.479910135269165 360
4.493422746658325 360
4.50156831741333 360
4.510254621505737 360
4.519680976867676 360
4.527961730957031 360
4.536297559738159 360
4.545037031173706 360
4.555731296539307 360
4.564173698425293 360
4.572647571563721 360
4.580001354217529 360
4.589087724685669 359
4.597501516342163 359
4.607260704040527 359
4.616175651550293 360
4.625668048858643 360
4.63409161567688 360
4.642393112182617 359
4.6523683071136475 358
4.661785840988159 358
4.669922113418579 359
4.678694248199463 360
4.688123464584351 360
4.6962738037109375 360
4.704922914505005 360
4.714280605316162 359
4.724024295806885 359
4.733424186706543 359
4.741747140884399 360
4.751633882522583 359
4.760430574417114 358
4.769263982772827 358
4.777602910995483 359
4.7867467403411865 359
4.795857906341553 360
4.8043212890625 359
4.813680410385132 358
4.822933673858643 358
4.830232381820679 358
4.838956832885742 359
4.848740339279175 360
4.8570215702056885 360
4.866266250610352 360
4.874888896942139 359
4.884333848953247 358
4.898087024688721 358
4.906912088394165 360
4.917295694351196 361
4.925818920135498 362
4.9347381591796875 362
4.943074703216553 361
4.952089786529541 360
4.960127592086792 359
4.969700336456299 359
4.97807765007019 359
4.987211465835571 359
4.995523929595947 359
