0 0
0.012063741683959961 0
0.029880046844482422 0
0.04664206504821777 1
0.06334662437438965 6
0.08294963836669922 14
0.09699130058288574 20
0.10872650146484375 26
0.1170802116394043 30
0.1262214183807373 35
0.1346299648284912 42
0.14297080039978027 47
0.15305614471435547 54
0.16220402717590332 59
0.1705629825592041 66
0.17874741554260254 72
0.18699216842651367 78
0.1958308219909668 84
0.20491385459899902 91
0.21310019493103027 97
0.2228076457977295 104
0.2312471866607666 111
0.23970365524291992 117
0.2490549087524414 125
0.26006603240966797 133
0.2673649787902832 139
0.27619266510009766 145
0.2851588726043701 153
0.29326510429382324 160
0.3065321445465088 169
0.31662464141845703 178
0.3251075744628906 186
0.33338475227355957 192
0.34207940101623535 198
0.3521144390106201 207
0.361222505569458 215
0.3699657917022705 222
0.3773057460784912 228
0.38663721084594727 234
0.39504456520080566 243
0.40457606315612793 251
0.4128530025482178 258
0.4212937355041504 264
0.4299466609954834 271
0.4372391700744629 278
0.4458754062652588 284
0.4562039375305176 292
0.46450114250183105 300
0.4731738567352295 307
0.4818544387817383 314
0.49025702476501465 320
0.49838733673095703 327
0.5078976154327393 336
0.5161347389221191 342
0.5243673324584961 349
0.5330748558044434 357
0.5422594547271729 364
0.550602912902832 371
0.5607178211212158 377
0.56966233253479 382
0.5769805908203125 385
0.5856201648712158 388
0.5937013626098633 391
0.6025621891021729 393
0.6122252941131592 394
0.6205110549926758 394
0.6287455558776855 393
0.6379907131195068 392
0.646169900894165 390
0.6566276550292969 388
0.6651098728179932 384
0.6742334365844727 381
0.6825571060180664 378
0.6910390853881836 373
0.69930100440979 368
0.7136797904968262 360
0.722121000289917 356
0.7304959297180176 351
0.7390172481536865 346
0.7468078136444092 343
0.7566878795623779 340
0.7686951160430908 338
0.7764678001403809 337
0.784752607345581 337
0.7931396961212158 337
0.8024041652679443 338
0.8118817806243896 340
0.8201818466186523 342
0.8279294967651367 345
0.8372735977172852 349
0.8458974361419678 352
0.8549485206604004 357
0.8643231391906738 361
0.8731000423431396 365
0.8817074298858643 368
0.889967679977417 370
0.8972554206848145 371
0.9062564373016357 372
0.9158666133880615 372
0.9242966175079346 372
0.9332082271575928 370
0.9422397613525391 369
0.9505355358123779 367
0.9598066806793213 363
0.969771146774292 360
0.9770033359527588 356
0.9856295585632324 354
0.9936826229095459 351
1.0025599002838135 349
1.0119316577911377 347
1.0202419757843018 346
1.0279853343963623 346
1.0369255542755127 347
1.0451924800872803 348
1.0537362098693848 351
1.0664994716644287 354
1.0747032165527344 357
1.083404541015625 359
1.0920631885528564 362
1.100525140762329 364
1.1147420406341553 366
1.1230065822601318 366
1.1417887210845947 365
1.1534006595611572 363
1.167268991470337 359
1.1801629066467285 356
1.1968700885772705 352
1.209991216659546 350
1.2217164039611816 348
1.2298133373260498 348
1.2380321025848389 348
1.246541976928711 349
1.2558379173278809 351
1.2645134925842285 353
1.27396821975708 354
1.282222032546997 356
1.290412187576294 358
1.299008846282959 360
1.306696891784668 361
1.3150806427001953 362
1.3244130611419678 362
1.3332948684692383 362
1.3417847156524658 362
1.350358247756958 361
1.3596413135528564 359
1.369014024734497 358
1.3766992092132568 356
1.3849027156829834 355
1.3931398391723633 354
1.4024672508239746 352
1.4106314182281494 352
1.4199960231781006 351
1.427182912826538 351
1.436230182647705 352
1.4445886611938477 352
1.4530134201049805 353
1.4620723724365234 354
1.4719083309173584 356
1.4800570011138916 356
1.4872462749481201 358
1.4964690208435059 358
1.504690170288086 359
1.5173256397247314 359
1.5267918109893799 358
1.535839319229126 358
1.5445172786712646 357
1.552656888961792 356
1.561983346939087 355
1.5721361637115479 354
1.580244541168213 354
1.5874245166778564 353
1.5963385105133057 353
1.6045255661010742 353
1.6127066612243652 353
1.622011423110962 353
1.6310124397277832 354
1.6389360427856445 354
1.6466436386108398 354
1.656775951385498 355
1.665842056274414 356
1.6747486591339111 356
1.6828362941741943 356
1.6923465728759766 356
1.701692819595337 356
1.709822177886963 356
1.7171144485473633 356
1.7265465259552002 355
1.7349448204040527 355
1.7430834770202637 354
1.7517836093902588 354
1.7607090473175049 354
1.7698118686676025 354
1.7787165641784668 354
1.7863843441009521 354
1.7952189445495605 353
1.8032877445220947 353
1.8119332790374756 353
1.8200645446777344 353
1.8297946453094482 354
1.8369600772857666 354
1.8451709747314453 354
1.8533036708831787 354
1.8633911609649658 354
1.8720645904541016 354
1.8812685012817383 353
1.8897111415863037 353
1.8973519802093506 353
1.9058637619018555 353
1.9174010753631592 354
1.9279026985168457 354
1.936302900314331 354
1.944643259048462 354
1.9527387619018555 353
1.9633288383483887 353
1.9718596935272217 353
1.980916976928711 353
1.9888691902160645 353
1.9971551895141602 354
2.0068936347961426 354
2.0151419639587402 354
2.023135185241699 353
2.0331032276153564 353
2.0413711071014404 353
2.049854040145874 353
2.058698892593384 353
2.066797971725464 353
2.0749287605285645 354
2.084150791168213 354
2.0924534797668457 354
2.101379871368408 353
2.1099236011505127 353
2.117072582244873 353
2.1253883838653564 353
2.135361909866333 353
2.1433067321777344 353
2.1518006324768066 354
2.1606624126434326 354
2.1688404083251953 353
2.1771726608276367 353
2.1865956783294678 353
2.1957197189331055 353
2.2058324813842773 353
2.214329481124878 353
2.2231595516204834 354
2.2327041625976562 354
2.2410199642181396 353
2.24894380569458 353
2.258946657180786 353
2.266664981842041 353
2.2748188972473145 353
2.2841637134552 353
2.292874813079834 353
2.301168918609619 353
2.3129453659057617 353
2.3222053050994873 353
2.330575466156006 353
2.3400864601135254 353
2.347250461578369 353
2.3572349548339844 353
2.3658103942871094 353
2.3738903999328613 353
2.3820881843566895 353
2.3919382095336914 353
2.400064468383789 353
2.4072539806365967 353
2.4159059524536133 353
2.424391269683838 353
2.4325525760650635 353
2.4417762756347656 353
2.449918508529663 353
2.459710121154785 353
2.466923952102661 353
2.4761404991149902 353
2.485966444015503 352
2.4940237998962402 352
2.502207040786743 352
2.5103695392608643 352
2.5186920166015625 351
2.526381254196167 351
2.5346782207489014 351
2.5438995361328125 350
2.552686929702759 350
2.5618767738342285 351
2.5700643062591553 351
2.5785999298095703 351
2.5880112648010254 351
2.5962228775024414 351
2.6043546199798584 351
2.6126036643981934 351
2.6216888427734375 351
2.6297855377197266 351
2.6385984420776367 351
2.646298885345459 351
2.656986713409424 351
2.665313243865967 351
2.673269510269165 351
2.682293653488159 351
2.692002058029175 351
2.700105667114258 351
2.7072925567626953 351
2.722332000732422 351
2.730639696121216 351
2.7386984825134277 351
2.7473392486572266 351
2.756895065307617 351
2.7651093006134033 351
2.7732791900634766 351
2.781789541244507 351
2.79240345954895 351
2.8005709648132324 351
2.808680534362793 351
2.816991090774536 351
2.825248956680298 351
2.833354949951172 351
2.8426363468170166 351
2.851411819458008 351
2.860582113265991 351
2.8686726093292236 351
2.87650728225708 351
2.886183500289917 351
2.89570689201355 351
2.9036855697631836 351
2.9119491577148438 351
2.920477867126465 351
2.9285552501678467 351
2.9362235069274902 351
2.9456419944763184 351
2.955677032470703 351
2.9634287357330322 351
2.9719302654266357 351
2.980064868927002 351
2.9894304275512695 351
2.9985647201538086 351
3.006387233734131 351
3.015634059906006 351
3.02331280708313 351
3.031815767288208 351
3.040006160736084 350
3.0493457317352295 350
3.066534996032715 350
3.0765020847320557 350
3.086015224456787 350
3.0959551334381104 349
3.104456663131714 349
3.1198699474334717 349
3.127068042755127 349
3.135935068130493 348
3.1441023349761963 348
3.153921127319336 348
3.1627745628356934 348
3.172255754470825 348
3.1812453269958496 349
3.1898608207702637 349
3.1997263431549072 349
3.2069265842437744 348
3.2189462184906006 348
3.2303645610809326 348
3.241142749786377 348
3.2548556327819824 348
3.2665112018585205 348
3.2771100997924805 348
3.2893409729003906 348
3.3106529712677 348
3.322500228881836 348
3.333141565322876 348
3.344451427459717 348
3.358632802963257 348
3.3703646659851074 348
3.3784186840057373 348
3.3865575790405273 348
3.394853115081787 348
3.404709815979004 348
3.413419485092163 348
3.421945333480835 348
3.430204391479492 348
3.4373509883880615 348
3.4464573860168457 348
3.4564642906188965 348
3.4646198749542236 348
3.472763776779175 348
3.4817686080932617 348
3.4900453090667725 348
3.4972493648529053 348
3.5070643424987793 348
3.521030902862549 348
3.5289559364318848 348
3.5368151664733887 348
3.5458967685699463 348
3.5562338829040527 348
3.5644454956054688 348
3.572605609893799 348
3.581319570541382 348
3.5897154808044434 348
3.5989830493927 348
3.6100189685821533 348
3.6185405254364014 348
3.6262309551239014 348
3.634378671646118 348
3.6425962448120117 348
3.6518750190734863 348
3.662402868270874 348
3.6707277297973633 348
3.679774761199951 348
3.690058708190918 348
3.697249174118042 348
3.70701003074646 348
3.7160069942474365 348
3.7241413593292236 348
3.732456684112549 348
3.7406201362609863 348
3.7497172355651855 348
3.7598118782043457 348
3.7671260833740234 348
3.7757039070129395 348
3.7844600677490234 348
3.7928626537323 347
3.801164388656616 347
3.8112263679504395 346
3.819368362426758 346
3.8268234729766846 346
3.8351001739501953 346
3.8431832790374756 346
3.8525731563568115 346
3.8641722202301025 346
3.8723630905151367 346
3.881361484527588 346
3.8897781372070312 346
3.8969454765319824 346
3.9051685333251953 346
3.920084238052368 346
3.927234411239624 346
3.9358654022216797 346
3.9451892375946045 346
3.9534192085266113 346
3.963352680206299 346
3.972101926803589 346
3.981037139892578 346
3.9889683723449707 346
3.9966585636138916 346
4.004839181900024 346
4.016113996505737 346
4.0251500606536865 346
4.0332841873168945 346
4.041949033737183 346
4.050729751586914 346
4.0600974559783936 346
4.069010019302368 346
4.077155590057373 346
4.086839199066162 346
4.095947504043579 346
4.104504346847534 346
4.114476919174194 346
4.12260890007019 346
4.130753755569458 346
4.138878345489502 346
4.149761438369751 346
4.159869432449341 346
4.170242547988892 346
4.178828954696655 346
4.1865129470825195 346
4.196171283721924 346
4.204440593719482 346
4.212982654571533 346
4.222827672958374 346
4.231134653091431 346
4.239077091217041 346
4.247100830078125 346
4.256512641906738 346
4.264694452285767 346
4.274236440658569 346
4.282986640930176 346
4.291345119476318 345
4.299928665161133 345
4.308611154556274 345
4.322238445281982 344
4.3307294845581055 344
4.338850736618042 344
4.348767042160034 344
4.358473062515259 344
4.368988037109375 344
4.377950191497803 344
4.386031150817871 345
4.394404888153076 345
4.402573823928833 345
4.4118921756744385 345
4.420760631561279 344
4.428886413574219 344
4.4366679191589355 344
4.44582724571228 344
4.454890012741089 344
4.462933778762817 344
4.472358465194702 344
4.481112241744995 344
4.489034652709961 345
4.496734857559204 345
4.50489354133606 345
4.514186143875122 344
4.5241217613220215 344
4.53229284286499 344
4.541107654571533 344
4.5490100383758545 344
4.557233572006226 344
4.56587553024292 344
4.5759711265563965 344
4.5841193199157715 344
4.5922911167144775 344
4.600526571273804 344
4.609765291213989 344
4.616971969604492 344
4.626281023025513 344
4.634622812271118 343
4.644149541854858 343
4.65235710144043 343
4.662214994430542 343
4.6703338623046875 343
4.6801598072052 343
4.687350511550903 343
4.6960389614105225 343
4.70674729347229 343
4.715729713439941 344
4.729909658432007 344
4.7371485233306885 344
4.7463319301605225 343
4.755752801895142 343
4.763868808746338 343
4.772487163543701 343
4.781783580780029 343
4.789945840835571 343
4.797114372253418 343
4.806252717971802 344
4.814544439315796 344
4.822842597961426 344
4.83220911026001 343
4.840745687484741 343
4.848835229873657 343
4.8572447299957275 343
4.865827322006226 343
4.874720096588135 343
4.88400411605835 343
4.892216920852661 342
4.900370836257935 342
4.9092864990234375 342
4.916776180267334 342
4.924931764602661 342
4.9350745677948 342
4.943390846252441 342
4.953725814819336 342
4.962963581085205 342
4.972122430801392 342
4.981147766113281 342
4.989654064178467 342
4.996902704238892 342
