0 0
0.016067981719970703 0
0.03727984428405762 0
0.054070234298706055 2
0.07581305503845215 8
0.08597469329833984 12
0.09935760498046875 16
0.10891270637512207 17
0.1173563003540039 18
0.12572383880615234 20
0.13698816299438477 22
0.1443333625793457 24
0.1530618667602539 26
0.16236400604248047 29
0.17145442962646484 31
0.1809680461883545 32
0.18959689140319824 33
0.1983635425567627 35
0.2075817584991455 38
0.2158501148223877 40
0.22371959686279297 42
0.23366546630859375 43
0.24295401573181152 43
0.2513747215270996 44
0.260051965713501 46
0.2707252502441406 48
0.2793853282928467 51
0.2889840602874756 53
0.29738616943359375 54
0.30707335472106934 55
0.3175625801086426 58
0.32632899284362793 60
0.3373098373413086 62
0.3455464839935303 64
0.3533895015716553 64
0.3629753589630127 65
0.37212133407592773 66
0.3808774948120117 68
0.39020395278930664 70
0.39899444580078125 72
0.40803074836730957 74
0.4167625904083252 76
0.4241342544555664 76
0.43367648124694824 78
0.44365882873535156 79
0.4522418975830078 82
0.46111130714416504 84
0.4704117774963379 85
0.4792511463165283 85
0.4932832717895508 86
0.5019097328186035 89
0.5111813545227051 91
0.5196497440338135 92
0.5281319618225098 94
0.538254976272583 94
0.5472671985626221 94
0.5555598735809326 96
0.5642647743225098 97
0.5733895301818848 99
0.5819375514984131 100
0.5912344455718994 100
0.5996065139770508 102
0.6083221435546875 104
0.6173422336578369 107
0.6288764476776123 109
0.6426987648010254 110
0.6543130874633789 110
0.6676411628723145 110
0.6803231239318848 112
0.6931755542755127 115
0.7055041790008545 120
0.7160992622375488 122
0.7239990234375 124
0.7327470779418945 125
0.7429943084716797 126
0.7522025108337402 127
0.7613248825073242 129
0.769690752029419 130
0.7791793346405029 132
0.7875392436981201 134
0.797208309173584 134
0.8054971694946289 134
0.8140475749969482 134
0.8237905502319336 136
0.8323650360107422 138
0.8419711589813232 140
0.8517258167266846 141
0.8602795600891113 142
0.869626522064209 142
0.8783731460571289 144
0.8873286247253418 146
0.9000968933105469 148
0.908958911895752 148
0.9187471866607666 149
0.9271035194396973 150
0.9344346523284912 151
0.943920373916626 153
0.9535202980041504 154
0.9628159999847412 156
0.9712193012237549 156
0.9803032875061035 156
0.9890255928039551 156
0.9984114170074463 158
1.0070686340332031 159
1.0159599781036377 161
1.0238451957702637 162
1.0322489738464355 162
1.041036605834961 163
1.0511746406555176 164
1.0595455169677734 166
1.0690124034881592 168
1.0781941413879395 169
1.0867350101470947 169
1.0959372520446777 170
1.1083018779754639 170
1.1173374652862549 172
1.1255650520324707 174
1.1334960460662842 175
1.141923189163208 176
1.1521363258361816 177
1.162651538848877 177
1.1707630157470703 178
1.1798102855682373 180
1.188413143157959 181
1.1976003646850586 182
1.205885887145996 183
1.2143054008483887 184
1.2232255935668945 185
1.2317025661468506 186
1.2400131225585938 186
1.2502708435058594 186
1.2594423294067383 187
1.2693514823913574 188
1.278801441192627 190
1.2872178554534912 191
1.3007533550262451 192
1.310051441192627 192
1.3189914226531982 191
1.3281447887420654 192
1.3387863636016846 193
1.3488318920135498 195
1.3573055267333984 196
1.3668341636657715 196
1.3742082118988037 197
1.3834457397460938 197
1.3918018341064453 198
1.4014627933502197 199
1.4109835624694824 200
1.4193763732910156 201
1.4277775287628174 202
1.436014175415039 203
1.4443349838256836 203
1.4539885520935059 203
1.4640107154846191 204
1.4727730751037598 204
1.4814512729644775 206
1.4898667335510254 206
1.4987232685089111 207
1.508204460144043 207
1.5172011852264404 208
1.5255169868469238 208
1.5333924293518066 209
1.542689561843872 211
1.5517842769622803 212
1.560276985168457 212
1.570155143737793 212
1.5795269012451172 213
1.5880365371704102 214
1.5963330268859863 215
1.605820894241333 216
1.614283800125122 216
1.6231818199157715 216
1.6315879821777344 216
1.64005446434021 218
1.649254560470581 219
1.6588668823242188 221
1.6684439182281494 222
1.6777102947235107 222
1.6863253116607666 222
1.699064016342163 224
1.7094860076904297 226
1.718109369277954 228
1.7267112731933594 228
1.7341492176055908 228
1.7435660362243652 228
1.7521021366119385 230
1.7628836631774902 231
1.7717740535736084 231
1.7812976837158203 231
1.7896702289581299 231
1.7982475757598877 232
1.8080570697784424 233
1.816831350326538 234
1.824230432510376 234
1.8329870700836182 234
1.8433144092559814 235
1.851712942123413 236
1.8614203929901123 237
1.870187759399414 237
1.8800678253173828 237
1.8888821601867676 237
1.8972110748291016 238
1.9055230617523193 240
1.9160258769989014 241
1.9238476753234863 241
1.9323787689208984 241
1.9417879581451416 240
1.9500246047973633 241
1.9596192836761475 242
1.969158411026001 243
1.978299617767334 243
1.9873559474945068 243
1.9956204891204834 242
2.0040740966796875 243
2.0166614055633545 245
2.0241363048553467 246
2.0328428745269775 247
2.0418031215667725 247
2.0501179695129395 246
2.060023546218872 246
2.0693438053131104 246
2.079253673553467 248
2.0875844955444336 249
2.1002542972564697 250
2.109283208847046 249
2.1191675662994385 248
2.127587080001831 248
2.135838747024536 248
2.144191265106201 248
2.152911424636841 250
2.163191080093384 251
2.1721558570861816 251
2.1813628673553467 250
2.1897995471954346 250
2.198321580886841 250
2.2073793411254883 252
2.216978073120117 253
2.2243778705596924 255
2.2330777645111084 255
2.242249011993408 255
2.2503693103790283 255
2.259014844894409 256
2.270188570022583 258
2.27939510345459 259
2.288296937942505 260
2.296999216079712 260
2.305833339691162 259
2.315420627593994 258
2.323380708694458 259
2.3317441940307617 260
2.341029405593872 261
2.3507351875305176 261
2.360402822494507 260
2.3715860843658447 259
2.37996506690979 259
2.389146566390991 260
2.3975350856781006 261
2.4069266319274902 262
2.415862560272217 262
2.423860549926758 262
2.4321935176849365 262
2.4411203861236572 262
2.4494361877441406 263
2.458404302597046 265
2.4690306186676025 266
2.478407144546509 267
2.4869580268859863 267
2.499579906463623 267
2.5088298320770264 268
2.5182344913482666 269
2.527038335800171 270
2.5343711376190186 270
2.543699264526367 269
2.552182912826538 268
2.5614662170410156 268
2.5716354846954346 270
2.5799450874328613 271
2.5887820720672607 271
2.5977277755737305 270
2.6070609092712402 270
2.614413261413574 270
2.6238956451416016 271
2.6323957443237305 272
2.6413326263427734 273
2.649705410003662 274
2.6634151935577393 272
2.673496723175049 270
2.681926727294922 268
2.6901886463165283 268
2.6998846530914307 268
2.711852550506592 268
2.724294900894165 270
2.736792802810669 272
2.7481529712677 272
2.7595560550689697 271
2.7738399505615234 271
2.7858779430389404 272
2.7969610691070557 274
2.8057961463928223 275
2.813709259033203 275
2.8220889568328857 275
2.831400156021118 274
2.840714693069458 275
2.849137783050537 276
2.8583261966705322 277
2.869063377380371 277
2.8783798217773438 276
2.886936902999878 275
2.8943305015563965 275
2.909571409225464 276
2.918306827545166 278
2.927922487258911 278
2.9375178813934326 277
2.945875406265259 276
2.953650712966919 276
2.9631924629211426 276
2.972175121307373 278
2.981595993041992 278
2.9899075031280518 278
2.9983460903167725 278
3.008108139038086 278
3.01668643951416 279
3.024217367172241 280
3.034982681274414 280
3.043206214904785 280
3.0516340732574463 280
3.060009002685547 281
3.0698933601379395 282
3.079723834991455 282
3.0881922245025635 282
3.0966668128967285 282
3.1057088375091553 282
3.1136651039123535 282
3.1220686435699463 282
3.1314759254455566 283
3.1403849124908447 284
3.149132013320923 284
3.1573853492736816 283
3.1674532890319824 283
3.175593376159668 283
3.1842868328094482 283
3.1931586265563965 284
3.2021865844726562 285
3.2113840579986572 285
3.2197251319885254 285
3.228196859359741 286
3.2384185791015625 286
3.246922016143799 286
3.2542600631713867 286
3.2693252563476562 287
3.279019355773926 288
3.2884280681610107 289
3.30171537399292 289
3.3111209869384766 289
3.3209197521209717 290
3.3302114009857178 291
3.3409271240234375 291
3.349263906478882 290
3.3576273918151855 290
3.367427349090576 290
3.375584125518799 290
3.386655569076538 292
3.3941826820373535 292
3.4035847187042236 293
3.4187309741973877 293
3.427269697189331 292
3.4372942447662354 292
3.445521593093872 293
3.4535324573516846 293
3.463088035583496 294
3.4720797538757324 293
3.4803314208984375 292
3.4899537563323975 292
3.4995431900024414 293
3.508175849914551 294
3.5168049335479736 295
3.5242481231689453 295
3.5335586071014404 294
3.543160915374756 293
3.551539897918701 293
3.560147762298584 293
3.5702602863311768 294
3.579024314880371 295
3.5882620811462402 295
3.5972132682800293 295
3.6050469875335693 295
3.613229513168335 295
3.621671676635742 296
3.631294012069702 296
3.6403489112854004 297
3.6492176055908203 297
3.6575872898101807 296
3.6699564456939697 296
3.679518699645996 296
3.6891467571258545 298
3.702958822250366 298
3.7114059925079346 298
3.721721649169922 296
3.7317419052124023 297
3.7414982318878174 298
3.7499375343322754 298
3.758707284927368 298
3.768367052078247 298
3.7774741649627686 298
3.786700963973999 298
3.796792984008789 298
3.804142951965332 299
3.812990188598633 299
3.821376085281372 300
3.830216884613037 299
3.839017629623413 298
3.8487179279327393 298
3.857130289077759 299
3.8667948246002197 300
3.8742449283599854 301
3.8830320835113525 301
3.8926949501037598 300
3.9015426635742188 299
3.9099395275115967 299
3.918933629989624 300
3.9282712936401367 300
3.936899185180664 301
3.94602370262146 301
3.9538466930389404 301
3.9634485244750977 300
3.9719104766845703 300
3.9802942276000977 300
3.988992929458618 301
3.999072790145874 302
4.00744891166687 302
4.015683650970459 302
4.023552656173706 301
4.033406019210815 301
4.041830539703369 301
4.052374362945557 302
4.062070369720459 302
4.070244789123535 302
4.0789384841918945 302
4.087356090545654 302
4.097559452056885 303
4.1106953620910645 303
4.1192710399627686 303
4.128995180130005 303
4.137273788452148 303
4.146729946136475 303
4.154054880142212 303
4.163999080657959 303
4.172635793685913 304
4.181005954742432 304
4.189435005187988 304
4.199567079544067 303
4.208106756210327 303
4.216855764389038 303
4.225487470626831 303
4.233630418777466 304
4.242125511169434 304
4.251596212387085 304
4.26240086555481 304
4.270759344100952 303
4.2795610427856445 303
4.289452314376831 304
4.3016884326934814 305
4.310428142547607 305
4.319127559661865 304
4.328222990036011 303
4.33753776550293 303
4.345807075500488 303
4.355008125305176 304
4.3655173778533936 304
4.3733954429626465 304
4.381706714630127 304
4.38995885848999 304
4.399984359741211 304
4.408731698989868 304
4.41695499420166 304
4.424232244491577 304
4.43321418762207 304
4.441568613052368 305
4.45122766494751 305
4.460327863693237 304
4.4697370529174805 303
4.4784276485443115 303
4.486906051635742 304
4.495906114578247 305
4.509946823120117 304
4.519085884094238 304
4.527736663818359 302
4.536949396133423 302
4.544262886047363 303
4.553884506225586 304
4.563825845718384 304
4.572326898574829 304
4.580948352813721 304
4.589445352554321 303
4.598405361175537 303
4.608029127120972 304
4.61665415763855 304
4.625403165817261 303
4.63343358039856 303
4.641958475112915 302
4.65020751953125 303
4.661480665206909 304
4.669907808303833 304
4.678348541259766 304
4.686818838119507 304
4.695519208908081 304
4.704357147216797 304
4.713034629821777 304
4.721316576004028 304
4.7301716804504395 304
4.738973379135132 304
4.7472333908081055 304
4.75734806060791 304
4.766412258148193 304
4.773987531661987 304
4.785897970199585 304
4.798690557479858 304
4.81148624420166 304
4.82362961769104 304
4.835025787353516 304
4.8469743728637695 304
4.860206604003906 304
4.872395277023315 304
4.881768703460693 304
4.891012907028198 304
4.899357318878174 304
4.913354396820068 304
4.9217517375946045 304
4.93070912361145 304
4.939207553863525 304
4.947483539581299 304
4.956415891647339 304
4.966423988342285 304
4.974018096923828 304
4.9826884269714355 304
4.991530656814575 304
4.999957799911499 304
