0 0
0.013988971710205078 0
0.03293967247009277 0
0.054596900939941406 2
0.06876945495605469 6
0.08836174011230469 14
0.10368680953979492 22
0.11249327659606934 26
0.11979460716247559 31
0.12850332260131836 36
0.1369173526763916 41
0.14581632614135742 48
0.15529394149780273 53
0.16369414329528809 60
0.171950101852417 65
0.18001437187194824 71
0.19833779335021973 84
0.20858502388000488 92
0.21692514419555664 98
0.22521185874938965 104
0.2335822582244873 111
0.24276185035705566 118
0.25006103515625 124
0.25971055030822754 132
0.26842641830444336 138
0.27704524993896484 144
0.2853512763977051 150
0.2937743663787842 158
0.3030545711517334 165
0.31341981887817383 175
0.32163023948669434 181
0.3294064998626709 188
0.3377370834350586 194
0.3467447757720947 200
0.35602331161499023 210
0.36658596992492676 217
0.3756744861602783 225
0.38433074951171875 231
0.3925745487213135 238
0.4015510082244873 246
0.4116353988647461 254
0.4193744659423828 261
0.4275341033935547 267
0.4357903003692627 274
0.4450051784515381 280
0.45383524894714355 288
0.46301722526550293 294
0.4714391231536865 302
0.4791755676269531 306
0.4873526096343994 313
0.49580955505371094 318
0.5054931640625 324
0.5149149894714355 329
0.5230903625488281 333
0.531186580657959 338
0.5394754409790039 342
0.5477330684661865 346
0.5567970275878906 348
0.5657670497894287 352
0.5747015476226807 354
0.5829067230224609 356
0.5950109958648682 359
0.6048622131347656 361
0.6144542694091797 362
0.6226091384887695 363
0.6298248767852783 364
0.6388463973999023 364
0.6470286846160889 364
0.6551773548126221 364
0.6645476818084717 364
0.6734194755554199 364
0.6814897060394287 363
0.6891405582427979 362
0.6985573768615723 362
0.7074394226074219 361
0.7173941135406494 360
0.7255213260650635 359
0.7340095043182373 358
0.7428672313690186 358
0.7500603199005127 356
0.7586855888366699 356
0.7677075862884521 355
0.7778589725494385 354
0.7859165668487549 353
0.7945919036865234 352
0.805051326751709 351
0.8132627010345459 350
0.8224666118621826 350
0.8297762870788574 349
0.8416671752929688 348
0.8492980003356934 347
0.8577148914337158 346
0.8670480251312256 346
0.8757941722869873 345
0.8843498229980469 344
0.8925094604492188 344
0.901395320892334 343
0.9095151424407959 342
0.919069766998291 342
0.9272384643554688 341
0.9359679222106934 341
0.9445312023162842 340
0.9528639316558838 340
0.9600191116333008 339
0.9698216915130615 339
0.9785561561584473 338
0.986595630645752 338
0.9994750022888184 337
1.0086655616760254 337
1.0168938636779785 336
1.025815486907959 336
1.0350067615509033 336
1.0432164669036865 335
1.0512828826904297 335
1.058971881866455 335
1.0671212673187256 334
1.0774378776550293 334
1.0855402946472168 334
1.0943338871002197 333
1.1036951541900635 333
1.1116347312927246 332
1.1206133365631104 332
1.128692865371704 332
1.1373050212860107 332
1.1454267501831055 331
1.1538176536560059 331
1.1617093086242676 330
1.171706199645996 330
1.1793932914733887 330
1.1875250339508057 330
1.1990387439727783 329
1.2100026607513428 328
1.2236838340759277 328
1.2354021072387695 328
1.246325969696045 327
1.2573552131652832 326
1.2690448760986328 326
1.282047986984253 326
1.2911145687103271 325
1.300598382949829 325
1.308703899383545 324
1.3168199062347412 324
1.3258616924285889 324
1.335179090499878 323
1.3443350791931152 323
1.352985143661499 322
1.3610451221466064 322
1.3693196773529053 322
1.3787922859191895 322
1.3869810104370117 321
1.4013800621032715 320
1.409196138381958 320
1.4175333976745605 320
1.4268794059753418 320
1.4355030059814453 319
1.4437994956970215 319
1.4517042636871338 318
1.4595396518707275 318
1.4687473773956299 318
1.4784903526306152 317
1.4868073463439941 317
1.495006799697876 316
1.504854679107666 316
1.5131661891937256 316
1.5212175846099854 315
1.5296225547790527 315
1.538665533065796 315
1.5468130111694336 314
1.5549890995025635 314
1.563584566116333 314
1.5728459358215332 313
1.5819380283355713 313
1.589460849761963 312
1.5992279052734375 312
1.6074438095092773 312
1.6158034801483154 312
1.624375820159912 311
1.6340515613555908 311
1.6424124240875244 310
1.6496050357818604 310
1.657846212387085 310
1.6670324802398682 310
1.675208330154419 309
1.684640884399414 309
1.6928749084472656 308
1.7026453018188477 308
1.7098326683044434 308
1.7184088230133057 307
1.7263984680175781 307
1.7357873916625977 307
1.744502067565918 306
1.7539608478546143 306
1.7624151706695557 306
1.7700614929199219 305
1.7785985469818115 305
1.7875511646270752 304
1.8028709888458252 304
1.8100395202636719 304
1.8213727474212646 303
1.8291926383972168 303
1.8389582633972168 302
1.8471767902374268 302
1.8553466796875 302
1.8644897937774658 302
1.8733301162719727 301
1.8820784091949463 300
1.8910691738128662 300
1.8993077278137207 300
1.9075260162353516 300
1.915616750717163 299
1.9239845275878906 299
1.9340729713439941 299
1.9424536228179932 298
1.9496197700500488 298
1.9578852653503418 298
1.9670238494873047 298
1.9751901626586914 297
1.9833545684814453 297
1.9934320449829102 296
2.003197431564331 296
2.0129194259643555 296
2.0206286907196045 296
2.0292978286743164 295
2.0387165546417236 295
2.0468461513519287 294
2.055124282836914 294
2.063744068145752 294
2.071660041809082 293
2.0793204307556152 293
2.0887179374694824 293
2.0991086959838867 292
2.1072678565979004 292
2.115511894226074 292
2.123857021331787 291
2.1328787803649902 291
2.1419522762298584 290
2.14945650100708 290
2.157575845718384 290
2.1665995121002197 290
2.174942970275879 289
2.1830897331237793 289
2.1977713108062744 288
2.2059309482574463 288
2.214611053466797 288
2.222872018814087 288
2.2313952445983887 287
2.239903688430786 287
2.2484230995178223 286
2.256392002105713 286
2.265169858932495 286
2.273803949356079 286
2.2817108631134033 285
2.2914621829986572 285
2.3020081520080566 284
2.3094894886016846 284
2.3178250789642334 284
2.325820207595825 284
2.335019111633301 283
2.3444273471832275 283
2.3527162075042725 282
2.3599419593811035 282
2.3687193393707275 282
2.3767967224121094 282
2.3860392570495605 281
2.398264169692993 281
2.4059581756591797 281
2.4146101474761963 280
2.422766923904419 280
2.431339979171753 280
2.4390671253204346 280
2.4484431743621826 279
2.456390142440796 279
2.4653282165527344 278
2.4738051891326904 278
2.4817299842834473 278
2.4894256591796875 278
2.4998795986175537 277
2.508809804916382 277
2.516960620880127 276
2.525271415710449 276
2.5343847274780273 276
2.5425455570220947 276
2.5514416694641113 275
2.5595152378082275 275
2.5717275142669678 274
2.5794565677642822 274
2.5887904167175293 274
2.603883981704712 273
2.6123626232147217 273
2.6196045875549316 273
2.631181240081787 272
2.6388657093048096 272
2.648270845413208 272
2.656571865081787 272
2.665431499481201 271
2.67374324798584 271
2.6816861629486084 270
2.6928961277008057 270
2.702910900115967 270
2.710615873336792 270
2.7188727855682373 269
2.7277989387512207 269
2.7357871532440186 268
2.7443578243255615 268
2.7533457279205322 268
2.7622909545898438 268
2.7695271968841553 268
2.7779855728149414 267
2.786344528198242 267
2.7952256202697754 266
2.80574107170105 266
2.8147549629211426 266
2.8228750228881836 266
2.8314852714538574 265
2.8393099308013916 265
2.8475229740142822 265
2.8568646907806396 264
2.865554094314575 264
2.874434471130371 264
2.8825604915618896 264
2.889784097671509 263
2.9012036323547363 263
2.9088802337646484 262
2.917193651199341 262
2.925813913345337 262
2.9343624114990234 262
2.942469596862793 262
2.9496583938598633 261
2.9598443508148193 261
2.9683878421783447 260
2.976393461227417 260
2.9846692085266113 260
2.9931418895721436 260
3.007070302963257 259
3.0154919624328613 259
3.024714469909668 259
3.0329067707061768 258
3.040578842163086 258
3.0488271713256836 258
3.058631181716919 258
3.0666675567626953 257
3.0750982761383057 257
3.0832271575927734 256
3.0924038887023926 256
3.1011345386505127 256
3.109652280807495 256
3.1187117099761963 255
3.127511501312256 255
3.1357576847076416 255
3.1443541049957275 254
3.15252423286438 254
3.1623194217681885 254
3.169593572616577 254
3.1780173778533936 253
3.1859874725341797 253
3.199307918548584 252
3.2095935344696045 252
3.2178666591644287 252
3.2266592979431152 252
3.234881639480591 252
3.2430546283721924 251
3.2616071701049805 251
3.2693216800689697 250
3.2800238132476807 250
3.292520761489868 250
3.3044509887695312 250
3.317739486694336 249
3.329413890838623 248
3.3400614261627197 248
3.3517279624938965 248
3.3653833866119385 247
3.37504506111145 247
3.383237361907959 247
3.391939401626587 246
3.4046308994293213 246
3.413888692855835 246
3.4228169918060303 246
3.4300525188446045 245
3.438859701156616 245
3.4470815658569336 245
3.45568585395813 244
3.4651474952697754 244
3.473742961883545 244
3.481675148010254 244
3.489924430847168 243
3.4992809295654297 243
3.507455825805664 242
3.5166702270507812 242
3.525252342224121 242
3.533414363861084 242
3.5415422916412354 242
3.5492827892303467 241
3.5584375858306885 241
3.5675323009490967 241
3.575669288635254 240
3.5840225219726562 240
3.592909336090088 240
3.6020584106445312 240
3.609544515609741 239
3.6190783977508545 239
3.6284985542297363 239
3.6365816593170166 238
3.6448075771331787 238
3.653743028640747 238
3.662475347518921 238
3.671417236328125 237
3.6792924404144287 237
3.6882784366607666 237
3.697110414505005 237
3.7052910327911377 236
3.7135815620422363 236
3.723569869995117 236
3.7315213680267334 236
3.7393946647644043 235
3.7477169036865234 235
3.7567827701568604 235
3.764997720718384 234
3.7743968963623047 234
3.782524824142456 234
3.7911932468414307 234
3.8048181533813477 233
3.8131515979766846 233
3.824352502822876 232
3.834385871887207 232
3.843035936355591 232
3.8515968322753906 232
3.8596057891845703 232
3.8689563274383545 231
3.877199172973633 231
3.8859667778015137 231
3.894486665725708 230
3.903217315673828 230
3.9113078117370605 230
3.9212045669555664 230
3.928952693939209 230
3.9371447563171387 229
3.9453256130218506 229
3.9544970989227295 228
3.9627130031585693 228
3.9715330600738525 228
3.9793331623077393 228
3.9885413646698 228
3.9973807334899902 228
4.005506277084351 227
4.013807773590088 227
4.023560047149658 227
4.031560182571411 227
4.039392709732056 227
4.0475311279296875 226
4.056318044662476 226
4.06468939781189 226
4.073804616928101 226
4.082294225692749 225
4.0900187492370605 225
4.099523305892944 225
4.107834815979004 224
4.115873098373413 224
4.125719308853149 224
4.134037494659424 224
4.142996311187744 224
4.151305437088013 223
4.159144878387451 223
4.167310953140259 223
4.176602840423584 222
4.1853461265563965 222
4.193699598312378 222
4.206547021865845 222
4.2150962352752686 221
4.225261211395264 221
4.233687877655029 220
4.241638898849487 220
4.24933648109436 220
4.258425235748291 220
4.266515731811523 220
4.275686025619507 220
4.284936428070068 219
4.2931272983551025 219
4.302470684051514 218
4.309669733047485 218
4.31872296333313 218
4.327752351760864 218
4.33733606338501 217
4.345993757247925 217
4.355173110961914 217
4.3633716106414795 216
4.371511936187744 216
4.380016803741455 216
4.389176845550537 216
4.3985679149627686 216
4.4066362380981445 215
4.414909362792969 215
4.423950910568237 215
4.433198690414429 214
4.441295623779297 214
4.4496378898620605 214
4.458364009857178 214
4.4663987159729 214
4.47495698928833 214
4.484628200531006 213
4.492896795272827 213
4.501994371414185 213
4.509499788284302 212
4.518856763839722 212
4.527851104736328 212
4.535989046096802 212
4.544548988342285 212
4.553186655044556 212
4.5613017082214355 211
4.569019556045532 211
4.577341079711914 211
4.5872602462768555 210
4.595432281494141 210
4.608373641967773 210
4.61729621887207 210
4.625548601150513 210
4.635588884353638 209
4.6439690589904785 209
4.652875185012817 208
4.660600900650024 208
4.668671369552612 208
4.676864147186279 208
4.6865234375 208
4.6948723793029785 208
4.70397686958313 207
4.7124128341674805 207
4.720588445663452 207
4.728713035583496 206
4.737966537475586 206
4.745938539505005 206
4.755335092544556 206
4.763666868209839 206
4.77161979675293 205
4.779346704483032 205
4.788983345031738 205
4.798665761947632 204
4.806819438934326 204
4.81576681137085 204
4.824354887008667 204
4.8324973583221436 204
4.84147572517395 203
4.852749824523926 203
4.859947443008423 203
4.868671655654907 203
4.87701416015625 202
4.887017488479614 202
4.895278692245483 202
4.904557943344116 202
4.913343667984009 202
4.921445608139038 201
4.929168224334717 201
4.938796520233154 201
4.9474287033081055 200
4.9556005001068115 200
4.963932752609253 200
4.972354173660278 200
4.9811224937438965 200
4.989640235900879 200
4.999178647994995 199
