0 0
0.017586469650268555 0
0.03507804870605469 0
0.05305957794189453 2
0.07323551177978516 7
0.08744478225708008 13
0.0953524112701416 16
0.1037287712097168 21
0.1130821704864502 25
0.12209200859069824 30
0.13084912300109863 36
0.14024901390075684 42
0.1492776870727539 47
0.15756654739379883 54
0.1662309169769287 59
0.17504501342773438 66
0.18539023399353027 72
0.19381928443908691 79
0.20214200019836426 85
0.21131396293640137 91
0.2197728157043457 98
0.22828149795532227 108
0.2427511215209961 116
0.251446008682251 122
0.2600884437561035 130
0.2693641185760498 136
0.27891969680786133 144
0.2881746292114258 152
0.29593658447265625 158
0.30487561225891113 165
0.31374192237854004 173
0.32297492027282715 179
0.33146023750305176 186
0.3417539596557617 196
0.3506338596343994 202
0.3640320301055908 215
0.3761940002441406 223
0.3849918842315674 230
0.3946187496185303 238
0.40299034118652344 244
0.41186070442199707 253
0.4218149185180664 261
0.4318082332611084 270
0.44204258918762207 278
0.45081257820129395 284
0.46013784408569336 292
0.4694359302520752 300
0.4794304370880127 307
0.48859286308288574 312
0.4977412223815918 318
0.5055921077728271 322
0.514796257019043 326
0.5230605602264404 329
0.5318670272827148 332
0.5418212413787842 334
0.5505917072296143 336
0.5590426921844482 338
0.5687241554260254 340
0.5774786472320557 342
0.5853369235992432 344
0.5950148105621338 346
0.6035099029541016 348
0.6121242046356201 349
0.6207621097564697 349
0.6295506954193115 350
0.6440112590789795 352
0.6527647972106934 354
0.6615066528320312 355
0.6708641052246094 356
0.6795034408569336 356
0.6877882480621338 355
0.6972765922546387 355
0.7052304744720459 355
0.7145988941192627 356
0.7230591773986816 357
0.731957197189331 358
0.741396427154541 358
0.7508959770202637 358
0.759117841720581 357
0.7686591148376465 357
0.7774562835693359 358
0.785529613494873 358
0.7950754165649414 359
0.8034307956695557 359
0.8122799396514893 359
0.8208935260772705 359
0.8292510509490967 359
0.8379006385803223 359
0.8477473258972168 359
0.8555431365966797 359
0.8650000095367432 360
0.8748874664306641 360
0.8831431865692139 359
0.8915657997131348 359
0.9013409614562988 358
0.9105987548828125 360
0.9191291332244873 360
0.9273614883422852 361
0.9352848529815674 361
0.9449276924133301 360
0.9544918537139893 360
0.9648351669311523 359
0.9738178253173828 359
0.98203444480896 360
0.9918148517608643 360
1.0021071434020996 360
1.0111088752746582 360
1.0195393562316895 360
1.0277471542358398 360
1.041604995727539 359
1.0512058734893799 358
1.0598878860473633 359
1.0694067478179932 360
1.0788064002990723 360
1.0862090587615967 361
1.0951216220855713 360
1.1051926612854004 360
1.1135101318359375 360
1.1217215061187744 360
1.130108118057251 360
1.1394715309143066 360
1.147653579711914 360
1.1562213897705078 359
1.1657724380493164 359
1.1749472618103027 359
1.1831226348876953 359
1.191572666168213 360
1.2001054286956787 360
1.2105302810668945 359
1.2189931869506836 358
1.226802110671997 359
1.2349975109100342 359
1.2444701194763184 359
1.253582239151001 359
1.262063980102539 359
1.2719428539276123 359
1.280653476715088 359
1.2888505458831787 359
1.2960939407348633 359
1.3058547973632812 359
1.3145079612731934 359
1.3228318691253662 359
1.3312327861785889 359
1.3406095504760742 359
1.3490443229675293 359
1.358260154724121 359
1.367368221282959 359
1.375765323638916 359
1.384526014328003 359
1.3928008079528809 359
1.4011430740356445 359
1.4112305641174316 359
1.4194841384887695 359
1.4277317523956299 359
1.4419183731079102 359
1.454545497894287 359
1.4694693088531494 359
1.480841875076294 359
1.4919297695159912 359
1.5046758651733398 359
1.5178167819976807 359
1.5273127555847168 359
1.5355379581451416 359
1.5439021587371826 359
1.5529696941375732 359
1.5626001358032227 359
1.5720856189727783 359
1.5806753635406494 359
1.588881015777588 359
1.5961544513702393 359
1.6054720878601074 359
1.6150486469268799 359
1.623453140258789 359
1.6317286491394043 359
1.6408216953277588 359
1.6490421295166016 359
1.657762050628662 359
1.668816328048706 359
1.6761116981506348 359
1.6849117279052734 359
1.6931300163269043 359
1.701836347579956 359
1.7112720012664795 359
1.719569444656372 359
1.727783441543579 359
1.7360925674438477 359
1.7448978424072266 359
1.753101110458374 359
1.7631866931915283 359
1.7721807956695557 359
1.7807629108428955 359
1.7889735698699951 359
1.7962791919708252 359
1.8057212829589844 359
1.815241813659668 359
1.8235421180725098 358
1.8318710327148438 358
1.8455185890197754 359
1.8542227745056152 360
1.864861249923706 361
1.874007225036621 360
1.8822171688079834 360
1.8909528255462646 360
1.899935007095337 360
1.907930850982666 360
1.917464017868042 359
1.9254183769226074 359
1.934551477432251 359
1.942791223526001 359
1.951129674911499 359
1.959376573562622 359
1.9716992378234863 359
1.9802732467651367 359
1.9889256954193115 358
1.996232032775879 359
2.0077097415924072 360
2.01951003074646 359
2.0278480052948 358
2.0362744331359863 358
2.0450665950775146 358
2.053318500518799 358
2.0621888637542725 358
2.073232650756836 358
2.0814690589904785 358
2.0897817611694336 358
2.0988285541534424 358
2.1061649322509766 358
2.1148457527160645 358
2.123762369155884 358
2.133151054382324 358
2.141402006149292 358
2.1496365070343018 358
2.1578369140625 358
2.169027328491211 358
2.176877737045288 358
2.185002326965332 358
2.193249225616455 358
2.2019660472869873 358
2.2106478214263916 358
2.2199859619140625 358
2.2282838821411133 358
2.241753578186035 358
2.250542163848877 358
2.258983612060547 358
2.26896071434021 358
2.2789223194122314 358
2.286252737045288 358
2.2949161529541016 358
2.3034934997558594 358
2.3117263317108154 358
2.320136785507202 358
2.3292975425720215 358
2.3385212421417236 358
2.3458240032196045 358
2.354233741760254 358
2.373443126678467 358
2.3817970752716064 358
2.390740394592285 358
2.3995048999786377 358
2.407728672027588 358
2.415497303009033 358
2.4259703159332275 358
2.4351799488067627 358
2.4435157775878906 358
2.451749086380005 358
2.460649013519287 358
2.4694926738739014 358
2.480508327484131 358
2.490203619003296 358
2.4993374347686768 358
2.5075950622558594 358
2.515380620956421 358
2.5250651836395264 358
2.5340254306793213 358
2.54211163520813 358
2.5507426261901855 358
2.5589723587036133 358
2.568828582763672 358
2.5788769721984863 358
2.5861704349517822 358
2.5947659015655518 358
2.6036598682403564 358
2.611907720565796 358
2.6205620765686035 358
2.6302664279937744 358
2.6422722339630127 358
2.6511616706848145 358
2.659571647644043 358
2.6692612171173096 358
2.679169178009033 358
2.687364339828491 358
2.695732355117798 358
2.70448637008667 358
2.7122955322265625 358
2.720937490463257 358
2.7306530475616455 358
2.738924980163574 358
2.7462432384490967 358
2.7548649311065674 358
2.765012741088867 357
2.773444890975952 357
2.7835371494293213 357
2.791801691055298 358
2.8010594844818115 358
2.809297800064087 358
2.8174633979797363 358
2.825500249862671 357
2.8355753421783447 356
2.8439784049987793 356
2.85213565826416 357
2.861992835998535 358
2.8714258670806885 358
2.8800227642059326 358
2.8892180919647217 357
2.898566722869873 356
2.906001329421997 356
2.9147961139678955 357
2.9232239723205566 358
2.933067798614502 358
2.9415037631988525 358
2.9499495029449463 357
2.958578109741211 357
2.968787431716919 356
2.976130723953247 357
2.9860823154449463 357
2.9968044757843018 357
3.0051136016845703 357
3.013381004333496 357
3.0216126441955566 357
3.0307343006134033 357
3.0436625480651855 357
3.0519602298736572 357
3.061558485031128 357
3.0711092948913574 357
3.079437017440796 357
3.0894925594329834 357
3.09816312789917 356
3.1058623790740967 356
3.114553451538086 357
3.123098134994507 357
3.131971836090088 357
3.141456365585327 357
3.149772882461548 356
3.1582460403442383 356
3.168553590774536 356
3.175982713699341 357
3.1856751441955566 357
3.1951024532318115 357
3.2035071849823 356
3.211846351623535 356
3.2202630043029785 356
3.2294082641601562 356
3.2390198707580566 357
3.2473013401031494 357
3.255246162414551 357
3.265435218811035 356
3.2737526893615723 356
3.2819278240203857 356
3.2918388843536377 356
3.301027536392212 356
3.3093087673187256 357
3.317652463912964 357
3.326026201248169 357
3.342095136642456 356
3.350764036178589 356
3.3597652912139893 356
3.3689661026000977 356
3.377279043197632 357
3.385167360305786 357
3.3958261013031006 356
3.4046010971069336 356
3.412846565246582 356
3.4213647842407227 356
3.430986166000366 357
3.439375877380371 357
3.4527745246887207 356
3.4616832733154297 356
3.47121000289917 356
3.4797818660736084 357
3.4882142543792725 357
3.4998106956481934 357
3.510003089904785 356
3.5186991691589355 356
3.530695915222168 356
3.542001962661743 355
3.555898427963257 355
3.5717217922210693 356
3.5850937366485596 357
3.607565402984619 355
3.619614839553833 354
3.6306707859039307 354
3.6389517784118652 354
3.6500298976898193 356
3.660557270050049 357
3.670825481414795 358
3.6792259216308594 358
3.68740177154541 357
3.6975624561309814 356
3.7054405212402344 355
3.7140259742736816 355
3.722553014755249 355
3.732086420059204 356
3.7407853603363037 356
3.7496681213378906 356
3.758575439453125 356
3.7690258026123047 356
3.776811361312866 357
3.785297393798828 357
3.7949297428131104 356
3.805830478668213 356
3.8148903846740723 356
3.824525833129883 356
3.8332180976867676 356
3.8448851108551025 356
3.8552751541137695 355
3.8655178546905518 355
3.874049663543701 356
3.882619619369507 356
3.891669988632202 356
3.9013779163360596 356
3.910640001296997 356
3.918926954269409 356
3.927668333053589 356
3.935434341430664 356
3.9436697959899902 356
3.953240394592285 356
3.964919090270996 356
3.973639488220215 356
3.9818756580352783 356
3.9913973808288574 356
3.9997682571411133 356
4.0099403858184814 356
4.019011974334717 356
4.027910232543945 356
4.035688638687134 356
4.044030666351318 356
4.053497076034546 356
4.0634520053863525 355
4.071854114532471 355
4.080716848373413 355
4.089556694030762 356
4.0977537631988525 356
4.106227397918701 355
4.115022420883179 355
4.1240949630737305 355
4.132253885269165 356
4.141138553619385 356
4.149420976638794 356
4.159226655960083 356
4.168803453445435 355
4.176079034805298 355
4.184711456298828 356
4.193668842315674 356
4.202022314071655 356
4.211666584014893 355
4.221322774887085 355
4.229784250259399 355
4.238286733627319 355
4.251424074172974 356
4.2619524002075195 355
4.271428346633911 354
4.279980897903442 353
4.289043426513672 354
4.297399520874023 355
4.305378675460815 355
4.31493878364563 356
4.324060440063477 355
4.332158088684082 354
4.34090518951416 355
4.349143981933594 355
4.359225511550903 356
4.368805646896362 356
4.37612509727478 356
4.385113000869751 355
4.393765449523926 355
4.401924133300781 355
4.411430597305298 355
4.421132326126099 356
4.4295454025268555 356
4.437853574752808 355
4.445879220962524 355
4.454943656921387 355
4.465004920959473 355
4.473431348800659 356
4.481847286224365 356
4.491234064102173 356
4.499635934829712 355
4.508208990097046 354
4.51763916015625 354
4.529205083847046 355
4.537566900253296 356
4.545448541641235 357
4.5547730922698975 357
4.56517481803894 356
4.573556900024414 356
4.5818188190460205 355
4.591366767883301 355
4.599969148635864 355
4.608221054077148 356
4.617610216140747 356
4.626881837844849 356
4.635083913803101 356
4.643528938293457 354
4.65626859664917 355
4.667273283004761 356
4.6753013134002686 357
4.683931350708008 357
4.6930084228515625 356
4.7014524936676025 356
4.709950685501099 355
4.720107078552246 354
4.72933030128479 354
4.739060401916504 356
4.747308254241943 356
4.756199598312378 356
4.767333745956421 356
4.775860786437988 355
4.785868883132935 354
4.794633150100708 354
4.803065538406372 354
4.811375379562378 355
4.821484088897705 356
4.830775737762451 356
4.83906364440918 355
4.847391605377197 354
4.8558104038238525 354
4.8662214279174805 354
4.874911308288574 355
4.883610010147095 356
4.892195463180542 356
4.900908708572388 355
4.909321069717407 354
4.919302701950073 354
4.927453517913818 354
4.93576192855835 355
4.944550514221191 355
4.953428506851196 356
4.9619340896606445 355
4.972744941711426 354
4.981387376785278 354
4.990821599960327 354
4.9990763664245605 355
