0 0
0.014509439468383789 0
0.031838178634643555 0
0.0486905574798584 2
0.06891870498657227 7
0.08242321014404297 12
0.09181785583496094 15
0.10015749931335449 20
0.10850119590759277 25
0.11745429039001465 29
0.12633252143859863 35
0.13878512382507324 44
0.14889049530029297 49
0.1583089828491211 56
0.16723847389221191 61
0.17613887786865234 69
0.1857755184173584 74
0.1945936679840088 81
0.20244383811950684 87
0.21119475364685059 93
0.21950054168701172 99
0.2285749912261963 107
0.23821687698364258 113
0.24692201614379883 121
0.25630640983581543 129
0.2656075954437256 135
0.27564454078674316 143
0.28491735458374023 151
0.2939949035644531 158
0.3019402027130127 164
0.3105015754699707 172
0.31880950927734375 179
0.3282761573791504 185
0.3379342555999756 193
0.3465263843536377 201
0.35561323165893555 208
0.36397647857666016 216
0.3741581439971924 224
0.38630056381225586 234
0.39580631256103516 241
0.4041140079498291 249
0.41206789016723633 254
0.42050671577453613 262
0.43007612228393555 269
0.43950939178466797 277
0.4480290412902832 283
0.45699167251586914 292
0.46563148498535156 299
0.47628164291381836 309
0.48591184616088867 315
0.49532341957092285 323
0.502802848815918 330
0.5115597248077393 335
0.5200505256652832 341
0.5287785530090332 345
0.5425002574920654 351
0.5514755249023438 353
0.5604496002197266 355
0.5692698955535889 357
0.5784673690795898 357
0.5884780883789062 358
0.5972809791564941 359
0.6056630611419678 359
0.6135070323944092 359
0.6223580837249756 358
0.6306819915771484 358
0.6401448249816895 359
0.6486036777496338 359
0.6575636863708496 360
0.6659495830535889 360
0.6776754856109619 360
0.6867177486419678 359
0.6965112686157227 359
0.7046318054199219 359
0.7124149799346924 359
0.7215909957885742 359
0.731450080871582 359
0.7404541969299316 360
0.7486565113067627 360
0.7577633857727051 359
0.7660648822784424 359
0.775637149810791 359
0.783618688583374 360
0.7962582111358643 360
0.8044710159301758 359
0.8124129772186279 359
0.8213720321655273 359
0.8296668529510498 359
0.8379671573638916 360
0.8476259708404541 360
0.8566570281982422 360
0.8653364181518555 359
0.877490758895874 359
0.8895866870880127 360
0.9023852348327637 361
0.9146180152893066 361
0.9272713661193848 360
0.9479050636291504 358
0.9583075046539307 358
0.9672427177429199 359
0.9763040542602539 360
0.985743522644043 361
0.9957458972930908 361
1.0035679340362549 359
1.0118834972381592 359
1.0213441848754883 359
1.0297367572784424 359
1.0382115840911865 359
1.0485758781433105 360
1.0577902793884277 360
1.066063404083252 360
1.0752677917480469 360
1.0825843811035156 359
1.0922489166259766 359
1.101759433746338 360
1.1122894287109375 361
1.1216671466827393 361
1.1299405097961426 360
1.1382639408111572 359
1.1480154991149902 359
1.1569273471832275 359
1.1655240058898926 360
1.174619197845459 361
1.182427167892456 361
1.1918962001800537 361
1.2014434337615967 361
1.2098665237426758 361
1.2186341285705566 360
1.2273921966552734 359
1.2357828617095947 359
1.2435529232025146 360
1.2540476322174072 361
1.261878490447998 361
1.2718133926391602 361
1.280064344406128 360
1.288569688796997 359
1.2978322505950928 359
1.307365894317627 360
1.3156821727752686 361
1.3244233131408691 361
1.3323640823364258 361
1.345994472503662 360
1.3558621406555176 360
1.3655683994293213 359
1.374514102935791 360
1.3823139667510986 361
1.3920979499816895 361
1.4015588760375977 361
1.40987229347229 360
1.4187779426574707 360
1.4275784492492676 359
1.4360296726226807 359
1.4441907405853271 360
1.4543461799621582 361
1.4621481895446777 361
1.4715571403503418 361
1.479830265045166 360
1.488738775253296 359
1.4979181289672852 359
1.5076706409454346 360
1.5166103839874268 361
1.52500581741333 361
1.5325531959533691 361
1.5412836074829102 361
1.5502240657806396 360
1.559779405593872 359
1.5682685375213623 360
1.577690839767456 360
1.5868892669677734 361
1.595381259918213 361
1.6026909351348877 360
1.6121068000793457 360
1.6222271919250488 360
1.6306662559509277 360
1.6387810707092285 360
1.6473941802978516 360
1.6575191020965576 360
1.6698553562164307 360
1.6786479949951172 360
1.6878080368041992 360
1.696033239364624 360
1.704228162765503 359
1.7128679752349854 359
1.7220947742462158 360
1.73036789894104 361
1.7387588024139404 361
1.7525465488433838 359
1.7626283168792725 358
1.772160530090332 358
1.7813522815704346 359
1.7897419929504395 359
1.7984559535980225 360
1.8076105117797852 360
1.8175420761108398 359
1.825814962387085 359
1.8339967727661133 359
1.8418128490447998 359
1.850677490234375 359
1.8724756240844727 360
1.89046311378479 361
1.8987019062042236 361
1.9217548370361328 359
1.9328892230987549 358
1.9506769180297852 357
1.9720003604888916 359
1.9898862838745117 363
2.0099310874938965 366
2.030322790145874 363
2.050286293029785 359
2.071838617324829 357
2.0973289012908936 359
2.109880208969116 361
2.120203971862793 364
2.1307098865509033 365
2.1398351192474365 365
2.1525330543518066 364
2.1613478660583496 362
2.1717183589935303 361
2.180952310562134 360
2.189269542694092 360
2.1976630687713623 360
2.206027030944824 360
2.216024160385132 361
2.2242329120635986 361
2.232234239578247 360
2.2406537532806396 359
2.249739170074463 359
2.2580485343933105 359
2.2676029205322266 361
2.2782363891601562 361
2.2869932651519775 360
2.2956278324127197 359
2.3029518127441406 358
2.312145233154297 358
2.3220973014831543 358
2.330395221710205 359
2.3387458324432373 360
2.348130702972412 360
2.356379508972168 360
2.3645236492156982 359
2.374925374984741 359
2.3829004764556885 359
2.391530752182007 359
2.399731159210205 359
2.4081642627716064 360
2.4192585945129395 360
2.427654981613159 360
2.435955286026001 359
2.4444198608398438 359
2.452230215072632 359
2.46048903465271 359
2.470780849456787 359
2.4796993732452393 359
2.487919330596924 359
2.4961609840393066 359
2.5043203830718994 359
2.5125715732574463 359
2.5225396156311035 359
2.5313234329223633 359
2.539544105529785 359
2.552539587020874 359
2.561309576034546 359
2.5698750019073486 359
2.580451726913452 359
2.5887832641601562 359
2.5975372791290283 359
2.605794906616211 359
2.614320993423462 359
2.6242125034332275 359
2.632040500640869 359
2.6417171955108643 359
2.650764226913452 359
2.6588220596313477 359
2.672091245651245 359
2.6873815059661865 359
2.695739984512329 359
2.7035038471221924 359
2.712411403656006 359
2.7207093238830566 359
2.7335033416748047 359
2.742288589477539 359
2.7504916191101074 359
2.7587015628814697 359
2.7675607204437256 359
2.7781434059143066 359
2.7875075340270996 359
2.7961432933807373 359
2.8042898178100586 359
2.8126273155212402 359
2.8212544918060303 359
2.8312978744506836 359
2.8394834995269775 359
2.848296642303467 359
2.8568084239959717 359
2.8652305603027344 359
2.8741393089294434 359
2.8840115070343018 359
2.8918981552124023 359
2.9001824855804443 359
2.9090054035186768 359
2.9176223278045654 359
2.9258182048797607 359
2.9352099895477295 359
2.942946672439575 359
2.960475444793701 359
2.972606897354126 359
2.9867820739746094 359
2.9978199005126953 359
3.0102603435516357 359
3.021380662918091 359
3.035288095474243 359
3.0472652912139893 359
3.057651996612549 359
3.0660057067871094 359
3.075615167617798 359
3.084599733352661 359
3.092353105545044 359
3.1006741523742676 359
3.1100752353668213 359
3.1184303760528564 359
3.1269800662994385 359
3.13682222366333 359
3.145810127258301 359
3.153559446334839 359
3.161708116531372 359
3.170789957046509 359
3.1798439025878906 359
3.189284086227417 359
3.1976568698883057 359
3.206577777862549 359
3.214617967605591 359
3.222343921661377 359
3.2306394577026367 359
3.2404353618621826 359
3.248847484588623 359
3.2574496269226074 359
3.2656805515289307 359
3.2769393920898438 359
3.2861931324005127 359
3.2943451404571533 359
3.306036949157715 359
3.314202070236206 359
3.3226523399353027 359
3.331265449523926 359
3.3422000408172607 359
3.356024980545044 359
3.3663270473480225 359
3.3773062229156494 359
3.386626958847046 359
3.3952431678771973 359
3.402869462966919 359
3.411816358566284 359
3.4200212955474854 359
3.4283974170684814 359
3.4384021759033203 359
3.4476118087768555 359
3.455850839614868 359
3.4640231132507324 359
3.472961664199829 359
3.481584310531616 359
3.4908220767974854 359
3.5069947242736816 359
3.5167860984802246 359
3.5250072479248047 359
3.5325324535369873 359
3.5441112518310547 359
3.5520882606506348 359
3.5603551864624023 359
3.56876277923584 359
3.5784072875976562 359
3.5868616104125977 359
3.596172332763672 359
3.6046156883239746 359
3.612487554550171 359
3.621493339538574 359
3.629591941833496 359
3.638887882232666 359
3.648871898651123 359
3.6578543186187744 359
3.6667771339416504 359
3.676071882247925 359
3.684241533279419 359
3.6927225589752197 359
3.7013766765594482 359
3.7098867893218994 359
3.7181317806243896 359
3.7266905307769775 359
3.7349462509155273 359
3.744952917098999 359
3.7576987743377686 359
3.7661571502685547 359
3.775517463684082 359
3.7827847003936768 359
3.791660785675049 359
3.8007454872131348 359
3.8112406730651855 359
3.819469928741455 359
3.8279590606689453 359
3.836939811706543 359
3.8462414741516113 359
3.8544154167175293 359
3.862217426300049 359
3.8720908164978027 359
3.880342483520508 359
3.888507127761841 359
3.898132085800171 359
3.90775728225708 359
3.9159963130950928 359
3.924203634262085 359
3.931983470916748 359
3.940826177597046 359
3.950216770172119 359
3.958919048309326 359
3.9676434993743896 359
3.9777140617370605 359
3.9874799251556396 359
3.9980885982513428 359
4.007760524749756 359
4.015979766845703 359
4.02411675453186 359
4.032134294509888 359
4.041232347488403 359
4.05034065246582 359
4.0585174560546875 359
4.066988945007324 359
4.07698655128479 359
4.085547208786011 359
4.092802047729492 359
4.10270619392395 359
4.111361026763916 359
4.119568586349487 359
4.127917766571045 359
4.136843919754028 359
4.14557147026062 359
4.158749580383301 359
4.167969226837158 359
4.177325963973999 359
4.185542583465576 359
4.192788600921631 359
4.202545881271362 359
4.211351633071899 359
4.219585418701172 359
4.22790265083313 359
4.23665452003479 359
4.244614839553833 359
4.253612518310547 359
4.2622857093811035 359
4.2727062702178955 359
4.28132963180542 359
4.289672613143921 359
4.2980055809021 359
4.307966947555542 359
4.3172149658203125 359
4.327234506607056 359
4.335779190063477 359
4.343542814254761 359
4.351702928543091 359
4.3608245849609375 359
4.3715996742248535 359
4.379817008972168 359
4.3882386684417725 359
4.396636724472046 359
4.406279802322388 359
4.4144463539123535 359
4.422335863113403 359
4.4305195808410645 359
4.439748048782349 359
4.448122262954712 359
4.457452297210693 359
4.466307640075684 359
4.475634813308716 359
4.482929944992065 359
4.491561412811279 359
4.500320911407471 359
4.509871959686279 359
4.51815390586853 359
4.526488542556763 359
4.535654544830322 359
4.542912244796753 359
4.557310342788696 359
4.566100835800171 359
4.575664043426514 359
4.582930326461792 359
4.59152364730835 359
4.600410461425781 359
4.6097283363342285 359
4.618049144744873 359
4.626519203186035 359
4.635645627975464 359
4.642894268035889 359
4.65147590637207 359
4.660449504852295 359
4.671249151229858 359
4.680018663406372 359
4.688405990600586 359
4.696842670440674 359
4.705902814865112 359
4.715378999710083 359
4.722671747207642 359
4.73160195350647 359
4.739824295043945 359
4.748213529586792 359
4.756591081619263 359
4.766305446624756 359
4.7761781215667725 359
4.784459352493286 359
4.792256116867065 359
4.801379919052124 359
4.810405254364014 359
4.8186235427856445 359
4.828334331512451 359
4.83759069442749 359
4.845808982849121 359
4.853636026382446 359
4.862612247467041 359
4.872327089309692 359
4.8806445598602295 359
4.888761758804321 359
4.897899150848389 359
4.906165838241577 359
4.9156317710876465 359
4.922916650772095 359
4.9322381019592285 359
4.9407734870910645 359
4.94888710975647 359
4.9614081382751465 359
4.9721057415008545 359
4.981363534927368 359
4.989864349365234 359
4.99879789352417 359
