0 0
0.03578829765319824 0
0.0689237117767334 0
0.09631705284118652 5
0.11584711074829102 14
0.1356830596923828 17
0.14455318450927734 18
0.15337872505187988 19
0.16191577911376953 20
0.16964936256408691 21
0.18168950080871582 24
0.19125819206237793 27
0.19923067092895508 28
0.2078251838684082 29
0.21793270111083984 31
0.2262866497039795 33
0.2348623275756836 36
0.24451041221618652 38
0.2537057399749756 39
0.26224517822265625 41
0.2696719169616699 43
0.2789607048034668 44
0.2885921001434326 46
0.2970294952392578 47
0.3053858280181885 48
0.31453752517700195 50
0.32389235496520996 53
0.33260107040405273 55
0.34297823905944824 57
0.352308988571167 59
0.3597686290740967 59
0.36853766441345215 60
0.37692737579345703 62
0.38561034202575684 64
0.3990814685821533 65
0.4074866771697998 66
0.417438268661499 68
0.42574310302734375 70
0.4345536231994629 73
0.4438807964324951 75
0.45315027236938477 76
0.4615602493286133 76
0.46955204010009766 77
0.4788191318511963 79
0.48714256286621094 81
0.4967353343963623 83
0.5050523281097412 84
0.5194032192230225 85
0.528313159942627 86
0.5368711948394775 88
0.5470066070556641 90
0.5553297996520996 91
0.563941478729248 93
0.5726430416107178 95
0.5815167427062988 96
0.5893223285675049 96
0.5994565486907959 97
0.6078128814697266 98
0.6171762943267822 101
0.6256513595581055 103
0.6352458000183105 105
0.6486022472381592 106
0.6594600677490234 106
0.6714179515838623 107
0.6842823028564453 108
0.6968824863433838 112
0.7084498405456543 115
0.7223773002624512 117
0.7331593036651611 117
0.7415366172790527 117
0.7523336410522461 118
0.7597267627716064 119
0.76847243309021 121
0.7774085998535156 123
0.7860326766967773 125
0.7947537899017334 126
0.8043241500854492 126
0.8137071132659912 126
0.8230972290039062 127
0.8313374519348145 129
0.8393042087554932 130
0.8492903709411621 132
0.8578393459320068 133
0.8664753437042236 133
0.8751161098480225 133
0.8844852447509766 134
0.8928918838500977 135
0.9024059772491455 137
0.9112865924835205 138
0.924945592880249 141
0.9338264465332031 143
0.9428746700286865 144
0.9523968696594238 145
0.9597570896148682 145
0.9685299396514893 146
0.9774441719055176 148
0.9859349727630615 149
0.9947977066040039 150
1.0043795108795166 151
1.0130767822265625 152
1.0225715637207031 153
1.029876708984375 154
1.0387294292449951 156
1.0477278232574463 157
1.0573923587799072 157
1.065749168395996 157
1.0749390125274658 159
1.0833353996276855 160
1.0915818214416504 161
1.0994148254394531 163
1.1095943450927734 164
1.1196925640106201 165
1.1284258365631104 165
1.1367592811584473 165
1.145510196685791 167
1.155186414718628 169
1.1638078689575195 171
1.172548532485962 171
1.1814746856689453 171
1.1894185543060303 172
1.1999096870422363 173
1.2105650901794434 175
1.219606876373291 175
1.2283003330230713 176
1.236886978149414 177
1.2456443309783936 177
1.2552053928375244 179
1.2637360095977783 180
1.2722671031951904 181
1.2811007499694824 182
1.2889831066131592 182
1.2975268363952637 183
1.3076939582824707 183
1.3224377632141113 185
1.3315300941467285 187
1.341245412826538 189
1.3493256568908691 190
1.358999490737915 190
1.3674437999725342 189
1.376988410949707 189
1.3852896690368652 191
1.3937602043151855 192
1.402299404144287 193
1.412336826324463 193
1.4214460849761963 193
1.4293949604034424 194
1.4378435611724854 195
1.4471421241760254 197
1.455507755279541 197
1.4651918411254883 198
1.4743683338165283 198
1.4826714992523193 199
1.4906058311462402 199
1.498922348022461 199
1.5092685222625732 201
1.5228400230407715 203
1.5310842990875244 203
1.5397655963897705 204
1.5485053062438965 205
1.5567734241485596 205
1.567007064819336 206
1.5758779048919678 206
1.584653377532959 206
1.594407081604004 207
1.602724552154541 209
1.613032341003418 211
1.6225497722625732 212
1.629889965057373 212
1.6397416591644287 212
1.6485223770141602 212
1.6570699214935303 213
1.6665775775909424 215
1.6754474639892578 217
1.6842889785766602 217
1.692662239074707 218
1.7005701065063477 218
1.7124409675598145 219
1.7253310680389404 220
1.7338876724243164 221
1.743767499923706 222
1.7522833347320557 223
1.7596499919891357 223
1.7694048881530762 222
1.778670072555542 222
1.786987066268921 223
1.7954304218292236 224
1.8046913146972656 225
1.8139128684997559 225
1.8233342170715332 225
1.8316540718078613 225
1.8411388397216797 227
1.8490025997161865 227
1.8574016094207764 228
1.8669021129608154 229
1.875777244567871 229
1.884568691253662 229
1.8931028842926025 229
1.901437759399414 230
1.909989356994629 232
1.9211392402648926 233
1.9289953708648682 234
1.9377779960632324 234
1.9465124607086182 233
1.9551684856414795 233
1.9637477397918701 234
1.9743406772613525 236
1.9827136993408203 237
1.9906330108642578 238
1.998934268951416 239
2.0083258152008057 239
2.018602132797241 239
2.0288071632385254 239
2.0379581451416016 241
2.046518087387085 242
2.0590271949768066 244
2.0697240829467773 244
2.0786044597625732 244
2.0868866443634033 244
2.095165967941284 245
2.103914260864258 246
2.1129965782165527 247
2.1289448738098145 247
2.1387221813201904 245
2.1472599506378174 245
2.156571626663208 245
2.1649720668792725 245
2.1758673191070557 247
2.184664011001587 249
2.193185567855835 251
2.2024617195129395 253
2.2099218368530273 253
2.220508575439453 253
2.2287614345550537 253
2.2378275394439697 253
2.246281385421753 254
2.2550246715545654 256
2.263338804244995 257
2.2733778953552246 258
2.2816123962402344 258
2.289581060409546 257
2.298379898071289 257
2.306989908218384 257
2.3153607845306396 258
2.3257274627685547 260
2.3349409103393555 261
2.343243360519409 262
2.3516457080841064 263
2.359515428543091 263
2.368806838989258 263
2.3783960342407227 263
2.387155294418335 263
2.395737648010254 264
2.4048144817352295 265
2.41331148147583 267
2.4226441383361816 267
2.432311773300171 266
2.4423599243164062 266
2.44968843460083 266
2.458524227142334 267
2.467928171157837 268
2.4774205684661865 269
2.485691547393799 269
2.4945671558380127 269
2.5033960342407227 269
2.511603355407715 269
2.525949239730835 270
2.5355310440063477 272
2.5446436405181885 273
2.5532920360565186 273
2.561566114425659 273
2.5706191062927246 272
2.579613447189331 273
2.5884339809417725 274
2.5967586040496826 275
2.6054444313049316 274
2.61440372467041 273
2.6233110427856445 273
2.6329638957977295 273
2.641627073287964 274
2.6495211124420166 275
2.658308267593384 276
2.6672215461730957 276
2.6765763759613037 275
2.6879806518554688 274
2.6969971656799316 274
2.705518960952759 275
2.7156386375427246 276
2.7275516986846924 277
2.7415449619293213 276
2.753310203552246 275
2.7645294666290283 273
2.777219295501709 274
2.7895925045013428 276
2.7991445064544678 277
2.808413505554199 277
2.8173656463623047 276
2.825866460800171 276
2.835893154144287 276
2.8445427417755127 277
2.853079080581665 278
2.8614296913146973 279
2.8710315227508545 278
2.8790135383605957 277
2.88848614692688 277
2.896770715713501 277
2.905654191970825 277
2.914602518081665 278
2.928217649459839 279
2.9383432865142822 279
2.946734666824341 278
2.9553418159484863 278
2.9637975692749023 279
2.973759412765503 280
2.9823944568634033 281
2.9916257858276367 281
3.000544309616089 280
3.0088918209075928 279
3.0185041427612305 279
3.026768922805786 279
3.036782741546631 281
3.045243978500366 281
3.053699254989624 281
3.0623061656951904 281
3.0712203979492188 282
3.07918119430542 282
3.0886809825897217 282
3.09713077545166 282
3.105966091156006 282
3.114851713180542 283
3.1247925758361816 283
3.133662223815918 283
3.143038749694824 283
3.151221990585327 284
3.1593048572540283 285
3.168701171875 285
3.1769638061523438 285
3.186828374862671 284
3.1967740058898926 284
3.205543279647827 285
3.214571714401245 285
3.223804235458374 286
3.2328357696533203 286
3.24228572845459 285
3.2497060298919678 285
3.258356809616089 285
3.2671515941619873 285
3.2755351066589355 286
3.2843875885009766 287
3.293757677078247 287
3.3028464317321777 287
3.3110125064849854 286
3.319615364074707 286
3.3334078788757324 287
3.3430893421173096 288
3.351499319076538 289
3.359534740447998 289
3.368795394897461 287
3.3772239685058594 287
3.385902166366577 287
3.3955416679382324 287
3.404827833175659 288
3.4131996631622314 289
3.4226982593536377 289
3.43133544921875 289
3.4467246532440186 288
3.4553449153900146 288
3.4646854400634766 289
3.473072052001953 290
3.4814441204071045 291
3.489835500717163 290
3.4997451305389404 289
3.508530616760254 289
3.517489433288574 289
3.5300023555755615 289
3.538653612136841 290
3.5479862689971924 291
3.5565288066864014 291
3.564946174621582 291
3.5745060443878174 289
3.584657669067383 290
3.5944161415100098 291
3.602874279022217 291
3.6110877990722656 291
3.619671106338501 291
3.6290297508239746 291
3.6389474868774414 292
3.6485068798065186 292
3.6568262577056885 292
3.6655526161193848 292
3.6740243434906006 292
3.682568311691284 292
3.69115948677063 292
3.6998980045318604 292
3.7087607383728027 293
3.7183642387390137 293
3.7312934398651123 293
3.7392687797546387 293
3.748953342437744 293
3.758464813232422 293
3.7667644023895264 293
3.7751593589782715 293
3.783540964126587 294
3.792712450027466 294
3.802365303039551 294
3.8098273277282715 293
3.820533037185669 293
3.8287670612335205 293
3.837059736251831 293
3.845442771911621 293
3.8555796146392822 294
3.864436626434326 294
3.872912645339966 294
3.8810994625091553 294
3.889402151107788 294
3.8987905979156494 294
3.9071590900421143 294
3.915742874145508 294
3.9256677627563477 294
3.9344863891601562 294
3.9428038597106934 294
3.9524011611938477 295
3.959773302078247 294
3.9685583114624023 294
3.977139472961426 293
3.9853885173797607 294
3.9948678016662598 295
4.004547357559204 295
4.0128350257873535 295
4.022814989089966 295
4.031026601791382 294
4.038981914520264 294
4.0473010540008545 294
4.057397842407227 294
4.0656280517578125 295
4.07446026802063 295
4.083060026168823 295
4.091432332992554 294
4.099258899688721 294
4.108803033828735 294
4.119457721710205 294
4.13255763053894 294
4.139837026596069 294
4.153178691864014 294
4.1614556312561035 294
4.169301271438599 294
4.177810907363892 294
4.186528205871582 294
4.194993495941162 294
4.204512357711792 294
4.212804794311523 294
4.222652196884155 294
4.229961633682251 294
4.238824129104614 294
4.247722864151001 294
4.257004261016846 294
4.2652366161346436 294
4.27362060546875 294
4.282748222351074 294
4.290554046630859 294
4.298954010009766 294
4.308505296707153 294
4.3185365200042725 294
4.326758861541748 294
4.335129737854004 294
4.343400239944458 294
4.352583885192871 294
4.36163592338562 294
4.369566440582275 294
4.377984523773193 294
4.387524604797363 294
4.395888328552246 294
4.404547214508057 294
4.414642333984375 294
4.423624277114868 294
4.43163537979126 294
4.439435243606567 294
4.448695182800293 294
4.457759141921997 294
4.465928316116333 294
4.474697113037109 294
4.483780145645142 294
4.492442846298218 294
4.499777793884277 294
4.5092504024505615 294
4.519129276275635 294
4.531640529632568 294
4.539768934249878 294
4.549664735794067 294
4.55919885635376 294
4.567538738250732 294
4.575738191604614 294
4.5848400592803955 294
4.593275308609009 294
4.601506233215332 294
4.610572338104248 294
4.619777202606201 294
4.6285364627838135 294
4.6368513107299805 294
4.6451380252838135 294
4.65454363822937 294
4.6644158363342285 294
4.672709226608276 294
4.680564641952515 294
4.688792705535889 294
4.697096586227417 294
4.705368995666504 294
4.714968919754028 294
4.724407196044922 294
4.732702732086182 294
4.74051308631897 294
4.748750448226929 294
4.75716233253479 294
4.766610622406006 294
4.775181531906128 294
4.783638000488281 294
4.7923572063446045 294
4.8038671016693115 294
4.817917823791504 294
4.829827547073364 294
4.842519044876099 294
4.853875398635864 294
4.867332696914673 294
4.877279758453369 294
4.885637998580933 294
4.894444704055786 294
4.90368390083313 294
4.91190242767334 294
4.922569751739502 294
4.934662342071533 294
4.9430458545684814 294
4.951221704483032 294
4.959305286407471 294
4.968804836273193 294
4.9771270751953125 294
4.985438346862793 294
4.993873834609985 294
