0 0
0.013689041137695312 0
0.030709266662597656 0
0.04994678497314453 1
0.06965231895446777 6
0.0799245834350586 9
0.08889412879943848 14
0.09783196449279785 18
0.10834026336669922 24
0.11666679382324219 28
0.1262671947479248 34
0.13631677627563477 40
0.14424586296081543 44
0.15271258354187012 51
0.1688995361328125 61
0.18763947486877441 75
0.20749163627624512 89
0.23069977760314941 107
0.2445521354675293 119
0.25355100631713867 125
0.26363205909729004 133
0.2728126049041748 141
0.2845790386199951 150
0.2939729690551758 156
0.30352163314819336 165
0.31208181381225586 171
0.32050561904907227 179
0.3302462100982666 185
0.3396873474121094 193
0.34806108474731445 200
0.35638904571533203 208
0.36611390113830566 217
0.37434935569763184 223
0.38395118713378906 229
0.3929896354675293 238
0.4022815227508545 246
0.41076159477233887 253
0.4197428226470947 259
0.42812561988830566 266
0.4382600784301758 275
0.446580171585083 282
0.4545414447784424 289
0.4639730453491211 295
0.4729945659637451 302
0.48273134231567383 308
0.4909806251525879 313
0.5009968280792236 319
0.5097348690032959 323
0.5181465148925781 327
0.5263838768005371 330
0.5363447666168213 333
0.5443480014801025 336
0.5528368949890137 338
0.5615465641021729 339
0.5710234642028809 341
0.5796892642974854 342
0.5890200138092041 343
0.5981903076171875 345
0.6072907447814941 347
0.6148159503936768 348
0.6236169338226318 349
0.6318786144256592 350
0.6462998390197754 350
0.6543502807617188 350
0.6689956188201904 352
0.6774792671203613 353
0.6864526271820068 354
0.694303035736084 354
0.7041046619415283 354
0.7124435901641846 355
0.7208540439605713 356
0.7296426296234131 356
0.7396595478057861 356
0.7479467391967773 356
0.7564833164215088 356
0.766484260559082 357
0.7744545936584473 357
0.7833929061889648 358
0.7939691543579102 358
0.8035798072814941 357
0.8119997978210449 357
0.8202767372131348 357
0.828838586807251 357
0.8387064933776855 358
0.8473320007324219 358
0.8547844886779785 359
0.8649153709411621 358
0.8737177848815918 358
0.882080078125 357
0.8915083408355713 358
0.9006757736206055 359
0.9093778133392334 360
0.9177486896514893 360
0.9250593185424805 359
0.9345660209655762 359
0.9440748691558838 359
0.9524021148681641 359
0.9609735012054443 359
0.9708154201507568 358
0.9825253486633301 358
0.9919326305389404 358
1.0005896091461182 359
1.0098497867584229 359
1.0182652473449707 359
1.0265073776245117 359
1.0348989963531494 358
1.048717737197876 357
1.057481288909912 357
1.067552089691162 357
1.0749592781066895 358
1.0837836265563965 359
1.0935609340667725 359
1.10237717628479 358
1.111537218093872 358
1.1200103759765625 357
1.1283814907073975 359
1.1377642154693604 359
1.1473009586334229 359
1.1547718048095703 358
1.1648526191711426 357
1.1735682487487793 357
1.1818320751190186 357
1.1901237964630127 357
1.2001655101776123 358
1.2090694904327393 359
1.2182214260101318 359
1.2264714241027832 358
1.2349283695220947 357
1.2449445724487305 357
1.254002571105957 358
1.2643539905548096 359
1.2727947235107422 359
1.2809312343597412 358
1.2896952629089355 357
1.3006153106689453 357
1.3101806640625 357
1.3209409713745117 358
1.3302764892578125 359
1.3388426303863525 359
1.3483555316925049 358
1.3569295406341553 357
1.3660461902618408 356
1.373971939086914 357
1.3856637477874756 359
1.3996036052703857 359
1.4107062816619873 358
1.423274278640747 357
1.4435970783233643 357
1.45754075050354 359
1.4716308116912842 361
1.480238914489746 362
1.488797903060913 361
1.4993171691894531 361
1.507608413696289 360
1.5149180889129639 360
1.523557186126709 360
1.5322589874267578 359
1.541738510131836 359
1.551966905593872 358
1.561002492904663 358
1.569979190826416 359
1.5799028873443604 359
1.58821702003479 358
1.597705602645874 357
1.607396125793457 357
1.6147632598876953 357
1.6240968704223633 357
1.6333897113800049 358
1.641622543334961 357
1.6509060859680176 357
1.664384126663208 357
1.6777698993682861 358
1.686044454574585 359
1.6945722103118896 359
1.7043042182922363 358
1.7127952575683594 357
1.723031759262085 356
1.7321076393127441 356
1.7405142784118652 357
1.7493886947631836 358
1.7585880756378174 358
1.768418312072754 358
1.7767300605773926 357
1.7878522872924805 355
1.7973299026489258 355
1.8063833713531494 355
1.8141825199127197 356
1.8225672245025635 357
1.8316290378570557 357
1.8438560962677002 355
1.8524129390716553 354
1.8637158870697021 353
1.872265338897705 353
1.8805339336395264 354
1.8894095420837402 354
1.8983485698699951 355
1.9078986644744873 355
1.9161655902862549 354
1.9242784976959229 354
1.9333693981170654 354
1.9417805671691895 355
1.9500482082366943 355
1.9607088565826416 355
1.9700610637664795 355
1.9787380695343018 355
1.9870259761810303 355
1.9949078559875488 355
2.0049166679382324 355
2.0142948627471924 355
2.0225634574890137 355
2.0323026180267334 355
2.0406556129455566 355
2.0493662357330322 355
2.0589888095855713 355
2.068145990371704 355
2.076939582824707 355
2.0845541954040527 355
2.093773603439331 355
2.1021716594696045 355
2.1116178035736084 355
2.120349407196045 355
2.129807710647583 355
2.138094425201416 355
2.1463003158569336 355
2.154102087020874 355
2.1647846698760986 355
2.1734442710876465 355
2.1816184520721436 355
2.190608024597168 355
2.199324131011963 355
2.2079524993896484 355
2.217573404312134 354
2.2263338565826416 354
2.2345612049102783 355
2.2482261657714844 355
2.2577009201049805 356
2.2687020301818848 355
2.277852773666382 355
2.2862584590911865 354
2.2966370582580566 353
2.3045387268066406 353
2.314060926437378 354
2.3225109577178955 355
2.3319308757781982 355
2.3408217430114746 355
2.349621057510376 354
2.3582053184509277 353
2.368359088897705 353
2.3765931129455566 354
2.3845300674438477 354
2.3937599658966064 354
2.4021716117858887 354
2.4104270935058594 353
2.4200987815856934 353
2.429459571838379 353
2.4381589889526367 354
2.446561574935913 354
2.4543471336364746 354
2.4649949073791504 354
2.473799228668213 353
2.482057809829712 353
2.490626335144043 353
2.4995551109313965 354
2.507917642593384 354
2.517582654953003 353
2.5265212059020996 353
2.534334659576416 353
2.543421983718872 353
2.5516417026519775 353
2.5604045391082764 353
2.570523262023926 353
2.5794875621795654 353
2.587738037109375 353
2.596651077270508 353
2.604418992996216 353
2.6127419471740723 353
2.622178077697754 353
2.6307709217071533 353
2.639596462249756 353
2.6523406505584717 353
2.6622045040130615 353
2.6717641353607178 353
2.6800220012664795 353
2.688262701034546 353
2.697571277618408 353
2.7048873901367188 353
2.7135019302368164 353
2.7235515117645264 353
2.731799364089966 353
2.7401316165924072 353
2.7493581771850586 353
2.7581655979156494 353
2.7675318717956543 353
2.7767093181610107 353
2.7846076488494873 353
2.7938437461853027 353
2.8040542602539062 353
2.812706708908081 353
2.822965621948242 353
2.830984592437744 353
2.8396148681640625 353
2.847898483276367 353
2.8563945293426514 353
2.8649630546569824 353
2.8744802474975586 353
2.883028507232666 353
2.8921024799346924 353
2.900367259979248 353
2.90891695022583 353
2.917431354522705 353
2.9273524284362793 353
2.934664249420166 353
2.943542242050171 352
2.9524431228637695 352
2.962451219558716 352
2.9706685543060303 353
2.9803576469421387 353
2.9896345138549805 353
2.998002290725708 352
3.006375551223755 352
3.014172315597534 351
3.0233259201049805 352
3.032438278198242 352
3.0408222675323486 353
3.054687023162842 353
3.0647616386413574 351
3.073610305786133 351
3.0827276706695557 351
3.0916521549224854 351
3.09999418258667 351
3.108769416809082 351
3.117365598678589 351
3.1275813579559326 351
3.1348702907562256 352
3.1436941623687744 352
3.151939630508423 352
3.162152051925659 351
3.170804738998413 351
3.180919647216797 351
3.1903905868530273 351
3.1987857818603516 351
3.206967830657959 352
3.2146596908569336 352
3.2240676879882812 352
3.233456611633301 351
3.2420198917388916 351
3.250308036804199 351
3.259843587875366 351
3.2705864906311035 351
3.280179262161255 351
3.289052963256836 351
3.2977302074432373 351
3.3050167560577393 351
3.3147172927856445 351
3.3238658905029297 351
3.333313465118408 351
3.3419365882873535 351
3.3502116203308105 351
3.360107421875 351
3.3694121837615967 351
3.3776235580444336 351
3.387465476989746 351
3.4020838737487793 351
3.4113333225250244 351
3.420417070388794 351
3.429041862487793 351
3.438384532928467 351
3.452099561691284 351
3.464742660522461 351
3.4776711463928223 351
3.490804672241211 351
3.5021071434020996 351
3.513613700866699 351
3.526071548461914 351
3.539442300796509 351
3.5507137775421143 351
3.559905529022217 351
3.5695316791534424 351
3.57779860496521 351
3.587857961654663 350
3.596153736114502 350
3.6048922538757324 350
3.614683151245117 351
3.6241161823272705 351
3.632411241531372 351
3.643404960632324 351
3.6535918712615967 350
3.662987232208252 350
3.672027111053467 350
3.6802616119384766 350
3.6904730796813965 350
3.6989054679870605 350
3.707411289215088 350
3.715041160583496 350
3.7242088317871094 350
3.7325220108032227 350
3.7418289184570312 349
3.750901222229004 349
3.759575366973877 349
3.7697625160217285 350
3.7783076763153076 350
3.788242816925049 350
3.796480655670166 349
3.8048582077026367 349
3.813544511795044 349
3.8250067234039307 350
3.833888053894043 350
3.8435049057006836 350
3.85673451423645 349
3.866292715072632 349
3.874720811843872 348
3.884018659591675 349
3.893676996231079 349
3.9020943641662598 349
3.910325288772583 349
3.9195194244384766 350
3.927799701690674 349
3.9361572265625 349
3.944794178009033 349
3.954094648361206 350
3.9638514518737793 350
3.972727060317993 350
3.9809091091156006 349
3.9915595054626465 349
3.999938726425171 348
4.008365869522095 348
4.017557859420776 349
4.026249885559082 349
4.034052848815918 349
4.043553829193115 349
4.052331924438477 349
4.0620222091674805 349
4.0704474449157715 348
4.079367160797119 348
4.088205814361572 349
4.097750186920166 349
4.105591297149658 349
4.113834619522095 349
4.122833728790283 348
4.130959749221802 348
4.139812231063843 348
4.150085210800171 349
4.158389568328857 349
4.167857885360718 348
4.1761391162872314 347
4.184526205062866 348
4.194086790084839 349
4.202728748321533 349
4.211027145385742 349
4.220366477966309 348
4.228949308395386 347
4.237560987472534 347
4.249942302703857 348
4.259906768798828 349
4.269999980926514 349
4.278424501419067 349
4.288237571716309 349
4.297770261764526 348
4.30612587928772 347
4.314692735671997 347
4.323505401611328 348
4.3333961963653564 349
4.341944694519043 349
4.351781845092773 349
4.360370397567749 348
4.369905471801758 347
4.378396034240723 346
4.388231039047241 347
4.397690534591675 348
4.406114101409912 349
4.414513111114502 349
4.422876358032227 348
4.4315338134765625 347
4.440197944641113 347
4.450272083282471 347
4.4588234424591064 349
4.468130350112915 349
4.476357460021973 348
4.48484992980957 347
4.4935829639434814 347
4.503018856048584 347
4.511309862136841 348
4.520445823669434 348
4.528955698013306 348
4.5374367237091064 348
4.54475736618042 348
4.554661750793457 348
4.564422607421875 347
4.572792053222656 347
4.581806421279907 347
4.59050440788269 347
4.599361419677734 347
4.60858154296875 347
4.618333101272583 347
4.626547336578369 347
4.634374141693115 347
4.642774820327759 347
4.657689332962036 347
4.6664817333221436 347
4.674413442611694 347
4.6838765144348145 347
4.692748308181763 347
4.700906276702881 347
4.710362195968628 347
4.719568967819214 347
4.7279839515686035 347
4.736171245574951 347
4.7442004680633545 347
4.7542572021484375 347
4.763605833053589 347
4.772312641143799 347
4.781657457351685 347
4.789994239807129 347
4.799343109130859 347
4.80843710899353 347
4.817564964294434 347
4.824883699417114 347
4.833556652069092 347
4.844812870025635 347
4.853564023971558 347
4.864009141921997 347
4.872292757034302 347
4.880978345870972 347
4.889741897583008 346
4.8987390995025635 346
4.907983303070068 346
4.917354583740234 347
4.924817323684692 347
4.933475971221924 346
4.941898584365845 345
4.950907945632935 345
4.960281848907471 346
4.969725608825684 347
4.9788336753845215 347
4.987494945526123 347
4.9948554039001465 347
