0 0
0.015886545181274414 0
0.03537893295288086 1
0.04891037940979004 2
0.06936407089233398 6
0.08573603630065918 12
0.10021281242370605 19
0.10889720916748047 24
0.11752867698669434 28
0.1265861988067627 34
0.1363692283630371 40
0.14491558074951172 46
0.15409326553344727 52
0.16248273849487305 58
0.17042040824890137 63
0.17929363250732422 69
0.18953347206115723 76
0.1992342472076416 83
0.2076399326324463 89
0.2166457176208496 97
0.2261064052581787 103
0.2346489429473877 110
0.24410247802734375 118
0.25243544578552246 124
0.26070570945739746 131
0.2695274353027344 137
0.27797579765319824 143
0.2880890369415283 153
0.2966573238372803 159
0.3057873249053955 166
0.31455373764038086 174
0.32378578186035156 180
0.3320791721343994 188
0.3407859802246094 195
0.34966421127319336 201
0.3614675998687744 213
0.3741781711578369 222
0.38625359535217285 232
0.4002234935760498 244
0.4132571220397949 254
0.42629027366638184 266
0.43813657760620117 275
0.45047450065612793 287
0.46077585220336914 294
0.4695854187011719 300
0.47809934616088867 308
0.486893892288208 315
0.502540111541748 328
0.5107166767120361 334
0.5205979347229004 342
0.5294480323791504 347
0.5378742218017578 352
0.5474324226379395 358
0.5563106536865234 363
0.5648660659790039 366
0.5734813213348389 368
0.5808722972869873 369
0.5902011394500732 370
0.6005079746246338 370
0.6094303131103516 370
0.6184127330780029 368
0.6275417804718018 366
0.6359620094299316 364
0.6454856395721436 362
0.6542370319366455 360
0.6625030040740967 359
0.6703343391418457 358
0.6788952350616455 358
0.6880261898040771 358
0.6976757049560547 358
0.7064845561981201 358
0.7149009704589844 358
0.7237527370452881 358
0.7324826717376709 359
0.7404484748840332 359
0.7499756813049316 359
0.7592928409576416 358
0.7675530910491943 358
0.775904655456543 358
0.7848668098449707 358
0.7934930324554443 358
0.8040993213653564 358
0.8122742176055908 358
0.8205990791320801 358
0.8297491073608398 358
0.8379976749420166 358
0.8472654819488525 358
0.856492280960083 358
0.8652987480163574 358
0.8735823631286621 358
0.8808977603912354 358
0.8898742198944092 358
0.9047176837921143 358
0.9135282039642334 358
0.9224250316619873 358
0.9321863651275635 358
0.9399845600128174 358
0.9498326778411865 358
0.9581425189971924 358
0.966388463973999 358
0.9749596118927002 358
0.9840176105499268 358
0.9921796321868896 358
1.0023794174194336 358
1.0101864337921143 358
1.019474744796753 358
1.027674674987793 358
1.036529541015625 358
1.0452110767364502 358
1.0549616813659668 358
1.063398838043213 358
1.0707290172576904 358
1.0793702602386475 358
1.0879006385803223 358
1.0963780879974365 358
1.10654878616333 358
1.1156532764434814 358
1.124040126800537 358
1.132246494293213 358
1.1400854587554932 358
1.1493520736694336 358
1.1587073802947998 358
1.1668367385864258 358
1.1754896640777588 358
1.1839706897735596 358
1.1921472549438477 358
1.2058320045471191 358
1.214935302734375 358
1.223449945449829 358
1.2307307720184326 358
1.2399177551269531 358
1.2487812042236328 358
1.2599785327911377 358
1.2685978412628174 358
1.2768404483795166 358
1.286120891571045 358
1.2992255687713623 358
1.308441400527954 358
1.3187668323516846 358
1.3269686698913574 358
1.3357245922088623 358
1.3444740772247314 358
1.3534703254699707 357
1.3625502586364746 357
1.3703527450561523 357
1.378692626953125 356
1.3880767822265625 356
1.396610975265503 357
1.4063811302185059 357
1.415602207183838 357
1.423776626586914 357
1.431534767150879 357
1.4397239685058594 357
1.4494743347167969 356
1.458918809890747 356
1.4672572612762451 357
1.4756841659545898 357
1.4853289127349854 357
1.4935967922210693 357
1.502561092376709 357
1.5119426250457764 356
1.5203828811645508 356
1.5287091732025146 356
1.5368270874023438 357
1.5465614795684814 357
1.555546522140503 357
1.5647056102752686 357
1.5733451843261719 356
1.5819518566131592 356
1.5897846221923828 356
1.5992019176483154 356
1.607405424118042 357
1.6174635887145996 357
1.6258351802825928 357
1.6343026161193848 357
1.6424782276153564 357
1.6522297859191895 356
1.660762071609497 356
1.6694762706756592 356
1.6776881217956543 356
1.6864843368530273 357
1.6997463703155518 357
1.708125352859497 357
1.7181015014648438 356
1.7264831066131592 356
1.7349612712860107 356
1.743422508239746 356
1.7521319389343262 356
1.7601778507232666 356
1.7695891857147217 356
1.778655767440796 355
1.7868309020996094 355
1.7955329418182373 356
1.805701732635498 356
1.815464735031128 356
1.8242785930633545 356
1.8342502117156982 356
1.8424537181854248 355
1.8516783714294434 355
1.8598947525024414 355
1.869349718093872 355
1.8780889511108398 356
1.886444091796875 356
1.8948900699615479 356
1.90415358543396 356
1.913477897644043 356
1.9224672317504883 355
1.930316686630249 355
1.938887357711792 355
1.9480087757110596 355
1.956254482269287 356
1.965635061264038 356
1.9739065170288086 356
1.9825632572174072 356
1.990309715270996 355
2.000058174133301 355
2.010575771331787 355
2.020054340362549 355
2.0283358097076416 355
2.036684513092041 355
2.045786142349243 355
2.054260492324829 355
2.0624983310699463 355
2.071972131729126 354
2.080502510070801 354
2.0889065265655518 354
2.1023240089416504 354
2.1108243465423584 355
2.120664119720459 354
2.1294469833374023 354
2.137693405151367 354
2.146332263946533 354
2.154787540435791 354
2.1633689403533936 354
2.1723849773406982 354
2.1808509826660156 354
2.1894633769989014 354
2.198580265045166 354
2.2067172527313232 354
2.215711832046509 354
2.2249557971954346 354
2.23356556892395 354
2.240853786468506 354
2.2499537467956543 354
2.258298873901367 354
2.2669260501861572 354
2.2767908573150635 354
2.2854111194610596 354
2.293787717819214 354
2.3028929233551025 354
2.3116250038146973 354
2.3205819129943848 354
2.3292782306671143 354
2.3387181758880615 354
2.3475444316864014 354
2.3560357093811035 354
2.3649544715881348 354
2.374239921569824 354
2.3833694458007812 354
2.390648603439331 354
2.400128126144409 354
2.409332036972046 354
2.41770601272583 354
2.4267778396606445 354
2.4364287853240967 354
2.4485883712768555 354
2.4596593379974365 354
2.474700927734375 354
2.4862051010131836 354
2.5037193298339844 354
2.5153467655181885 354
2.5246899127960205 354
2.533356189727783 354
2.5421364307403564 354
2.5499093532562256 354
2.5582938194274902 354
2.566499948501587 354
2.5772650241851807 354
2.5856740474700928 354
2.594038724899292 354
2.6034798622131348 354
2.612253189086914 354
2.6200265884399414 354
2.629528522491455 354
2.637751340866089 354
2.646632432937622 354
2.6555240154266357 354
2.663790225982666 354
2.6725523471832275 353
2.682455062866211 353
2.690423011779785 353
2.6998450756073 353
2.7092416286468506 353
2.7176849842071533 353
2.72601056098938 353
2.7354753017425537 353
2.7441930770874023 353
2.7523903846740723 353
2.760193347930908 353
2.768454074859619 353
2.7788631916046143 353
2.786965847015381 353
2.795593500137329 353
2.8061716556549072 353
2.8147387504577637 353
2.8232216835021973 352
2.832273244857788 352
2.840656042098999 352
2.852102756500244 353
2.859929084777832 353
2.8682308197021484 353
2.8768017292022705 353
2.886195659637451 352
2.895242691040039 352
2.9086174964904785 352
2.916853427886963 352
2.9255685806274414 352
2.9348297119140625 352
2.9440882205963135 352
2.9522416591644287 352
2.9601852893829346 352
2.9684741497039795 352
2.9768972396850586 352
2.9863340854644775 352
2.9948439598083496 352
3.0040946006774902 352
3.013349771499634 352
3.020653009414673 352
3.029323101043701 352
3.03922700881958 351
3.047443151473999 351
3.0559184551239014 352
3.0641841888427734 352
3.0736238956451416 352
3.082242727279663 352
3.090782880783081 352
3.100245475769043 352
3.109524965286255 352
3.117741346359253 352
3.1260383129119873 352
3.135694742202759 352
3.1444644927978516 352
3.152534008026123 351
3.1603691577911377 351
3.1687798500061035 351
3.177962303161621 351
3.1878135204315186 352
3.2044925689697266 352
3.2154040336608887 352
3.2237677574157715 352
3.2319676876068115 351
3.242241382598877 351
3.2500646114349365 351
3.2598395347595215 351
3.268115758895874 351
3.277261734008789 351
3.2869675159454346 351
3.295649290084839 350
3.3093760013580322 351
3.3202037811279297 351
3.328700304031372 351
3.338928699493408 351
3.3538389205932617 350
3.362095355987549 350
3.370290994644165 350
3.3787004947662354 350
3.388291597366333 351
3.3968160152435303 351
3.4065349102020264 351
3.4152798652648926 350
3.4235880374908447 350
3.4309277534484863 350
3.4415271282196045 350
3.4496874809265137 350
3.4579617977142334 350
3.466357469558716 351
3.4755337238311768 351
3.4837896823883057 350
3.4933197498321533 350
3.5029280185699463 350
3.510486125946045 350
3.5189290046691895 351
3.5274317264556885 351
3.5362281799316406 351
3.5457959175109863 350
3.554271697998047 350
3.562546491622925 350
3.570915699005127 350
3.5796122550964355 350
3.587831735610962 350
3.598724603652954 349
3.6076385974884033 349
3.616068124771118 349
3.624297857284546 350
3.6325864791870117 350
3.6424739360809326 350
3.650331974029541 349
3.6587343215942383 349
3.666942596435547 349
3.676239252090454 349
3.684689998626709 350
3.694638729095459 350
3.7080860137939453 349
3.7164909839630127 349
3.7254323959350586 349
3.734675884246826 349
3.7429518699645996 350
3.7521817684173584 350
3.7600250244140625 350
3.7692277431488037 349
3.7774665355682373 349
3.785804271697998 349
3.795454263687134 350
3.806736707687378 350
3.8154029846191406 350
3.824232578277588 349
3.833805799484253 349
3.842060089111328 349
3.850606918334961 349
3.8595166206359863 349
3.868417263031006 349
3.876647472381592 349
3.8856313228607178 349
3.893911838531494 350
3.9053921699523926 350
3.9137818813323975 349
3.9220147132873535 349
3.9298360347747803 349
3.9386324882507324 349
3.947998285293579 349
3.956263542175293 349
3.964684247970581 349
3.9740490913391113 349
3.982267141342163 349
3.9902329444885254 349
4.0007240772247314 349
4.009893894195557 349
4.0181756019592285 348
4.026506423950195 348
4.035886526107788 348
4.044131517410278 348
4.053665399551392 348
4.060950040817261 348
4.070065021514893 348
4.078307628631592 348
4.086542844772339 348
4.095371246337891 348
4.110061883926392 348
4.118717670440674 348
4.126943826675415 348
4.136047601699829 348
4.1443517208099365 348
4.15400767326355 348
4.162242650985718 348
4.170491456985474 348
4.178894281387329 348
4.187216758728027 348
4.200320243835449 348
4.210334300994873 348
4.219160795211792 348
4.227259635925293 348
4.236143589019775 348
4.244712829589844 348
4.25399112701416 348
4.2621846199035645 348
4.270598411560059 348
4.279475688934326 348
4.287707805633545 348
4.296035289764404 348
4.306174278259277 348
4.314677000045776 348
4.322930335998535 348
4.331964492797852 348
4.342627286911011 348
4.350409030914307 348
4.359915018081665 348
4.369231224060059 348
4.377640962600708 348
4.385901212692261 348
4.394301891326904 348
4.404130697250366 348
4.4140472412109375 348
4.422220706939697 348
4.430633783340454 348
4.4393181800842285 348
4.447531461715698 348
4.456889390945435 348
4.4658472537994385 348
4.474143743515015 348
4.482386589050293 348
4.4901769161224365 348
4.500215768814087 347
4.515893459320068 346
4.5276710987091064 346
4.5398406982421875 347
4.552419185638428 347
4.565589189529419 347
4.576850652694702 347
4.5884082317352295 346
4.602384090423584 346
4.614881753921509 346
4.625884056091309 347
4.634903192520142 347
4.64339280128479 347
4.65071964263916 347
4.660166025161743 347
4.669306993484497 346
4.67751669883728 346
4.685879230499268 346
4.6944873332977295 347
4.704457521438599 347
4.713942289352417 347
4.722840070724487 347
4.731524467468262 346
4.739768028259277 346
4.748008489608765 346
4.756470203399658 347
4.76638388633728 347
4.774901628494263 347
4.783338785171509 347
4.790682554244995 346
4.801526069641113 346
4.8097617626190186 347
4.8194050788879395 347
4.828247547149658 347
4.836477041244507 346
4.845873117446899 346
4.854712247848511 346
4.86470890045166 346
4.8733439445495605 346
4.880655765533447 346
4.889371871948242 346
4.8995678424835205 346
4.912059307098389 346
4.920944929122925 346
4.930621385574341 345
4.939581871032715 345
4.947835922241211 346
4.957529067993164 346
4.9677112102508545 346
4.976024866104126 346
4.9842751026153564 345
4.99256443977356 345
