0 0
0.011902809143066406 0
0.028870344161987305 0
0.043238162994384766 1
0.06486392021179199 6
0.0847930908203125 14
0.10078978538513184 24
0.12262272834777832 33
0.1384892463684082 42
0.14819860458374023 49
0.15779495239257812 55
0.16616153717041016 61
0.1752004623413086 68
0.18317461013793945 73
0.19290852546691895 81
0.20171856880187988 87
0.21015572547912598 93
0.21914339065551758 100
0.22791743278503418 107
0.23628759384155273 113
0.2466282844543457 122
0.2565908432006836 130
0.26490235328674316 136
0.2728416919708252 143
0.28282666206359863 151
0.2924823760986328 157
0.3010098934173584 165
0.30975890159606934 171
0.32037782669067383 181
0.32876038551330566 188
0.33762526512145996 194
0.34761643409729004 202
0.3569808006286621 211
0.3657877445220947 217
0.3731849193572998 223
0.3830757141113281 232
0.3926117420196533 240
0.4011716842651367 247
0.40994930267333984 253
0.4188535213470459 260
0.42779088020324707 266
0.43609118461608887 271
0.4462275505065918 278
0.45563578605651855 283
0.46297383308410645 287
0.47169017791748047 292
0.48158884048461914 297
0.49024319648742676 300
0.4996030330657959 304
0.5130820274353027 310
0.5218844413757324 313
0.5304279327392578 316
0.5405759811401367 319
0.5516512393951416 322
0.5601308345794678 325
0.5685806274414062 327
0.5784492492675781 329
0.5869386196136475 332
0.597097635269165 334
0.6062829494476318 335
0.6156725883483887 336
0.6230869293212891 337
0.6317689418792725 339
0.6401517391204834 341
0.6505584716796875 343
0.6588113307952881 344
0.6677992343902588 345
0.6762199401855469 344
0.685798168182373 344
0.6931679248809814 344
0.7027456760406494 345
0.7121353149414062 347
0.7204837799072266 349
0.7290651798248291 350
0.7377924919128418 351
0.7466139793395996 351
0.7569859027862549 351
0.7652881145477295 352
0.7730250358581543 353
0.7824149131774902 354
0.7910611629486084 355
0.800654411315918 355
0.808941125869751 355
0.8180153369903564 355
0.827052116394043 356
0.837031364440918 357
0.8464429378509521 357
0.8564624786376953 357
0.8647000789642334 357
0.872504472732544 357
0.8816878795623779 357
0.8904924392700195 358
0.8988678455352783 359
0.9145152568817139 359
0.9225189685821533 358
0.9315493106842041 357
0.9399662017822266 357
0.9490547180175781 357
0.9590210914611816 357
0.9678521156311035 357
0.9767813682556152 358
0.984933614730835 359
0.9937958717346191 359
1.0028338432312012 359
1.0143730640411377 358
1.0221896171569824 358
1.0307917594909668 359
1.0390219688415527 359
1.0480446815490723 359
1.0584752559661865 359
1.0667777061462402 359
1.0758097171783447 359
1.083094596862793 359
1.0918524265289307 359
1.1006221771240234 359
1.1105966567993164 359
1.1188199520111084 359
1.1272544860839844 359
1.1357433795928955 359
1.1444053649902344 359
1.1530005931854248 359
1.1624627113342285 359
1.170708179473877 359
1.180405855178833 359
1.1901862621307373 359
1.19846773147583 359
1.2084825038909912 359
1.216893196105957 359
1.2249155044555664 359
1.232602834701538 359
1.241807460784912 359
1.2526044845581055 359
1.2620463371276855 359
1.270416498184204 359
1.2788670063018799 359
1.2875053882598877 359
1.295715093612671 359
1.3042826652526855 359
1.3182742595672607 359
1.326885461807251 359
1.3349270820617676 359
1.345289707183838 359
1.3543269634246826 359
1.3629627227783203 359
1.3715460300445557 359
1.38041090965271 359
1.3888521194458008 359
1.3975152969360352 359
1.4070007801055908 359
1.4163672924041748 359
1.4245338439941406 359
1.4323570728302002 359
1.4412190914154053 359
1.452662706375122 359
1.465867519378662 359
1.4778261184692383 359
1.4889037609100342 359
1.5000245571136475 359
1.5146722793579102 359
1.5259678363800049 359
1.537182331085205 359
1.5470106601715088 359
1.556081771850586 359
1.5656766891479492 359
1.5744550228118896 359
1.5824053287506104 359
1.5906507968902588 359
1.5988900661468506 359
1.6083624362945557 359
1.6178338527679443 359
1.626237154006958 359
1.634406328201294 359
1.6428351402282715 359
1.6556775569915771 359
1.6665527820587158 359
1.6768019199371338 359
1.6848814487457275 359
1.6928119659423828 359
1.701209545135498 359
1.7183821201324463 359
1.7269117832183838 359
1.7354927062988281 359
1.7437644004821777 359
1.7526671886444092 359
1.7610211372375488 359
1.7724344730377197 359
1.7806813716888428 359
1.7888925075531006 359
1.797579288482666 359
1.8062841892242432 359
1.8144152164459229 359
1.8230533599853516 359
1.8317298889160156 359
1.8406000137329102 359
1.8489880561828613 359
1.8582255840301514 359
1.8667960166931152 359
1.8767893314361572 359
1.8848702907562256 359
1.8926117420196533 359
1.9009487628936768 359
1.9098730087280273 359
1.9198663234710693 359
1.9283607006072998 359
1.9376509189605713 359
1.9459152221679688 359
1.954901933670044 359
1.9626708030700684 359
1.972707748413086 359
1.9810101985931396 359
1.9892754554748535 359
1.9979016780853271 359
2.0084166526794434 359
2.0175633430480957 359
2.026663064956665 359
2.03486967086792 359
2.043205738067627 359
2.052687168121338 359
2.0609941482543945 359
2.0700457096099854 359
2.0790417194366455 359
2.087650775909424 359
2.0960240364074707 359
2.1048636436462402 359
2.118069648742676 359
2.1277153491973877 359
2.1368799209594727 359
2.144926071166992 359
2.154308319091797 359
2.1620934009552 359
2.1715502738952637 359
2.1806061267852783 359
2.1887950897216797 359
2.1972599029541016 359
2.206305742263794 359
2.214466094970703 359
2.224266290664673 359
2.23221492767334 359
2.2410638332366943 359
2.2507243156433105 359
2.25898814201355 359
2.2676305770874023 359
2.2788126468658447 359
2.2884626388549805 359
2.2969164848327637 359
2.3057608604431152 359
2.313037872314453 359
2.3221278190612793 359
2.3315603733062744 359
2.340216875076294 359
2.3486154079437256 359
2.358157157897949 359
2.366415500640869 359
2.376335382461548 359
2.384570360183716 359
2.3923420906066895 359
2.401573896408081 359
2.409989595413208 359
2.418264627456665 359
2.4277400970458984 359
2.4362471103668213 359
2.4443955421447754 359
2.452834367752075 358
2.461641550064087 358
2.4706335067749023 359
2.480210065841675 359
2.488567352294922 360
2.4971671104431152 359
2.506347894668579 359
2.519146680831909 358
2.5292532444000244 358
2.538620948791504 359
2.5471861362457275 360
2.5565245151519775 360
2.564737319946289 360
2.5732452869415283 359
2.582808017730713 359
2.591625213623047 359
2.600282669067383 359
2.608574628829956 359
2.617124319076538 358
2.6257426738739014 358
2.636411428451538 359
2.644731044769287 359
2.6538121700286865 359
2.662013053894043 359
2.6709346771240234 358
2.679166078567505 358
2.6885998249053955 358
2.6970441341400146 358
2.7062337398529053 358
2.7145776748657227 359
2.722383737564087 359
2.7326204776763916 358
2.7412211894989014 358
2.7505950927734375 358
2.758812665939331 358
2.767930746078491 358
2.7761929035186768 358
2.785813093185425 358
2.7948203086853027 358
2.8032877445220947 358
2.8119218349456787 358
2.8201608657836914 358
2.828564167022705 358
2.838905096054077 358
2.8475873470306396 358
2.856414318084717 358
2.865583658218384 358
2.8728864192962646 358
2.881730318069458 358
2.891026496887207 358
2.9001455307006836 358
2.908421516418457 358
2.921602964401245 358
2.9299604892730713 358
2.9404191970825195 358
2.948983907699585 358
2.9582204818725586 358
2.9669768810272217 358
2.9752187728881836 358
2.98280930519104 358
2.992276906967163 358
3.001182794570923 358
3.0098071098327637 357
3.018321990966797 357
3.0265979766845703 357
3.0366287231445312 358
3.0459086894989014 358
3.054924726486206 358
3.0628228187561035 357
3.071851968765259 357
3.080052137374878 357
3.089139938354492 357
3.0982608795166016 357
3.106539487838745 358
3.114888906478882 358
3.122671127319336 357
3.13206148147583 357
3.142470121383667 356
3.151796817779541 357
3.159965753555298 357
3.1688246726989746 357
3.1772563457489014 357
3.185807228088379 357
3.194852828979492 357
3.2032010555267334 357
3.2118005752563477 357
3.220003366470337 357
3.22831654548645 357
3.237215757369995 357
3.2468650341033936 357
3.2570581436157227 357
3.266315460205078 357
3.274474620819092 357
3.2822988033294678 357
3.291682243347168 357
3.30222749710083 357
3.315753936767578 357
3.3231050968170166 357
3.332613468170166 357
3.3421919345855713 357
3.3577494621276855 357
3.3669958114624023 357
3.3752100467681885 357
3.3827707767486572 357
3.391228199005127 357
3.401179075241089 357
3.4092893600463867 357
3.417922258377075 357
3.4262871742248535 357
3.4355673789978027 357
3.4445955753326416 357
3.4545602798461914 357
3.4627718925476074 357
3.4711790084838867 357
3.4792556762695312 357
3.4881036281585693 357
3.498056173324585 357
3.5063729286193848 357
3.5145928859710693 357
3.522383689880371 357
3.534802198410034 357
3.5476794242858887 357
3.560330867767334 357
3.5721428394317627 357
3.58388614654541 357
3.597804546356201 357
3.6084067821502686 357
3.61677885055542 357
3.6248888969421387 357
3.6330950260162354 357
3.64176607131958 357
3.661638021469116 357
3.670185089111328 357
3.678582191467285 357
3.6870627403259277 357
3.6959147453308105 357
3.7055845260620117 357
3.718686580657959 357
3.72821044921875 357
3.7366318702697754 357
3.744858741760254 357
3.7555692195892334 357
3.7638680934906006 357
3.7751853466033936 357
3.782783269882202 357
3.791653633117676 357
3.8017919063568115 357
3.810037851333618 357
3.818369150161743 357
3.827648878097534 357
3.8359200954437256 357
3.843226671218872 357
3.8544020652770996 357
3.863236665725708 357
3.871864080429077 357
3.880150556564331 357
3.8884189128875732 357
3.8977668285369873 357
3.907121419906616 357
3.9157567024230957 357
3.923051357269287 357
3.9321882724761963 357
3.940459966659546 357
3.9486963748931885 357
3.959796667098999 357
3.9687442779541016 357
3.977184534072876 357
3.985684633255005 357
3.9944326877593994 357
4.002998352050781 357
4.011672735214233 357
4.0198822021484375 357
4.028737545013428 357
4.0372350215911865 357
4.045807838439941 357
4.0560643672943115 357
4.064921855926514 357
4.072725296020508 357
4.081060409545898 357
4.089269638061523 357
4.098363637924194 357
4.1078948974609375 357
4.119823694229126 357
4.128749847412109 357
4.137836217880249 357
4.146329402923584 357
4.1566009521484375 357
4.166315793991089 357
4.17452335357666 357
4.182514190673828 357
4.1918044090271 357
4.200038909912109 357
4.209608554840088 357
4.2180280685424805 357
4.226593255996704 357
4.234783887863159 357
4.242652654647827 357
4.252577066421509 357
4.262272834777832 357
4.271584749221802 357
4.281028747558594 356
4.289280652999878 356
4.298601150512695 356
4.307150840759277 357
4.316624164581299 357
4.325929880142212 357
4.333276748657227 356
4.342130184173584 356
4.351746082305908 356
4.362006187438965 357
4.370922327041626 358
4.379202604293823 358
4.38804030418396 357
4.396923303604126 356
4.405522108078003 355
4.414699077606201 356
4.423245906829834 357
4.43196177482605 358
4.440495729446411 357
4.449151039123535 357
4.4590020179748535 357
4.4684648513793945 356
4.477033376693726 356
4.4855475425720215 356
4.494391918182373 357
4.502357482910156 357
4.512028694152832 356
4.5260186195373535 355
4.53382420539856 355
4.5421693325042725 355
4.55173659324646 355
4.560346603393555 356
4.5700860023498535 356
4.580027341842651 356
4.588963985443115 356
4.5976316928863525 355
4.606133460998535 355
4.61563777923584 355
4.623834609985352 356
4.632347822189331 356
4.64065408706665 356
4.654333114624023 356
4.662710666656494 355
4.672327041625977 355
4.681486129760742 356
4.690700054168701 357
4.699164152145386 357
4.707847833633423 356
4.717207908630371 355
4.726456880569458 355
4.734689712524414 355
4.74250054359436 355
4.752116680145264 356
4.760929107666016 356
4.7704527378082275 356
4.7792112827301025 356
4.7892608642578125 355
4.799043416976929 355
4.807823419570923 355
4.816068410873413 355
4.826297998428345 355
4.8344197273254395 355
4.842219114303589 355
4.8516106605529785 355
4.860082626342773 355
4.8692755699157715 355
4.877936601638794 355
4.887576341629028 355
4.895928382873535 355
4.9032697677612305 355
4.912018537521362 355
4.9264020919799805 355
4.934697866439819 355
4.942621469497681 355
4.952066659927368 355
4.961084604263306 355
4.970459699630737 355
4.978737115859985 355
4.98868203163147 355
4.997073173522949 355
