0 0
0.0146331787109375 0
0.034389495849609375 0
0.04866790771484375 1
0.07067060470581055 6
0.08731985092163086 14
0.10329890251159668 18
0.11442971229553223 20
0.12347412109375 21
0.13198447227478027 22
0.140794038772583 24
0.14905548095703125 27
0.15883421897888184 29
0.167067289352417 32
0.17785334587097168 34
0.18741464614868164 36
0.19593381881713867 38
0.2055377960205078 41
0.21429777145385742 43
0.22336483001708984 44
0.23225188255310059 46
0.24092745780944824 48
0.25423574447631836 52
0.262561559677124 54
0.2711317539215088 56
0.27949023246765137 58
0.28884148597717285 59
0.29830455780029297 61
0.3085012435913086 62
0.31749701499938965 65
0.3256251811981201 67
0.3343181610107422 69
0.34271860122680664 71
0.3517293930053711 73
0.3613882064819336 74
0.3703296184539795 75
0.37874436378479004 77
0.38751816749572754 80
0.4014706611633301 82
0.41118860244750977 84
0.4205174446105957 86
0.4289414882659912 87
0.4375729560852051 89
0.4453902244567871 90
0.4555950164794922 92
0.46441149711608887 93
0.4726994037628174 95
0.48108649253845215 97
0.4905412197113037 100
0.49968767166137695 102
0.509096622467041 103
0.5182170867919922 104
0.5256354808807373 105
0.5345110893249512 107
0.5427744388580322 109
0.5517935752868652 110
0.561345100402832 112
0.570000410079956 113
0.5790095329284668 115
0.5883409976959229 117
0.597247838973999 118
0.6052119731903076 118
0.6149365901947021 120
0.6236884593963623 123
0.6318740844726562 125
0.6406757831573486 127
0.6489713191986084 129
0.6582763195037842 130
0.6673099994659424 132
0.6753036975860596 133
0.685075044631958 134
0.6949207782745361 136
0.7032885551452637 136
0.712998628616333 138
0.7218389511108398 140
0.7307376861572266 142
0.7390527725219727 144
0.7473115921020508 145
0.7557268142700195 146
0.7652401924133301 146
0.7736356258392334 148
0.7818074226379395 150
0.7912571430206299 154
0.8051774501800537 155
0.8149757385253906 156
0.8246028423309326 156
0.8329794406890869 155
0.8413338661193848 156
0.850712776184082 157
0.859039306640625 158
0.8686935901641846 160
0.8765401840209961 161
0.885678768157959 162
0.8951032161712646 164
0.9056594371795654 164
0.9159069061279297 166
0.9247817993164062 168
0.9332411289215088 170
0.9416005611419678 171
0.9507739543914795 172
0.9591703414916992 172
0.9689300060272217 172
0.9772145748138428 174
0.9858212471008301 176
0.9957637786865234 177
1.0044984817504883 177
1.0129039287567139 178
1.0227875709533691 179
1.031212568283081 180
1.039672613143921 182
1.0490167140960693 184
1.057389736175537 184
1.0666077136993408 184
1.0749144554138184 185
1.084214448928833 186
1.0933077335357666 188
1.1017060279846191 189
1.110483169555664 190
1.1205172538757324 190
1.1297199726104736 191
1.1388254165649414 192
1.1473021507263184 193
1.155313491821289 194
1.1636719703674316 195
1.1732618808746338 196
1.1824939250946045 197
1.1934375762939453 198
1.206672191619873 199
1.2157349586486816 200
1.2253999710083008 201
1.234374761581421 202
1.2425966262817383 203
1.252579927444458 204
1.2617220878601074 204
1.2714924812316895 204
1.2808213233947754 206
1.2893052101135254 207
1.299163579940796 208
1.3074877262115479 209
1.315904140472412 210
1.3254084587097168 210
1.3343422412872314 211
1.3426928520202637 212
1.3515703678131104 213
1.3602747917175293 213
1.3686447143554688 214
1.3793573379516602 215
1.387598991394043 216
1.3993046283721924 216
1.4083774089813232 217
1.4174768924713135 218
1.4269883632659912 219
1.434917688369751 220
1.443373441696167 220
1.4548511505126953 220
1.466651201248169 221
1.482309341430664 224
1.4956789016723633 226
1.5092177391052246 228
1.522508144378662 227
1.5350942611694336 226
1.5476608276367188 227
1.5554983615875244 228
1.5649232864379883 229
1.5735118389129639 230
1.5835223197937012 230
1.5920085906982422 230
1.6059832572937012 232
1.6154780387878418 234
1.6265490055084229 236
1.6359481811523438 237
1.6449871063232422 237
1.6549677848815918 236
1.664442539215088 236
1.672713041305542 237
1.6826813220977783 238
1.6913232803344727 240
1.7028768062591553 241
1.712705373764038 241
1.721031665802002 240
1.7313411235809326 240
1.7397534847259521 241
1.748929738998413 242
1.7571463584899902 243
1.7659173011779785 244
1.7746095657348633 244
1.7845518589019775 243
1.7936794757843018 242
1.8018345832824707 243
1.8116035461425781 244
1.8203117847442627 245
1.8296897411346436 245
1.8382413387298584 245
1.847055196762085 245
1.8548221588134766 246
1.863187313079834 247
1.8717267513275146 248
1.8815839290618896 248
1.8903567790985107 248
1.8995161056518555 248
1.9085988998413086 248
1.9174280166625977 250
1.9254999160766602 251
1.9351160526275635 252
1.9439196586608887 253
1.952329397201538 252
1.9610621929168701 252
1.9695937633514404 251
1.978731632232666 251
1.9883651733398438 252
1.9973070621490479 254
2.0134739875793457 254
2.0218374729156494 254
2.0306155681610107 254
2.039870262145996 254
2.0490493774414062 255
2.0573313236236572 256
2.065218448638916 257
2.0736351013183594 258
2.083528995513916 257
2.092599391937256 256
2.1016182899475098 256
2.111250400543213 258
2.1197338104248047 258
2.1280128955841064 258
2.1372432708740234 258
2.145733594894409 259
2.1544501781463623 260
2.162855625152588 261
2.171325922012329 261
2.18053936958313 260
2.18989896774292 259
2.199073314666748 259
2.208310842514038 260
2.2187230587005615 261
2.226557731628418 261
2.2357099056243896 262
2.246976852416992 262
2.2548303604125977 262
2.263092517852783 262
2.2727584838867188 262
2.2820019721984863 264
2.292583465576172 265
2.30145001411438 266
2.3107190132141113 266
2.3196232318878174 265
2.328380584716797 264
2.33918833732605 265
2.3488364219665527 266
2.3583784103393555 267
2.3657145500183105 267
2.376974582672119 266
2.3854169845581055 266
2.3954129219055176 266
2.409371852874756 266
2.418612480163574 267
2.4259941577911377 268
2.434919834136963 268
2.445296049118042 268
2.4536311626434326 268
2.461705207824707 267
2.4709181785583496 268
2.480307102203369 268
2.4892776012420654 269
2.500389575958252 270
2.509214162826538 271
2.517488479614258 271
2.525635242462158 270
2.534503936767578 270
2.5446536540985107 271
2.5529844760894775 272
2.5613765716552734 272
2.5698554515838623 272
2.578742027282715 271
2.587024688720703 271
2.5971012115478516 272
2.605008125305176 273
2.6145243644714355 274
2.6232924461364746 273
2.6317660808563232 272
2.6411325931549072 271
2.650923013687134 271
2.6592657566070557 272
2.667602777481079 273
2.6765127182006836 274
2.6848461627960205 274
2.6957359313964844 272
2.7044906616210938 272
2.713667154312134 272
2.721790075302124 272
2.731088876724243 273
2.7399001121520996 274
2.749253749847412 273
2.757606029510498 272
2.76550030708313 272
2.7749745845794678 272
2.7847633361816406 274
2.794329881668091 274
2.809307336807251 273
2.8176159858703613 272
2.8256425857543945 272
2.834531784057617 272
2.8433780670166016 272
2.8528940677642822 273
2.8613173961639404 274
2.8705408573150635 274
2.8791885375976562 273
2.8876001834869385 273
2.898359537124634 272
2.9078969955444336 274
2.9156622886657715 274
2.9244136810302734 274
2.9327645301818848 273
2.941357135772705 272
2.9510881900787354 273
2.9596059322357178 274
2.9680092334747314 274
2.9764771461486816 274
2.984731674194336 274
2.993934392929077 274
3.0043623447418213 274
3.0127639770507812 274
3.0211143493652344 274
3.0293614864349365 274
3.03877592086792 274
3.0465281009674072 275
3.055690050125122 275
3.064356565475464 275
3.0733072757720947 274
3.081726312637329 274
3.0904345512390137 274
3.104722023010254 274
3.113011598587036 275
3.121277332305908 275
3.130272388458252 274
3.139937400817871 274
3.1489617824554443 274
3.1598763465881348 274
3.1693482398986816 275
3.1776773929595947 275
3.18548321723938 274
3.1951558589935303 274
3.2103426456451416 274
3.2191219329833984 275
3.2274880409240723 275
3.2372958660125732 275
3.245093822479248 275
3.2547173500061035 274
3.263381004333496 274
3.2724647521972656 274
3.2807161808013916 275
3.2891294956207275 275
3.298516273498535 275
3.3087644577026367 274
3.317101240158081 274
3.324951410293579 274
3.333226203918457 274
3.343024730682373 274
3.351424217224121 275
3.360940456390381 274
3.370529890060425 274
3.3788106441497803 274
3.386975049972534 274
3.3956642150878906 274
3.412339210510254 274
3.420759916305542 274
3.42919921875 274
3.4383368492126465 274
3.4469947814941406 274
3.454927682876587 274
3.464376211166382 274
3.47322154045105 274
3.4814751148223877 274
3.49041748046875 274
3.499377965927124 273
3.5096611976623535 273
3.5183839797973633 273
3.525813579559326 274
3.538933515548706 273
3.551013946533203 272
3.5633060932159424 272
3.575662851333618 274
3.587905168533325 275
3.601252794265747 274
3.6199769973754883 271
3.629628896713257 269
3.63889479637146 268
3.647566556930542 268
3.655707597732544 270
3.6653857231140137 270
3.6745762825012207 270
3.6828954219818115 270
3.6912007331848145 269
3.701960325241089 269
3.7106332778930664 269
3.721167802810669 269
3.7307868003845215 270
3.739910840988159 269
3.748507261276245 269
3.75584077835083 269
3.766479730606079 269
3.77477765083313 269
3.7831737995147705 269
3.7917542457580566 269
3.801691770553589 269
3.810364246368408 269
3.819530487060547 269
3.827875852584839 269
3.8359601497650146 268
3.8447413444519043 268
3.8532278537750244 268
3.861534833908081 269
3.8717494010925293 269
3.880462646484375 269
3.888834238052368 269
3.898838520050049 268
3.907130002975464 268
3.9159741401672363 268
3.9246861934661865 268
3.9337220191955566 268
3.9418880939483643 268
3.9506678581237793 267
3.959519386291504 267
3.969799757003784 268
3.9784138202667236 268
3.985785722732544 268
3.9952456951141357 267
4.008857250213623 266
4.01847767829895 267
4.025933027267456 268
4.035616397857666 268
4.04442834854126 268
4.052710294723511 268
4.061536550521851 267
4.071428060531616 266
4.079915285110474 267
4.088658332824707 267
4.098618984222412 267
4.105928421020508 266
4.114745140075684 266
4.124274492263794 266
4.133007049560547 265
4.141411304473877 265
4.150295734405518 265
4.159024238586426 266
4.169358491897583 266
4.177616357803345 265
4.185548782348633 264
4.195120811462402 264
4.203821897506714 264
4.212501525878906 265
4.221803188323975 265
4.2318761348724365 264
4.240664005279541 264
4.249072313308716 263
4.257312297821045 263
4.266992568969727 263
4.27564263343811 263
4.284342527389526 263
4.293644189834595 262
4.302822589874268 262
4.3111655712127686 262
4.319623231887817 262
4.329861164093018 262
4.338421583175659 262
4.345871210098267 261
4.354572772979736 261
4.363628387451172 261
4.3729822635650635 260
4.381410837173462 260
4.390292406082153 260
4.400364398956299 260
4.412968158721924 260
4.421396493911743 260
4.431583642959595 260
4.440563440322876 259
4.4490087032318115 259
4.457148790359497 259
4.466496706008911 258
4.475703001022339 258
4.484455347061157 258
4.493637323379517 258
4.502895832061768 258
4.51129412651062 258
4.519867181777954 257
4.5296790599823 257
4.5379838943481445 257
4.545548915863037 256
4.55434775352478 256
4.563619136810303 256
4.571889400482178 257
4.581551790237427 257
4.5902650356292725 256
4.600300312042236 256
4.608596324920654 255
4.616513729095459 255
4.624797582626343 255
4.634921073913574 255
4.643263101577759 255
4.652270078659058 254
4.661447525024414 254
4.670619010925293 254
4.679866313934326 254
4.68850564956665 254
4.699026584625244 254
4.707320690155029 253
4.715154647827148 252
4.72368860244751 252
4.73352313041687 253
4.744239568710327 254
4.7531232833862305 253
4.761951208114624 252
4.770704984664917 251
4.780352830886841 251
4.78870415687561 252
4.798295259475708 253
4.805757522583008 252
4.81981897354126 251
4.828752517700195 250
4.8384315967559814 250
4.845830202102661 251
4.854606866836548 251
4.863644123077393 251
4.8724565505981445 250
4.882573843002319 249
4.890962600708008 250
4.900496959686279 250
4.908828496932983 251
4.917133569717407 251
4.925116062164307 250
4.935389995574951 250
4.943768262863159 250
4.952280282974243 251
4.961519718170166 251
4.97023868560791 250
4.979651689529419 249
4.989191055297852 249
4.999117851257324 249
