0 0
0.014079570770263672 0
0.036046743392944336 0
0.05341315269470215 1
0.07260990142822266 6
0.08862423896789551 12
0.09741711616516113 15
0.10588622093200684 19
0.11480450630187988 24
0.12409782409667969 30
0.13251757621765137 34
0.14216375350952148 40
0.15002942085266113 44
0.16024374961853027 49
0.17412233352661133 56
0.18245768547058105 60
0.1937265396118164 64
0.20198321342468262 69
0.2103874683380127 73
0.2199699878692627 76
0.22841978073120117 81
0.23662233352661133 85
0.24660944938659668 90
0.256145715713501 93
0.26457762718200684 97
0.27293872833251953 101
0.2805969715118408 104
0.2908155918121338 108
0.29956555366516113 111
0.3078489303588867 115
0.316272497177124 118
0.3261253833770752 122
0.3345761299133301 125
0.3439514636993408 128
0.35344672203063965 132
0.3607964515686035 135
0.3695406913757324 138
0.3784356117248535 141
0.38794827461242676 144
0.39745450019836426 148
0.40585756301879883 150
0.4142458438873291 154
0.4249131679534912 157
0.4336867332458496 160
0.4429471492767334 163
0.4515218734741211 165
0.45971035957336426 168
0.46811461448669434 171
0.4778475761413574 173
0.48682689666748047 176
0.49684715270996094 179
0.5054895877838135 181
0.513878345489502 183
0.5238430500030518 186
0.5320703983306885 188
0.5399124622344971 190
0.5499298572540283 194
0.5584018230438232 196
0.5666694641113281 198
0.5795102119445801 201
0.5882852077484131 204
0.5984170436859131 206
0.6068196296691895 208
0.6161782741546631 211
0.625605583190918 213
0.633955717086792 214
0.6422021389007568 216
0.6522531509399414 218
0.6601359844207764 220
0.6685621738433838 222
0.6768708229064941 224
0.685776948928833 226
0.6941080093383789 228
0.7036392688751221 229
0.7114458084106445 230
0.7208094596862793 232
0.7294778823852539 233
0.7379474639892578 235
0.7480626106262207 237
0.7564058303833008 239
0.7649352550506592 240
0.7734556198120117 242
0.7822151184082031 243
0.7900538444519043 244
0.7996664047241211 246
0.8080270290374756 248
0.817502498626709 249
0.8264181613922119 250
0.835319995880127 251
0.8436276912689209 253
0.8537423610687256 254
0.861983060836792 256
0.8698523044586182 256
0.8783442974090576 258
0.88767409324646 259
0.8960621356964111 260
0.9055469036102295 262
0.9146337509155273 263
0.9246261119842529 264
0.9329159259796143 265
0.9404966831207275 266
0.9506034851074219 267
0.9593722820281982 268
0.9676787853240967 269
0.9805891513824463 271
0.9921224117279053 273
1.0009114742279053 274
1.0099239349365234 275
1.0197718143463135 276
1.0280735492706299 277
1.0364727973937988 278
1.0451903343200684 278
1.0553913116455078 279
1.0636842250823975 280
1.0714948177337646 280
1.0801105499267578 281
1.0883800983428955 282
1.0967798233032227 282
1.1063411235809326 284
1.1156442165374756 284
1.124617576599121 285
1.1332974433898926 286
1.1406831741333008 287
1.149893045425415 288
1.1595184803009033 288
1.1678154468536377 288
1.1760776042938232 289
1.1853811740875244 290
1.1940674781799316 291
1.2023234367370605 292
1.212158441543579 292
1.2209107875823975 292
1.2296173572540283 292
1.2378275394439697 293
1.2466566562652588 294
1.2561657428741455 295
1.264784574508667 296
1.2734527587890625 296
1.2823169231414795 296
1.290090799331665 296
1.2983424663543701 296
1.3084535598754883 297
1.3176279067993164 298
1.3264803886413574 299
1.3353962898254395 300
1.3437635898590088 300
1.3525199890136719 300
1.361928939819336 300
1.3698673248291016 300
1.3840701580047607 302
1.392388105392456 302
1.4004828929901123 303
1.4101009368896484 303
1.4200727939605713 304
1.4284138679504395 304
1.4367597103118896 304
1.4460313320159912 304
1.4546258449554443 304
1.463940143585205 305
1.4721577167510986 305
1.4804918766021729 306
1.4892606735229492 306
1.498701572418213 306
1.5068039894104004 306
1.5171852111816406 307
1.5263960361480713 307
1.5349044799804688 308
1.5438241958618164 308
1.552056074142456 308
1.559861183166504 308
1.5692784786224365 308
1.578378677368164 308
1.586634635925293 308
1.5953235626220703 308
1.6036055088043213 308
1.6136443614959717 308
1.6225106716156006 308
1.6303424835205078 309
1.6396090984344482 309
1.6483118534088135 309
1.6566777229309082 309
1.666224479675293 309
1.6746580600738525 310
1.683856725692749 310
1.6920554637908936 310
1.7000164985656738 310
1.7083137035369873 310
1.7220525741577148 310
1.7336814403533936 310
1.745591640472412 310
1.756932258605957 310
1.7696728706359863 310
1.7869198322296143 310
1.7996017932891846 310
1.8107318878173828 310
1.8221971988677979 310
1.8299975395202637 310
1.8382999897003174 310
1.846557378768921 310
1.8552355766296387 310
1.8634471893310547 310
1.872544288635254 310
1.8879680633544922 310
1.9003369808197021 310
1.908700704574585 310
1.9197368621826172 310
1.9286036491394043 310
1.9368281364440918 310
1.9453868865966797 310
1.9536185264587402 310
1.9609453678131104 310
1.970806360244751 310
1.9794118404388428 310
1.9876034259796143 310
1.9961369037628174 310
2.007890224456787 310
2.0178263187408447 310
2.027740240097046 310
2.0362303256988525 310
2.0447487831115723 310
2.0533580780029297 310
2.0606324672698975 310
2.070549726486206 310
2.0792150497436523 310
2.087409257888794 310
2.095752000808716 310
2.1046674251556396 310
2.113260269165039 310
2.123522996902466 310
2.132171154022217 310
2.1399781703948975 310
2.148277521133423 310
2.156510829925537 310
2.165842294692993 310
2.175544261932373 310
2.1876840591430664 310
2.1964125633239746 310
2.205533981323242 310
2.21380615234375 310
2.223775863647461 310
2.233259916305542 310
2.240548610687256 310
2.249234914779663 310
2.257429599761963 310
2.2663071155548096 310
2.2757816314697266 310
2.2840769290924072 310
2.292292833328247 310
2.300793409347534 310
2.309596061706543 310
2.3234364986419678 310
2.333552837371826 310
2.3408913612365723 310
2.3495378494262695 310
2.3579747676849365 310
2.3662171363830566 310
2.3746583461761475 310
2.383962392807007 310
2.392099142074585 310
2.399890184402466 310
2.4082226753234863 309
2.41717791557312 309
2.4272804260253906 309
2.435983896255493 309
2.4443182945251465 309
2.4525294303894043 309
2.4603524208068848 308
2.4687650203704834 308
2.4783101081848145 308
2.486671209335327 308
2.4953675270080566 308
2.5036261081695557 308
2.5109381675720215 308
2.5221967697143555 307
2.5308051109313965 307
2.540041208267212 306
2.549492597579956 306
2.558833122253418 306
2.567883014678955 306
2.5761640071868896 306
2.5894453525543213 306
2.597972869873047 306
2.607440233230591 306
2.615891218185425 305
2.625391960144043 305
2.6345293521881104 304
2.6428918838500977 304
2.6504950523376465 304
2.6593024730682373 304
2.667616844177246 304
2.6758575439453125 304
2.6853864192962646 304
2.6938116550445557 303
2.702052354812622 303
2.7102081775665283 303
2.7197299003601074 302
2.728053092956543 302
2.7378175258636475 302
2.746086359024048 302
2.7546536922454834 302
2.7629332542419434 302
2.7742292881011963 301
2.784119129180908 300
2.7939724922180176 300
2.804020881652832 300
2.812242269515991 301
2.8207907676696777 301
2.830347776412964 300
2.8404645919799805 300
2.8495960235595703 299
2.8578994274139404 299
2.8667922019958496 298
2.87548565864563 298
2.8847172260284424 298
2.893383741378784 298
2.9015052318573 298
2.9097020626068115 298
2.91975998878479 298
2.9280974864959717 298
2.93829083442688 297
2.9467084407806396 296
2.955630302429199 296
2.964672803878784 296
2.973198890686035 296
2.9860427379608154 296
2.9946377277374268 296
3.003864049911499 295
3.0120766162872314 294
3.020847797393799 294
3.0332584381103516 294
3.042346954345703 295
3.0502126216888428 295
3.0585591793060303 295
3.067403554916382 294
3.075871229171753 294
3.084444522857666 293
3.0938546657562256 293
3.1031885147094727 293
3.110539436340332 293
3.119973659515381 292
3.128330707550049 292
3.1383659839630127 292
3.1466071605682373 292
3.155843496322632 291
3.164877414703369 291
3.1734087467193604 290
3.1807689666748047 290
3.190288543701172 290
3.199815034866333 290
3.2081193923950195 290
3.216679811477661 289
3.226123571395874 289
3.2352468967437744 288
3.244539976119995 288
3.253241777420044 288
3.260615348815918 288
3.269667863845825 288
3.2779617309570312 287
3.2862517833709717 286
3.296273946762085 286
3.304701566696167 286
3.313401460647583 286
3.3324646949768066 286
3.340358018875122 285
3.3500330448150635 285
3.3592426776885986 284
3.3678488731384277 284
3.377695322036743 284
3.3900320529937744 284
3.4001872539520264 284
3.408726453781128 283
3.417832851409912 283
3.4264581203460693 282
3.437270164489746 282
3.4477529525756836 282
3.4560632705688477 282
3.465874433517456 282
3.47428035736084 282
3.482523202896118 282
3.4903619289398193 282
3.5004823207855225 282
3.5092976093292236 281
3.5178515911102295 280
3.526777505874634 280
3.5359129905700684 280
3.54424786567688 280
3.5537595748901367 280
3.5628905296325684 279
3.5706794261932373 278
3.579437494277954 278
3.5877153873443604 278
3.5978167057037354 278
3.6062655448913574 278
3.6148672103881836 278
3.624110698699951 278
3.6334309577941895 278
3.6407597064971924 277
3.65035343170166 276
3.658834218978882 276
3.668903350830078 276
3.6774954795837402 276
3.68662428855896 276
3.6957030296325684 276
3.7049410343170166 275
3.7134790420532227 274
3.7225425243377686 274
3.7314252853393555 274
3.7398452758789062 274
3.7493932247161865 275
3.7577247619628906 274
3.7672598361968994 274
3.7757670879364014 274
3.7881438732147217 273
3.8006484508514404 272
3.8135101795196533 272
3.8267033100128174 272
3.8379945755004883 272
3.8505735397338867 272
3.863776922225952 271
3.875824451446533 270
3.8841512203216553 270
3.893155097961426 270
3.9023327827453613 270
3.910173177719116 270
3.920466661453247 269
3.9296576976776123 268
3.937994956970215 268
3.94762921333313 268
3.9566569328308105 268
3.9660277366638184 268
3.974623441696167 267
3.983212471008301 267
3.9905669689178467 266
3.9996559619903564 266
4.009131669998169 266
4.018147945404053 266
4.026889324188232 266
4.035707473754883 265
4.044024705886841 265
4.0522425174713135 264
4.062138557434082 264
4.070029020309448 264
4.078327178955078 264
4.086589097976685 264
4.096072435379028 264
4.105603456497192 263
4.113956689834595 262
4.124206304550171 262
4.132494688034058 262
4.140343904495239 262
4.148712635040283 262
4.159134864807129 261
4.167406797409058 261
4.175767183303833 260
4.187666654586792 260
4.196731090545654 260
4.205546140670776 260
4.215333938598633 260
4.2249321937561035 259
4.233506917953491 259
4.240887880325317 258
4.249593496322632 258
4.259880542755127 258
4.268209934234619 258
4.277443170547485 258
4.285903215408325 258
4.2952916622161865 258
4.303565502166748 257
4.312878370285034 256
4.322140216827393 256
4.330462455749512 256
4.339329242706299 256
4.347656726837158 256
4.356600761413574 256
4.366153001785278 255
4.374618053436279 254
4.383339881896973 254
4.391533613204956 254
4.399902582168579 255
4.408238172531128 255
4.417953968048096 254
4.427709341049194 254
4.436149597167969 253
4.444658041000366 252
4.453462839126587 252
4.465445280075073 252
4.473720550537109 252
4.481534481048584 252
4.490308523178101 252
4.49869966506958 252
4.506867170333862 252
4.516719818115234 251
4.526399612426758 250
4.534906625747681 250
4.5434346199035645 250
4.550800561904907 250
4.560052394866943 249
4.569661617279053 249
4.578147888183594 248
4.592142581939697 248
4.600135803222656 248
4.608603000640869 248
4.6193528175354 247
4.62812066078186 247
4.636525869369507 246
4.645439386367798 246
4.6537392139434814 246
4.662808656692505 246
4.672124862670898 246
4.679981470108032 246
4.689610481262207 245
4.69810938835144 244
4.706411838531494 244
4.715982675552368 244
4.7260658740997314 244
4.73445463180542 245
4.742851257324219 244
4.75049901008606 244
4.759967565536499 244
4.769559144973755 244
4.7779834270477295 244
4.786287546157837 243
4.795490503311157 242
4.803841590881348 242
4.812051773071289 242
4.823538064956665 242
4.830926418304443 242
4.8395960330963135 242
4.847872257232666 242
4.856714725494385 241
4.865431547164917 240
4.874835014343262 240
4.883405685424805 240
4.8938164710998535 240
4.9020655155181885 240
4.910030841827393 240
4.922106742858887 239
4.9299609661102295 238
4.93856954574585 238
4.946764230728149 238
4.9559326171875 238
4.965187311172485 238
4.975239515304565 238
4.983527898788452 238
4.996804714202881 236
