0 0
0.01596379280090332 0
0.03624534606933594 0
0.054561614990234375 1
0.0710604190826416 7
0.09088277816772461 13
0.10039424896240234 17
0.10831212997436523 21
0.11696052551269531 25
0.12544536590576172 31
0.13364648818969727 36
0.14325404167175293 42
0.15267348289489746 47
0.16107535362243652 54
0.17038726806640625 59
0.17832660675048828 65
0.18724632263183594 73
0.19750189781188965 79
0.20633554458618164 85
0.21486687660217285 93
0.22421646118164062 99
0.23273181915283203 105
0.24227094650268555 113
0.25501084327697754 123
0.26353001594543457 130
0.2729825973510742 137
0.28164076805114746 144
0.29097628593444824 152
0.30146145820617676 160
0.31007957458496094 167
0.31877589225769043 175
0.32671308517456055 179
0.3353540897369385 187
0.3448941707611084 195
0.35372209548950195 202
0.3625366687774658 209
0.37094569206237793 217
0.38019680976867676 223
0.38931775093078613 231
0.39998555183410645 239
0.4074435234069824 246
0.4167604446411133 253
0.42517948150634766 261
0.43367910385131836 267
0.4424715042114258 274
0.45252132415771484 282
0.46094679832458496 291
0.46930885314941406 297
0.4776315689086914 304
0.4869387149810791 310
0.4976654052734375 320
0.5064094066619873 326
0.5160229206085205 333
0.5256164073944092 339
0.5340447425842285 343
0.5426383018493652 346
0.5525062084197998 349
0.560908317565918 351
0.5691995620727539 352
0.5774519443511963 353
0.5872437953948975 354
0.5965118408203125 355
0.605999231338501 355
0.6146903038024902 356
0.6230309009552002 357
0.6316258907318115 357
0.6401312351226807 358
0.6535439491271973 358
0.6623618602752686 358
0.6707017421722412 358
0.6788742542266846 358
0.6886999607086182 358
0.6982150077819824 358
0.7071523666381836 359
0.716397762298584 359
0.724672794342041 359
0.7328948974609375 359
0.7413318157196045 359
0.7515311241149902 358
0.760103702545166 358
0.7674505710601807 359
0.7761566638946533 359
0.7849030494689941 359
0.7933568954467773 359
0.8034706115722656 359
0.8122501373291016 359
0.8214342594146729 359
0.8296754360198975 359
0.8372502326965332 359
0.846613883972168 359
0.8560543060302734 359
0.8642902374267578 359
0.8728277683258057 359
0.8817121982574463 359
0.8963813781738281 359
0.9096989631652832 359
0.9221031665802002 359
0.933429479598999 359
0.9446055889129639 359
0.9583382606506348 359
0.9746754169464111 359
0.9915189743041992 359
1.000847339630127 359
1.010359764099121 358
1.0191326141357422 359
1.0269312858581543 359
1.0374586582183838 359
1.0514435768127441 358
1.0610406398773193 358
1.0692627429962158 358
1.0771682262420654 358
1.086395263671875 358
1.0953891277313232 359
1.1036150455474854 359
1.1135458946228027 359
1.1222033500671387 358
1.130563735961914 357
1.1387639045715332 357
1.1471755504608154 357
1.1555283069610596 358
1.1650323867797852 358
1.173384189605713 357
1.1826553344726562 357
1.1909253597259521 357
1.2008402347564697 358
1.2109613418579102 358
1.219310998916626 358
1.2270710468292236 357
1.2359793186187744 357
1.2446072101593018 357
1.2528538703918457 357
1.262225866317749 358
1.2705016136169434 358
1.2793707847595215 358
1.287177324295044 357
1.297102689743042 357
1.3054757118225098 357
1.315359354019165 357
1.3235108852386475 358
1.332195520401001 358
1.3405890464782715 358
1.3500404357910156 357
1.3573861122131348 357
1.3668909072875977 357
1.3751575946807861 357
1.3844428062438965 358
1.3927946090698242 358
1.4026670455932617 358
1.412513017654419 357
1.4208498001098633 357
1.4289922714233398 357
1.436772108078003 357
1.4460554122924805 357
1.4577045440673828 357
1.4672439098358154 358
1.4766321182250977 358
1.4850690364837646 357
1.4934768676757812 357
1.5036039352416992 357
1.5136513710021973 357
1.522322416305542 357
1.5306556224822998 358
1.5388357639312744 357
1.5492279529571533 357
1.5570712089538574 357
1.5665509700775146 357
1.5748319625854492 357
1.583521842956543 357
1.5923733711242676 357
1.6020710468292236 357
1.6106388568878174 357
1.6200320720672607 357
1.6273934841156006 357
1.6360387802124023 357
1.6448254585266113 356
1.653280258178711 356
1.6619975566864014 356
1.6712191104888916 357
1.6804015636444092 357
1.6882197856903076 357
1.6972706317901611 356
1.7063877582550049 356
1.7150599956512451 356
1.7244255542755127 357
1.7328681945800781 357
1.7420625686645508 356
1.7503504753112793 356
1.7582473754882812 355
1.767204999923706 356
1.776761770248413 357
1.7850761413574219 358
1.7935965061187744 358
1.8028521537780762 357
1.8121662139892578 357
1.821436882019043 357
1.8301029205322266 357
1.8373863697052002 357
1.84651780128479 357
1.85908842086792 356
1.8671205043792725 356
1.8772151470184326 356
1.8860125541687012 356
1.9033329486846924 357
1.9131860733032227 357
1.9228448867797852 357
1.9314734935760498 356
1.9399797916412354 355
1.9482696056365967 356
1.959651231765747 357
1.9672596454620361 357
1.977264642715454 357
1.985943078994751 356
1.9950494766235352 355
2.00496506690979 355
2.016040325164795 356
2.0254266262054443 357
2.033616542816162 358
2.042858600616455 358
2.05122709274292 357
2.0593340396881104 356
2.0671393871307373 355
2.077357530593872 356
2.086066246032715 357
2.0955212116241455 357
2.103649616241455 357
2.1126601696014404 357
2.121711254119873 356
2.131371259689331 355
2.13961124420166 355
2.1482248306274414 355
2.156416177749634 355
2.164640426635742 356
2.1730220317840576 356
2.1829211711883545 356
2.192018508911133 356
2.2008821964263916 355
2.2102131843566895 355
2.217534065246582 355
2.2269794940948486 355
2.2352306842803955 355
2.244425058364868 355
2.2566606998443604 355
2.26509952545166 355
2.274287700653076 355
2.2834956645965576 355
2.2921664714813232 355
2.3013253211975098 355
2.3105854988098145 355
2.318774938583374 355
2.3265554904937744 355
2.3360588550567627 355
2.3448269367218018 355
2.3530547618865967 355
2.3614413738250732 355
2.370013475418091 355
2.380239963531494 355
2.387526512145996 355
2.3968875408172607 355
2.405186176300049 355
2.414386510848999 355
2.4231231212615967 355
2.4326722621917725 355
2.4415318965911865 355
2.449998378753662 355
2.457277536392212 355
2.465914249420166 355
2.474822998046875 355
2.4842278957366943 355
2.4928011894226074 355
2.502849817276001 355
2.5120856761932373 355
2.520632743835449 355
2.532780170440674 355
2.5415759086608887 355
2.550293445587158 355
2.557589530944824 355
2.566195487976074 355
2.5749382972717285 355
2.5842337608337402 355
2.5925731658935547 355
2.6019749641418457 355
2.6110188961029053 355
2.61921763420105 354
2.6270949840545654 354
2.636455774307251 354
2.645199775695801 355
2.657658338546753 355
2.6664395332336426 355
2.675676107406616 354
2.6851766109466553 353
2.6935384273529053 354
2.702894687652588 354
2.712257146835327 355
2.720515489578247 355
2.7287049293518066 354
2.739264488220215 353
2.7470760345458984 354
2.75545597076416 355
2.7636563777923584 355
2.7730796337127686 355
2.781604766845703 354
2.791022539138794 353
2.8005430698394775 353
2.8090555667877197 354
2.816890001296997 355
2.8253722190856934 355
2.8344311714172363 355
2.8444736003875732 354
2.8529489040374756 354
2.8613595962524414 353
2.8696391582489014 353
2.8782732486724854 354
2.8873324394226074 355
2.896883487701416 355
2.906264066696167 354
2.9146788120269775 353
2.922966241836548 352
2.931612491607666 352
2.9509103298187256 355
2.9724972248077393 357
3.0336177349090576 340
3.0951650142669678 326
3.131683826446533 329
3.1614491939544678 345
3.19710111618042 361
3.2247378826141357 365
3.2470321655273438 367
3.2662415504455566 366
3.2835500240325928 361
3.303610324859619 354
3.321049213409424 348
3.345151424407959 345
3.3615567684173584 346
3.3813233375549316 351
3.4036011695861816 355
3.4273128509521484 355
3.4482338428497314 347
3.5091898441314697 341
3.552840232849121 348
3.5988216400146484 369
3.6304335594177246 374
3.661391019821167 369
3.7147576808929443 351
3.756049633026123 346
3.7735097408294678 350
3.790118932723999 353
3.810368299484253 355
3.827155590057373 354
3.848891019821167 350
3.8734652996063232 349
3.9003255367279053 354
3.909383535385132 356
3.9174246788024902 357
3.9265031814575195 357
3.9361140727996826 357
3.9447031021118164 357
3.952995777130127 356
3.9626715183258057 354
3.9715394973754883 353
3.9800639152526855 352
3.987403392791748 352
4.004991769790649 353
4.014949083328247 354
4.023325681686401 354
4.032713890075684 353
4.041029691696167 352
4.049284219741821 351
4.057231664657593 351
4.067722320556641 351
4.0765275955200195 352
4.086626291275024 352
4.098257541656494 352
4.106463193893433 351
4.116204261779785 351
4.124508857727051 351
4.133236646652222 351
4.141960620880127 351
4.1502416133880615 350
4.157653331756592 350
4.1674299240112305 350
4.176447153091431 350
4.184670448303223 350
4.193461894989014 350
4.204035520553589 350
4.212411880493164 350
4.221693754196167 350
4.230798959732056 349
4.239120244979858 350
4.246986627578735 350
4.255364179611206 350
4.27167820930481 350
4.280258893966675 349
4.287548780441284 349
4.297663688659668 350
4.306365251541138 351
4.314738035202026 351
4.324197769165039 351
4.333154916763306 349
4.342071533203125 349
4.350487947463989 348
4.358790159225464 348
4.369285345077515 349
4.377124309539795 349
4.385494232177734 350
4.395606994628906 350
4.403705835342407 350
4.412528038024902 349
4.422089099884033 349
4.430733680725098 349
4.438907861709595 349
4.44669246673584 349
4.454982757568359 349
4.4640421867370605 349
4.474016904830933 349
4.482398748397827 349
4.490668058395386 349
4.500575065612793 349
4.508789300918579 349
4.516621112823486 349
4.526060342788696 349
4.534940004348755 349
4.54316782951355 349
4.551565408706665 349
4.559997320175171 349
4.568801164627075 349
4.57874321937561 349
4.586597204208374 349
4.596001625061035 349
4.606155633926392 349
4.614853858947754 349
4.6242125034332275 349
4.633162260055542 349
4.64163875579834 349
4.650309801101685 349
4.65766978263855 349
4.671596050262451 349
4.682207822799683 349
4.69058632850647 349
4.700408935546875 349
4.707700729370117 349
4.716510057449341 349
4.7261292934417725 349
4.735067844390869 349
4.7433106899261475 349
4.751704454421997 349
4.760524034500122 349
4.76871395111084 349
4.778909206390381 349
4.786701202392578 349
4.796867609024048 349
4.8051674365997314 349
4.813371181488037 349
4.822095632553101 349
4.832186937332153 349
4.840461492538452 349
4.848295450210571 349
4.856571197509766 349
4.865471839904785 349
4.873610258102417 349
4.883553504943848 349
4.893998384475708 349
4.903029441833496 349
4.911455154418945 349
4.919713497161865 349
4.930989742279053 349
4.940817356109619 348
4.949094295501709 348
4.958277225494385 348
4.968803644180298 348
4.978727340698242 349
4.98876953125 349
4.998791456222534 348
