0 0
0.015349149703979492 0
0.032816171646118164 0
0.05231595039367676 1
0.06938338279724121 6
0.08300137519836426 10
0.09131360054016113 14
0.0994260311126709 18
0.10810089111328125 22
0.11698412895202637 28
0.12520766258239746 32
0.13484811782836914 38
0.14264464378356934 42
0.1514139175415039 48
0.15951299667358398 54
0.16816139221191406 59
0.17899751663208008 68
0.18921709060668945 75
0.19766902923583984 81
0.20617318153381348 87
0.21468687057495117 93
0.22255825996398926 99
0.23203277587890625 106
0.24026036262512207 113
0.24947690963745117 120
0.2581202983856201 127
0.2664344310760498 133
0.2767822742462158 142
0.2867131233215332 149
0.29491305351257324 157
0.3027782440185547 162
0.3121988773345947 170
0.3204336166381836 176
0.3287351131439209 183
0.338209867477417 191
0.34728431701660156 199
0.35941362380981445 209
0.3683745861053467 215
0.37831783294677734 224
0.3875901699066162 232
0.396517276763916 238
0.40468573570251465 245
0.4132230281829834 253
0.4216320514678955 260
0.4302480220794678 266
0.4395260810852051 275
0.44876885414123535 281
0.4570348262786865 290
0.46526670455932617 296
0.47428131103515625 304
0.48302650451660156 311
0.49260592460632324 318
0.5014317035675049 326
0.5106053352355957 332
0.5188775062561035 339
0.527287483215332 348
0.5366115570068359 354
0.5452449321746826 362
0.5531282424926758 369
0.5615012645721436 374
0.5703811645507812 382
0.5830574035644531 386
0.5925788879394531 390
0.6013915538787842 393
0.6105246543884277 394
0.6188645362854004 396
0.6281864643096924 396
0.6389791965484619 396
0.648216724395752 395
0.6564784049987793 393
0.6646833419799805 391
0.673321008682251 388
0.6822013854980469 385
0.6927049160003662 381
0.702045202255249 376
0.7108054161071777 371
0.7190864086151123 367
0.7275583744049072 362
0.7359459400177002 357
0.7459595203399658 352
0.7584784030914307 346
0.7668905258178711 342
0.7770018577575684 340
0.7852718830108643 338
0.7948338985443115 338
0.8030991554260254 338
0.812363862991333 338
0.820563554763794 340
0.8289794921875 342
0.8374218940734863 344
0.8473436832427979 348
0.8555617332458496 352
0.8631649017333984 356
0.8724637031555176 361
0.8813905715942383 365
0.8895442485809326 368
0.8990345001220703 372
0.9084322452545166 374
0.9167253971099854 376
0.9249498844146729 377
0.9327559471130371 377
0.9427595138549805 377
0.9510421752929688 376
0.9593982696533203 374
0.9682250022888184 372
0.9782984256744385 369
0.9865298271179199 366
0.9960215091705322 362
1.0032484531402588 358
1.0121724605560303 355
1.0202717781066895 352
1.0287575721740723 349
1.0370509624481201 347
1.0472979545593262 346
1.055333137512207 346
1.0631234645843506 346
1.07291841506958 347
1.0811941623687744 348
1.089564323425293 351
1.0989253520965576 353
1.1080608367919922 357
1.1162257194519043 360
1.1234526634216309 364
1.1352143287658691 368
1.1492750644683838 371
1.1667122840881348 372
1.1807441711425781 370
1.1921093463897705 368
1.2063798904418945 363
1.2181010246276855 359
1.2262625694274902 356
1.23349928855896 353
1.2426469326019287 350
1.252037525177002 349
1.2602064609527588 348
1.268754005432129 348
1.2781596183776855 348
1.286372184753418 350
1.2936534881591797 352
1.3031516075134277 354
1.3119466304779053 357
1.3206627368927002 360
1.3289763927459717 364
1.3380615711212158 366
1.3464820384979248 368
1.3560154438018799 370
1.3633177280426025 370
1.372683048248291 370
1.380986213684082 369
1.389336347579956 368
1.3980116844177246 366
1.4080402851104736 362
1.4162819385528564 360
1.4235081672668457 357
1.4320378303527832 354
1.4408283233642578 352
1.44921875 350
1.4587039947509766 350
1.4669380187988281 350
1.4769001007080078 350
1.4850857257843018 352
1.4928574562072754 353
1.5022189617156982 356
1.5111746788024902 359
1.5192959308624268 362
1.527656078338623 364
1.53648042678833 366
1.544663429260254 368
1.55311918258667 368
1.5663065910339355 368
1.579566478729248 366
1.5883028507232666 364
1.5965094566345215 362
1.6066255569458008 358
1.6147456169128418 356
1.622931957244873 354
1.6312098503112793 352
1.6402170658111572 351
1.6485905647277832 350
1.6576578617095947 351
1.6664822101593018 352
1.6763548851013184 354
1.6835346221923828 356
1.6923305988311768 358
1.7004265785217285 360
1.7101619243621826 363
1.7193405628204346 366
1.7280983924865723 367
1.736926794052124 367
1.7451272010803223 367
1.7530293464660645 366
1.7624523639678955 364
1.7719945907592773 362
1.780003309249878 360
1.788238525390625 357
1.796389102935791 355
1.8050124645233154 353
1.8136489391326904 352
1.8222637176513672 351
1.831059455871582 352
1.8395230770111084 353
1.84804105758667 354
1.8562300205230713 356
1.8650834560394287 359
1.8750782012939453 362
1.882758617401123 364
1.890963077545166 365
1.8992254734039307 366
1.9092395305633545 366
1.917968988418579 366
1.9263014793395996 365
1.9352319240570068 362
1.9429171085357666 361
1.9510693550109863 358
1.9652297496795654 354
1.975245714187622 352
1.983137845993042 351
1.9925005435943604 350
2.00130558013916 351
2.0121774673461914 352
2.0203757286071777 353
2.028496265411377 355
2.0381417274475098 358
2.0464489459991455 360
2.0536231994628906 362
2.0630009174346924 365
2.0729501247406006 366
2.081299066543579 366
2.089440107345581 366
2.098048686981201 365
2.106947898864746 363
2.116319417953491 361
2.1235194206237793 359
2.132169246673584 357
2.1416306495666504 354
2.1495630741119385 352
2.1581737995147705 352
2.168058156967163 351
2.1780197620391846 352
2.1861114501953125 353
2.1933062076568604 355
2.2025997638702393 357
2.210712194442749 360
2.2196617126464844 362
2.2293179035186768 364
2.2395992279052734 366
2.248234987258911 366
2.256608247756958 366
2.266197443008423 365
2.275010585784912 364
2.282682418823242 362
2.290989398956299 360
2.300004720687866 357
2.3083441257476807 355
2.3173935413360596 353
2.3253002166748047 352
2.333432674407959 352
2.3425076007843018 352
2.35075044631958 352
2.363191604614258 355
2.374734878540039 358
2.3825745582580566 360
2.3909850120544434 363
2.399578094482422 365
2.408231496810913 366
2.416487455368042 366
2.4256341457366943 366
2.4342310428619385 365
2.442317247390747 364
2.4504623413085938 362
2.458669424057007 360
2.4674172401428223 357
2.4772987365722656 354
2.4852182865142822 352
2.4929027557373047 352
2.5020599365234375 351
2.5102193355560303 351
2.5194664001464844 352
2.5281927585601807 353
2.536942958831787 355
2.545008659362793 357
2.5525975227355957 359
2.560805082321167 362
2.5779688358306885 364
2.58796763420105 366
2.598034143447876 366
2.606365919113159 365
2.614851474761963 363
2.6232621669769287 361
2.6332435607910156 358
2.641576051712036 356
2.6506195068359375 354
2.658813714981079 353
2.668032646179199 352
2.6780478954315186 351
2.6869301795959473 352
2.6975417137145996 354
2.7061049938201904 356
2.713397979736328 358
2.7226529121398926 360
2.731642246246338 363
2.7395577430725098 364
2.7486071586608887 365
2.7568740844726562 366
2.771075963973999 364
2.780822277069092 362
2.7890989780426025 360
2.7979955673217773 358
2.806173801422119 356
2.8133544921875 354
2.8218986988067627 352
2.832028388977051 351
2.8401851654052734 350
2.8489747047424316 351
2.857403039932251 352
2.8666465282440186 353
2.876387357711792 356
2.883638620376587 358
2.892324686050415 360
2.901033639907837 363
2.9094197750091553 364
2.9181058406829834 365
2.927319049835205 366
2.9364264011383057 365
2.9435884952545166 364
2.9526851177215576 362
2.9608845710754395 360
2.969641923904419 357
2.9794762134552 355
2.987982749938965 353
2.996408462524414 352
3.0036184787750244 351
3.012399435043335 352
3.0204501152038574 352
3.029674768447876 354
3.038339376449585 356
3.0465056896209717 358
3.054266929626465 360
3.0633668899536133 362
3.0728514194488525 364
3.0822722911834717 365
3.090510606765747 365
3.0989532470703125 364
3.107318878173828 363
3.115250825881958 362
3.122922897338867 360
3.1330296993255615 358
3.141315221786499 356
3.149339199066162 354
3.1576411724090576 352
3.1719489097595215 352
3.181067705154419 352
3.1894209384918213 353
3.199596643447876 355
3.2091262340545654 358
3.2202582359313965 360
3.2332348823547363 363
3.2451171875 365
3.2569427490234375 365
3.2702269554138184 364
3.2841696739196777 361
3.2968575954437256 358
3.308306932449341 355
3.323540449142456 351
3.333498001098633 350
3.3421242237091064 350
3.3508543968200684 350
3.3604648113250732 352
3.3693814277648926 354
3.3783254623413086 356
3.388469696044922 360
3.397453546524048 362
3.405667304992676 364
3.413259983062744 366
3.421943426132202 366
3.4308109283447266 366
3.439990997314453 366
3.4483838081359863 364
3.4565203189849854 362
3.4661998748779297 360
3.4751436710357666 356
3.4828898906707764 354
3.4928412437438965 352
3.5011188983917236 350
3.5092899799346924 350
3.5180282592773438 350
3.5268490314483643 350
3.5350914001464844 351
3.5451550483703613 353
3.5533387660980225 356
3.5682976245880127 360
3.577389717102051 362
3.5853357315063477 364
3.5959832668304443 366
3.6033096313476562 366
3.6121509075164795 366
3.620849132537842 365
3.6294405460357666 364
3.6387670040130615 362
3.6471779346466064 359
3.6552441120147705 357
3.6633687019348145 354
3.6728005409240723 352
3.681602954864502 350
3.692164659500122 350
3.7003984451293945 350
3.7101593017578125 350
3.7191851139068604 352
3.7282705307006836 353
3.736520767211914 356
3.746020555496216 358
3.7532668113708496 361
3.76249361038208 363
3.772075891494751 365
3.780287027359009 366
3.788804769515991 366
3.798602342605591 365
3.8067896366119385 364
3.814887285232544 361
3.8227624893188477 359
3.832035541534424 357
3.8401689529418945 354
3.849433422088623 352
3.8586349487304688 350
3.8669023513793945 350
3.8768725395202637 350
3.8850932121276855 350
3.8950510025024414 352
3.905033588409424 354
3.9128971099853516 356
3.921085834503174 359
3.930253505706787 361
3.938507080078125 363
3.948045015335083 365
3.956810235977173 365
3.970247983932495 364
3.979628324508667 363
3.9883198738098145 361
3.99845552444458 359
4.0069580078125 356
4.015625 354
4.02367639541626 352
4.032421588897705 350
4.040703535079956 350
4.0499348640441895 350
4.059174299240112 350
4.067628383636475 352
4.076817035675049 354
4.084866046905518 356
4.093472480773926 358
4.102802038192749 361
4.110985517501831 363
4.119207143783569 364
4.1305835247039795 365
4.1388490200042725 365
4.148529529571533 364
4.157288074493408 362
4.165251016616821 360
4.17524266242981 357
4.182934761047363 355
4.191941499710083 353
4.200904369354248 351
4.209422826766968 350
4.219052791595459 350
4.228327989578247 350
4.236521244049072 351
4.244225978851318 352
4.253157615661621 355
4.262036323547363 357
4.271011114120483 360
4.279151916503906 362
4.28829550743103 364
4.296628475189209 364
4.3060784339904785 364
4.313358783721924 364
4.322588205337524 363
4.330928802490234 361
4.3391807079315186 359
4.347579717636108 356
4.3573901653289795 354
4.370249032974243 351
4.379177093505859 350
4.389199733734131 350
4.398029088973999 351
4.407174110412598 352
4.415156602859497 354
4.423165559768677 356
4.431432008743286 358
4.439432859420776 360
4.4481377601623535 362
4.4581968784332275 364
4.466625213623047 364
4.4756481647491455 364
4.4831085205078125 362
4.492308139801025 361
4.500396490097046 359
4.509392023086548 356
4.51801872253418 354
4.52681040763855 353
4.534954786300659 351
4.542666912078857 350
4.55100417137146 350
4.560848236083984 351
4.569267511367798 352
4.578449964523315 354
4.58691143989563 356
4.595986843109131 358
4.604852676391602 361
4.61255407333374 362
4.621601819992065 363
4.6299965381622314 363
4.63821816444397 363
4.646388292312622 362
4.656041860580444 360
4.66325044631958 358
4.672349452972412 356
4.680454969406128 354
4.689432382583618 352
4.697990417480469 351
4.706941604614258 351
4.715033769607544 351
4.723299503326416 352
4.746150255203247 356
4.754656076431274 358
4.763224840164185 360
4.778284549713135 363
4.786966562271118 364
4.795192241668701 364
4.803494215011597 364
4.813044309616089 362
4.822099924087524 360
4.830207824707031 358
4.838478326797485 356
4.846629619598389 354
4.855292081832886 351
4.864284515380859 350
4.873154401779175 350
4.881639242172241 350
4.890270709991455 350
4.898595333099365 351
4.906815052032471 354
4.916223049163818 356
4.92482852935791 358
4.932674169540405 360
4.9409260749816895 362
4.949084997177124 364
4.958216428756714 364
4.967529058456421 364
4.976665735244751 363
4.9852705001831055 361
4.99311375617981 359
