0 0
0.028133392333984375 0
0.08122968673706055 0
0.1290113925933838 12
0.16830921173095703 36
0.1899712085723877 49
0.20837759971618652 61
0.23551249504089355 80
0.25392985343933105 93
0.2714688777923584 105
0.29341769218444824 122
0.3131546974182129 141
0.3381986618041992 160
0.36348581314086914 178
0.3842806816101074 198
0.41405820846557617 228
0.4817163944244385 278
0.5102407932281494 306
0.5576536655426025 337
0.5938029289245605 348
0.6513943672180176 337
0.6943328380584717 322
0.7160277366638184 314
0.733626127243042 311
0.7533831596374512 311
0.769775390625 314
0.7903158664703369 320
0.8097376823425293 329
0.837087869644165 342
0.8504190444946289 346
0.8600506782531738 348
0.8693511486053467 350
0.8787798881530762 350
0.8880681991577148 350
0.8974025249481201 349
0.9056556224822998 350
0.9142844676971436 350
0.922936201095581 352
0.9319093227386475 352
0.9418811798095703 353
0.9543952941894531 354
0.9632234573364258 355
0.9717838764190674 356
0.9821569919586182 356
0.9928200244903564 355
1.0029006004333496 354
1.0116941928863525 354
1.0215885639190674 356
1.0302040576934814 356
1.039255142211914 356
1.0492143630981445 356
1.0575416088104248 357
1.068244457244873 358
1.0776333808898926 357
1.0871925354003906 357
1.0966553688049316 356
1.1069145202636719 357
1.1155421733856201 358
1.1242194175720215 359
1.133908748626709 358
1.1434693336486816 358
1.153527021408081 357
1.1618244647979736 357
1.1703567504882812 357
1.1810157299041748 358
1.1894092559814453 359
1.1990606784820557 359
1.2074575424194336 359
1.2167003154754639 358
1.2241463661193848 358
1.2342498302459717 358
1.2430248260498047 360
1.2528245449066162 360
1.2634663581848145 359
1.2721607685089111 358
1.2813870906829834 358
1.2896523475646973 359
1.2993321418762207 360
1.307704210281372 360
1.3168020248413086 360
1.3241112232208252 360
1.3335812091827393 359
1.3420839309692383 359
1.356950283050537 360
1.3642683029174805 360
1.37306547164917 361
1.382366418838501 361
1.3929369449615479 360
1.4060947895050049 359
1.4182910919189453 359
1.4295942783355713 360
1.441878080368042 362
1.45635986328125 362
1.4677631855010986 362
1.4797148704528809 360
1.4883685111999512 359
1.496955394744873 359
1.5059447288513184 360
1.5154786109924316 361
1.5235087871551514 361
1.5329771041870117 361
1.5413568019866943 360
1.551483392715454 360
1.5597457885742188 360
1.5682930946350098 360
1.5772161483764648 360
1.5853996276855469 360
1.5932230949401855 360
1.60268235206604 359
1.6117303371429443 359
1.6199610233306885 360
1.629298448562622 360
1.638798713684082 360
1.647592306137085 360
1.657283067703247 360
1.6664164066314697 360
1.67435884475708 360
1.6836481094360352 360
1.6929020881652832 360
1.7011513710021973 359
1.7112338542938232 359
1.7198760509490967 360
1.7300505638122559 360
1.7392938137054443 360
1.7536916732788086 359
1.7621958255767822 359
1.7719306945800781 359
1.7811641693115234 360
1.7895665168762207 360
1.7987425327301025 360
1.8088338375091553 360
1.8170616626739502 359
1.8249692916870117 359
1.8339588642120361 359
1.843230962753296 360
1.8515989780426025 360
1.8610999584197998 360
1.8695757389068604 360
1.8787693977355957 359
1.8870680332183838 359
1.8957536220550537 359
1.9035146236419678 360
1.9138131141662598 360
1.9221692085266113 360
1.9314663410186768 359
1.9398772716522217 359
1.9489080905914307 359
1.9581029415130615 360
1.9667925834655762 360
1.9756135940551758 360
1.983386754989624 359
1.9919157028198242 359
2.0001261234283447 359
2.0115461349487305 360
2.0199623107910156 360
2.028355598449707 360
2.03774356842041 360
2.0470311641693115 359
2.054938554763794 359
2.0640156269073486 359
2.0726914405822754 360
2.0817136764526367 360
2.089991569519043 360
2.099071502685547 360
2.1079297065734863 359
2.117459297180176 359
2.1255745887756348 359
2.134025812149048 360
2.1436126232147217 360
2.157193183898926 360
2.1670401096343994 359
2.175987720489502 358
2.183953046798706 358
2.1926560401916504 359
2.2016024589538574 360
2.211526393890381 360
2.2198326587677 360
2.2287676334381104 358
2.2388803958892822 358
2.247776985168457 358
2.2560105323791504 358
2.2653920650482178 359
2.2737739086151123 360
2.2853927612304688 360
2.2933452129364014 359
2.3019068241119385 358
2.3111026287078857 358
2.3202009201049805 358
2.3288538455963135 359
2.338172674179077 360
2.3473310470581055 360
2.355525016784668 360
2.3641059398651123 359
2.373535633087158 358
2.3819172382354736 358
2.390117883682251 358
2.398784637451172 359
2.4082133769989014 360
2.4175915718078613 360
2.4258406162261963 360
2.435469627380371 359
2.443833112716675 358
2.452314853668213 359
2.460919141769409 360
2.470275640487671 360
2.4795644283294678 360
2.4881069660186768 358
2.4966766834259033 358
2.5039994716644287 358
2.513622999191284 359
2.5232150554656982 360
2.5328946113586426 360
2.541794538497925 359
2.5501582622528076 358
2.562931537628174 358
2.57279372215271 358
2.5813543796539307 360
2.589945077896118 360
2.598409652709961 360
2.6075189113616943 359
2.6168336868286133 358
2.626024007797241 359
2.6488142013549805 361
2.657339572906494 362
2.665705919265747 363
2.6760475635528564 363
2.683824062347412 362
2.693812608718872 361
2.7022199630737305 360
2.7116429805755615 361
2.7207274436950684 362
2.7301995754241943 362
2.7398531436920166 362
2.7496700286865234 361
2.7592358589172363 360
2.7677524089813232 360
2.7780144214630127 361
2.7864274978637695 362
2.7940707206726074 362
2.803262233734131 361
2.8117032051086426 360
2.8209116458892822 360
2.830728769302368 360
2.8402533531188965 360
2.848851442337036 360
2.857110023498535 360
2.864384889602661 360
2.8737409114837646 360
2.883159637451172 360
2.891531229019165 360
2.8997654914855957 360
2.908897876739502 360
2.9176597595214844 360
2.9270734786987305 360
2.9368908405303955 359
2.944307565689087 359
2.958125591278076 360
2.9668993949890137 360
2.97550368309021 360
2.984135150909424 359
2.9929299354553223 359
3.001296043395996 358
3.0102691650390625 359
3.019036054611206 360
3.0293684005737305 361
3.0390262603759766 361
3.0472540855407715 360
3.0555551052093506 360
3.0633461475372314 359
3.072807788848877 359
3.082085609436035 360
3.09033203125 360
3.098947286605835 360
3.1077115535736084 360
3.1159017086029053 359
3.124363899230957 359
3.136082649230957 359
3.143859386444092 360
3.1523568630218506 360
3.1604273319244385 360
3.1697287559509277 360
3.178175449371338 359
3.18778920173645 358
3.196298122406006 359
3.204346179962158 360
3.2132198810577393 360
3.2215192317962646 360
3.2329437732696533 360
3.242056131362915 359
3.250352382659912 359
3.2599048614501953 359
3.2691633701324463 360
3.277578592300415 360
3.2869672775268555 360
3.294215679168701 359
3.3037056922912598 358
3.3123416900634766 358
3.3203818798065186 359
3.3291983604431152 360
3.3401238918304443 360
3.3487908840179443 359
3.361021041870117 358
3.3699371814727783 358
3.3787951469421387 358
3.3881282806396484 359
3.396772861480713 360
3.4057211875915527 360
3.413499593734741 360
3.422046422958374 358
3.432224988937378 358
3.4420506954193115 359
3.450312376022339 360
3.4590187072753906 360
3.4689338207244873 360
3.480205535888672 359
3.4936156272888184 358
3.506336212158203 359
3.5177435874938965 360
3.5297088623046875 361
3.5441863536834717 360
3.556884765625 358
3.5667850971221924 357
3.5741827487945557 356
3.5828542709350586 357
3.592100143432617 358
3.6014328002929688 358
3.609830856323242 358
3.6182525157928467 357
3.6268563270568848 357
3.6367974281311035 358
3.6459243297576904 359
3.653841495513916 359
3.6621897220611572 359
3.6712934970855713 358
3.6796154975891113 358
3.688997745513916 358
3.697251319885254 358
3.705913543701172 359
3.7140047550201416 359
3.722754955291748 360
3.7318928241729736 359
3.7414896488189697 358
3.749924659729004 358
3.7629013061523438 359
3.7742297649383545 361
3.783141613006592 362
3.7930099964141846 361
3.802096366882324 360
3.810267448425293 359
3.8189828395843506 359
3.8272438049316406 360
3.8372225761413574 360
3.84689998626709 361
3.8543202877044678 360
3.8631811141967773 360
3.872208595275879 360
3.880261182785034 360
3.8888535499572754 360
3.8987603187561035 359
3.9072561264038086 359
3.9154000282287598 359
3.92322039604187 360
3.9330408573150635 360
3.9487857818603516 360
3.957233190536499 358
3.9829132556915283 362
4.008747816085815 365
4.017942905426025 368
4.027386426925659 369
4.0376081466674805 370
4.053855895996094 369
4.0629777908325195 368
4.0912230014801025 361
4.103941202163696 359
4.119548082351685 359
4.13739013671875 362
4.145735740661621 364
4.160972595214844 365
4.1700732707977295 364
4.178943634033203 363
4.1873674392700195 362
4.19595193862915 362
4.2054665088653564 362
4.2164318561553955 362
4.223988771438599 362
4.234288215637207 362
4.243000268936157 361
4.2527501583099365 360
4.261326551437378 360
4.270030498504639 361
4.279283046722412 361
4.289096117019653 361
4.298342227935791 360
4.3078014850616455 359
4.316350698471069 359
4.323959827423096 359
4.334190368652344 360
4.342962265014648 360
4.35394549369812 360
4.3631510734558105 360
4.371401786804199 359
4.379899263381958 358
4.388865947723389 358
4.397912502288818 359
4.4074273109436035 360
4.4157328605651855 361
4.423691987991333 361
4.433697938919067 360
4.442187786102295 359
4.450927734375 358
4.461724519729614 359
4.4701759815216064 360
4.478973388671875 361
4.487369775772095 362
4.496798753738403 361
4.505930423736572 360
4.514009714126587 358
4.522786855697632 358
4.532797574996948 359
4.541168689727783 360
4.549497842788696 360
4.563431739807129 358
4.573335409164429 358
4.581805229187012 358
4.59018611907959 358
4.599745512008667 359
4.609344959259033 359
4.6176557540893555 359
4.626954078674316 359
4.635824918746948 359
4.643753528594971 359
4.652077674865723 359
4.662890434265137 360
4.671565294265747 359
4.679913520812988 359
4.688735485076904 359
4.6974639892578125 359
4.705633163452148 359
4.714159250259399 360
4.72421407699585 360
4.7340474128723145 359
4.742835283279419 358
4.751439332962036 358
4.761783123016357 359
4.770321369171143 360
4.779056787490845 360
4.787350416183472 360
4.796353578567505 358
4.804181814193726 358
4.813910245895386 358
4.822916269302368 358
4.832154035568237 358
4.840299844741821 359
4.849075078964233 359
4.857349634170532 359
4.86817193031311 359
4.876643896102905 359
4.884418725967407 359
4.8936920166015625 359
4.902372121810913 360
4.910923719406128 359
4.920000076293945 359
4.929354429244995 360
4.938880920410156 360
4.94749903678894 360
4.956307411193848 359
4.971153259277344 358
4.979621648788452 358
4.988420724868774 358
4.997386932373047 359
