0 0
0.012280464172363281 0
0.03265070915222168 0
0.0499262809753418 2
0.06884026527404785 6
0.08189558982849121 11
0.09030961990356445 15
0.09877371788024902 18
0.1060791015625 24
0.11540770530700684 27
0.12534284591674805 33
0.13471627235412598 39
0.14376068115234375 45
0.1526176929473877 50
0.16100502014160156 56
0.16929864883422852 62
0.17928290367126465 68
0.1875450611114502 76
0.19536828994750977 80
0.20363187789916992 88
0.21216273307800293 94
0.22078609466552734 100
0.23123955726623535 107
0.23992514610290527 115
0.2488548755645752 121
0.25612807273864746 128
0.2652151584625244 134
0.27463698387145996 142
0.28379368782043457 150
0.29201483726501465 156
0.30085301399230957 162
0.30934643745422363 169
0.3175945281982422 177
0.3326425552368164 188
0.341752290725708 196
0.3505885601043701 203
0.3590695858001709 210
0.3668839931488037 216
0.3759174346923828 224
0.3854827880859375 231
0.393782377243042 239
0.4021108150482178 246
0.4113898277282715 252
0.42000341415405273 260
0.4297940731048584 269
0.43982553482055664 277
0.4479701519012451 284
0.45578479766845703 290
0.4641399383544922 297
0.47310900688171387 304
0.4815840721130371 310
0.4909849166870117 318
0.5000190734863281 327
0.5107510089874268 335
0.5190045833587646 342
0.5277845859527588 350
0.5378849506378174 358
0.5461432933807373 365
0.554832935333252 371
0.5630626678466797 377
0.571382999420166 383
0.5806972980499268 387
0.5898933410644531 391
0.5989518165588379 394
0.6077752113342285 396
0.6155719757080078 397
0.6249599456787109 398
0.6332104206085205 398
0.6435279846191406 396
0.6517784595489502 394
0.6606795787811279 392
0.6689853668212891 390
0.6778934001922607 386
0.6857161521911621 382
0.6952319145202637 379
0.7035782337188721 374
0.7129151821136475 369
0.729651927947998 359
0.741072416305542 352
0.7494504451751709 347
0.7576730251312256 342
0.7654080390930176 340
0.7746171951293945 337
0.7841291427612305 334
0.7936365604400635 333
0.8018286228179932 332
0.8113124370574951 332
0.819572925567627 334
0.8293142318725586 335
0.8378832340240479 338
0.8502588272094727 342
0.8586881160736084 345
0.8659594058990479 349
0.8751556873321533 353
0.8833410739898682 357
0.8922374248504639 362
0.9009737968444824 367
0.9100253582000732 371
0.9186246395111084 374
0.9276313781738281 376
0.9354779720306396 378
0.9457757472991943 379
0.9541051387786865 379
0.9627776145935059 378
0.9716310501098633 376
0.9800620079040527 374
0.9885540008544922 372
0.9976933002471924 368
1.0058438777923584 365
1.0141303539276123 362
1.0233793258666992 357
1.031883955001831 354
1.0408449172973633 350
1.0511810779571533 348
1.0594792366027832 346
1.0676403045654297 345
1.0759568214416504 345
1.0847208499908447 346
1.0928840637207031 347
1.1020479202270508 349
1.1112744808197021 352
1.1203091144561768 355
1.138808250427246 363
1.1518914699554443 369
1.1634528636932373 373
1.1755626201629639 376
1.1876614093780518 377
1.2006378173828125 376
1.212137222290039 374
1.2210886478424072 373
1.230109691619873 370
1.239201545715332 367
1.2472968101501465 363
1.255784273147583 359
1.264237403869629 356
1.2732741832733154 352
1.2815332412719727 350
1.2899491786956787 348
1.297973394393921 347
1.307983636856079 346
1.3158626556396484 346
1.3260529041290283 348
1.3347103595733643 350
1.343590497970581 352
1.354895830154419 356
1.3630383014678955 359
1.3718500137329102 363
1.3806159496307373 366
1.3889873027801514 369
1.3963043689727783 371
1.4060914516448975 372
1.4147496223449707 372
1.4235987663269043 372
1.4318325519561768 372
1.441422700881958 370
1.4496920108795166 368
1.4595017433166504 364
1.4675967693328857 361
1.475860357284546 358
1.4841291904449463 355
1.4921844005584717 353
1.5009799003601074 351
1.5110502243041992 349
1.5192949771881104 349
1.5326259136199951 350
1.5418064594268799 352
1.5506477355957031 354
1.5606648921966553 356
1.5691752433776855 360
1.5769150257110596 362
1.5850400924682617 365
1.5932245254516602 368
1.6021156311035156 369
1.6116015911102295 370
1.620129108428955 370
1.6292517185211182 370
1.6379241943359375 368
1.6456878185272217 366
1.6539485454559326 364
1.6632215976715088 361
1.6718850135803223 357
1.6806795597076416 355
1.6888036727905273 353
1.6960835456848145 351
1.7055530548095703 350
1.7150676250457764 350
1.7241332530975342 351
1.7322731018066406 352
1.7415053844451904 354
1.7496528625488281 357
1.757761001586914 360
1.7679164409637451 363
1.7755794525146484 364
1.7838125228881836 367
1.7920467853546143 368
1.8012807369232178 368
1.8095593452453613 368
1.8189892768859863 368
1.8279213905334473 366
1.836308479309082 364
1.8450372219085693 362
1.8531630039215088 360
1.8646154403686523 356
1.8734664916992188 354
1.8816182613372803 352
1.8900432586669922 351
1.8982622623443604 351
1.9062941074371338 351
1.9157772064208984 352
1.929626226425171 355
1.9388091564178467 357
1.9460582733154297 360
1.954793930053711 362
1.9639391899108887 365
1.973449468612671 367
1.9818577766418457 368
1.9902684688568115 368
1.9987139701843262 367
2.0091240406036377 366
2.0188629627227783 364
2.027777671813965 361
2.0358924865722656 358
2.0445868968963623 356
2.052313804626465 354
2.0608716011047363 353
2.0712969303131104 352
2.0795578956604004 352
2.087717294692993 353
2.095557928085327 354
2.10476016998291 356
2.112856388092041 358
2.122072219848633 361
2.131165027618408 364
2.1401779651641846 365
2.1486687660217285 366
2.1560237407684326 367
2.165412664413452 367
2.175318717956543 366
2.1834499835968018 364
2.1916096210479736 362
2.200295925140381 360
2.2086715698242188 358
2.215898275375366 356
2.2262063026428223 354
2.235482692718506 352
2.2437591552734375 352
2.252009630203247 352
2.260695219039917 353
2.2702088356018066 354
2.2792880535125732 356
2.2873759269714355 359
2.2951292991638184 361
2.303818702697754 363
2.312039852142334 365
2.321589708328247 366
2.3379697799682617 366
2.345852851867676 365
2.354649782180786 364
2.3628833293914795 362
2.3726189136505127 360
2.3828303813934326 358
2.39109206199646 356
2.3996803760528564 354
2.407761573791504 353
2.415435552597046 353
2.425638198852539 354
2.4346625804901123 354
2.444758653640747 356
2.4532814025878906 358
2.461580991744995 360
2.470857620239258 363
2.4808743000030518 365
2.4890549182891846 366
2.497406244277954 366
2.5051090717315674 366
2.513237237930298 365
2.5215303897857666 363
2.532154083251953 362
2.5407373905181885 360
2.5489559173583984 357
2.5561909675598145 356
2.5652740001678467 354
2.5746090412139893 353
2.582878351211548 353
2.591089963912964 354
2.6000313758850098 355
2.6079516410827637 356
2.6157917976379395 358
2.6260180473327637 360
2.6352639198303223 362
2.643599271774292 364
2.6517446041107178 366
2.6600887775421143 366
2.668926239013672 366
2.6778533458709717 365
2.686042070388794 364
2.713083267211914 358
2.7556843757629395 344
2.7674012184143066 342
2.7753779888153076 341
2.78379225730896 340
2.7932605743408203 340
2.8021421432495117 342
2.811800479888916 344
2.8215181827545166 346
2.8313679695129395 349
2.840871572494507 353
2.8490047454833984 357
2.8561928272247314 361
2.8654375076293945 364
2.8738112449645996 368
2.8821418285369873 371
2.892019033432007 373
2.9215145111083984 373
2.9315853118896484 372
2.941234588623047 369
2.9505434036254883 366
2.959109306335449 363
2.9677083492279053 359
2.9753830432891846 356
2.983548641204834 353
3.0194597244262695 348
3.0528955459594727 353
3.0732297897338867 361
3.096083402633667 371
3.1047425270080566 374
3.112978935241699 376
3.121412515640259 378
3.1358156204223633 379
3.1487910747528076 378
3.1560800075531006 377
3.1655142307281494 376
3.173776626586914 373
3.1821115016937256 370
3.1907427310943604 367
3.2017478942871094 362
3.224240779876709 350
3.255793333053589 338
3.2757208347320557 336
3.28780198097229 335
3.301710367202759 337
3.3132338523864746 339
3.32578444480896 343
3.3369085788726807 346
3.345083236694336 350
3.3540868759155273 355
3.3628530502319336 359
3.3710944652557373 363
3.3792457580566406 367
3.3874130249023438 371
3.3960015773773193 374
3.4055209159851074 376
3.4137911796569824 377
3.422581672668457 377
3.4327611923217773 377
3.441086769104004 376
3.4509143829345703 374
3.4599099159240723 372
3.4681873321533203 370
3.47579026222229 366
3.484260082244873 363
3.4993784427642822 356
3.5087876319885254 352
3.516152858734131 350
3.5274178981781006 346
3.5400984287261963 344
3.548722505569458 344
3.558706521987915 344
3.5660252571105957 345
3.5755393505096436 347
3.585023880004883 350
3.5937976837158203 353
3.6036651134490967 357
3.6118404865264893 360
3.62023663520813 364
3.6295864582061768 368
3.6378138065338135 370
3.6455979347229004 371
3.6551589965820312 372
3.663933038711548 373
3.672055244445801 372
3.6807291507720947 371
3.688993453979492 369
3.697672128677368 367
3.7062578201293945 364
3.7148492336273193 361
3.7238340377807617 357
3.732034206390381 354
3.7406704425811768 352
3.748976945877075 350
3.7588889598846436 348
3.7661869525909424 347
3.774834394454956 347
3.783247470855713 348
3.792057991027832 349
3.800753116607666 351
3.8099472522735596 354
3.817934036254883 357
3.8276402950286865 361
3.835343599319458 363
3.845074415206909 366
3.8534417152404785 368
3.8633511066436768 370
3.8715696334838867 370
3.880002737045288 370
3.888302803039551 369
3.8968217372894287 368
3.90515398979187 366
3.9145936965942383 363
3.9240710735321045 360
3.9375505447387695 355
3.945356607437134 353
3.9537811279296875 351
3.964266538619995 349
3.972581386566162 349
3.9809529781341553 350
3.9900152683258057 351
3.9988372325897217 352
4.006046772003174 354
4.015936613082886 358
4.025937080383301 361
4.0345025062561035 364
4.042643070220947 366
4.051110506057739 368
4.061234951019287 369
4.069579124450684 369
4.077787637710571 368
4.085756778717041 367
4.094822406768799 365
4.10291051864624 363
4.113229751586914 360
4.1214470863342285 357
4.131109714508057 354
4.139411211013794 352
4.1476593017578125 351
4.156090259552002 350
4.165695667266846 350
4.174234867095947 351
4.182265043258667 353
4.1912524700164795 355
4.199591398239136 358
4.207702398300171 360
4.2161335945129395 363
4.226106405258179 366
4.23478627204895 367
4.243029832839966 368
4.251363277435303 368
4.260607957839966 367
4.26983118057251 366
4.277886152267456 364
4.285579442977905 362
4.294733047485352 359
4.303095579147339 357
4.311304807662964 354
4.321974754333496 352
4.331748008728027 351
4.345088720321655 351
4.356269598007202 352
4.36571192741394 354
4.3740363121032715 357
4.382237434387207 359
4.3911452293396 362
4.399446487426758 364
4.407556533813477 366
4.417384147644043 367
4.427634239196777 367
4.436864852905273 366
4.446232557296753 365
4.456042528152466 362
4.464928865432739 360
4.475146770477295 357
4.483309268951416 355
4.491800308227539 353
4.500308990478516 352
4.508796691894531 352
4.516120672225952 352
4.527520179748535 354
4.535209655761719 354
4.543385744094849 356
4.55154013633728 358
4.56073522567749 361
4.569681644439697 364
4.578976631164551 365
4.588268756866455 366
4.596259593963623 365
4.6047961711883545 364
4.612897157669067 363
4.6237547397613525 360
4.632654905319214 358
4.64098858833313 356
4.649092435836792 355
4.658944129943848 353
4.667459726333618 352
4.676092863082886 353
4.684829235076904 354
4.693774461746216 355
4.701919794082642 357
4.710285902023315 359
4.719121217727661 361
4.729964017868042 364
4.742890119552612 365
4.752007722854614 366
4.760833978652954 366
4.76909875869751 365
4.778257131576538 363
4.78680944442749 361
4.794923543930054 359
4.821186542510986 352
4.843032121658325 351
4.851979494094849 351
4.8616719245910645 352
4.870248317718506 353
4.87953519821167 356
4.888556003570557 358
4.895830154418945 360
4.904123783111572 362
4.91217303276062 364
4.921365022659302 366
4.93170690536499 367
4.940829515457153 366
4.949229001998901 366
4.95785665512085 364
4.965567111968994 362
4.973780632019043 360
4.983307361602783 356
4.991988182067871 354
