0 0
0.031302452087402344 0
0.0509495735168457 0
0.07621264457702637 3
0.0954580307006836 10
0.11609697341918945 18
0.13596653938293457 28
0.14643502235412598 34
0.1548316478729248 40
0.16423845291137695 45
0.17276358604431152 50
0.18125414848327637 57
0.19223999977111816 64
0.2006545066833496 70
0.2089521884918213 77
0.21700406074523926 83
0.22637081146240234 89
0.23479723930358887 96
0.24437618255615234 102
0.2527914047241211 109
0.26225924491882324 116
0.27097487449645996 124
0.27988386154174805 130
0.28891825675964355 138
0.29909563064575195 146
0.3070201873779297 153
0.3156139850616455 159
0.3249034881591797 167
0.33339881896972656 174
0.3423786163330078 182
0.35202741622924805 188
0.36113834381103516 196
0.3696281909942627 203
0.37728118896484375 210
0.3875601291656494 218
0.3989222049713135 227
0.40708184242248535 234
0.41547560691833496 240
0.42491793632507324 248
0.4331936836242676 254
0.44270920753479004 259
0.4534757137298584 267
0.4635744094848633 273
0.4770689010620117 282
0.4868159294128418 288
0.49695444107055664 294
0.5053932666778564 298
0.5139844417572021 300
0.5232388973236084 304
0.5319931507110596 308
0.540424108505249 311
0.549938440322876 315
0.5586633682250977 317
0.5664997100830078 320
0.5748183727264404 323
0.583514928817749 326
0.5930676460266113 328
0.602780818939209 330
0.6111738681793213 331
0.6198654174804688 332
0.628242015838623 334
0.6364316940307617 336
0.6454441547393799 338
0.6555867195129395 340
0.6636579036712646 340
0.6724073886871338 341
0.6807601451873779 342
0.6904709339141846 343
0.6986508369445801 344
0.7074999809265137 346
0.7161400318145752 347
0.7254695892333984 348
0.7339868545532227 348
0.7425825595855713 348
0.7521748542785645 348
0.761293888092041 350
0.769582986831665 351
0.7772016525268555 352
0.7921504974365234 352
0.8004932403564453 351
0.810645580291748 351
0.8188157081604004 352
0.8273615837097168 353
0.8360815048217773 354
0.8444726467132568 354
0.854428768157959 354
0.8628723621368408 354
0.8750271797180176 355
0.8840951919555664 356
0.89436936378479 357
0.9029393196105957 357
0.9124202728271484 356
0.9214403629302979 355
0.9300217628479004 355
0.9373250007629395 356
0.9462153911590576 356
0.9562976360321045 357
0.9659929275512695 357
0.9743466377258301 357
0.9826138019561768 357
0.9927372932434082 357
1.0013067722320557 357
1.0112855434417725 358
1.0203657150268555 358
1.028728723526001 358
1.0366437435150146 358
1.0449132919311523 357
1.054445743560791 357
1.0636622905731201 358
1.0728769302368164 358
1.081458330154419 359
1.091296911239624 359
1.0993187427520752 359
1.1087849140167236 359
1.1170928478240967 359
1.126370906829834 359
1.1346194744110107 359
1.14284086227417 359
1.1511616706848145 359
1.1612358093261719 360
1.1692595481872559 359
1.1771659851074219 359
1.1871252059936523 359
1.1954798698425293 359
1.20389986038208 360
1.2132174968719482 360
1.2226967811584473 360
1.230968952178955 359
1.2398717403411865 359
1.2472138404846191 359
1.2564334869384766 359
1.2660307884216309 360
1.2789249420166016 359
1.2876269817352295 358
1.2965352535247803 358
1.305070400238037 358
1.3145203590393066 358
1.3233485221862793 359
1.3320348262786865 360
1.340498447418213 359
1.3488259315490723 359
1.357189655303955 359
1.3668768405914307 359
1.3751335144042969 360
1.3852858543395996 360
1.3933944702148438 359
1.4021871089935303 359
1.4105839729309082 358
1.422292709350586 360
1.4335286617279053 361
1.4453308582305908 361
1.4572973251342773 360
1.4713454246520996 358
1.4853191375732422 358
1.4964427947998047 359
1.5089333057403564 360
1.523212194442749 360
1.5319221019744873 360
1.5403146743774414 359
1.5482597351074219 358
1.5569181442260742 358
1.5663971900939941 358
1.5746803283691406 359
1.5842065811157227 360
1.5932064056396484 360
1.6020522117614746 359
1.6106576919555664 358
1.6207334995269775 357
1.6290957927703857 356
1.6370623111724854 357
1.6459271907806396 358
1.6548736095428467 358
1.6632614135742188 358
1.6770942211151123 358
1.6871891021728516 358
1.696000337600708 358
1.7043461799621582 358
1.7126216888427734 358
1.7231175899505615 359
1.7328107357025146 360
1.7413358688354492 360
1.7501494884490967 359
1.757539987564087 358
1.7663521766662598 358
1.7759268283843994 358
1.7886638641357422 359
1.7971904277801514 360
1.8059287071228027 360
1.8141295909881592 359
1.8242392539978027 358
1.8330795764923096 358
1.8425343036651611 358
1.851613998413086 358
1.8600666522979736 359
1.8674907684326172 360
1.877120018005371 360
1.88706374168396 358
1.8954763412475586 358
1.9061822891235352 358
1.915421724319458 358
1.9247984886169434 359
1.9335765838623047 360
1.9423713684082031 360
1.9513278007507324 359
1.9600353240966797 358
1.9674594402313232 357
1.9770030975341797 358
1.987123966217041 359
1.9958441257476807 359
2.0041327476501465 360
2.0124707221984863 359
2.0239152908325195 358
2.0325684547424316 358
2.041508197784424 358
2.0506021976470947 359
2.0589473247528076 360
2.066904306411743 360
2.0821115970611572 358
2.0913589000701904 357
2.1000332832336426 356
2.107431173324585 356
2.116886854171753 357
2.1265015602111816 358
2.1351876258850098 358
2.144636631011963 357
2.15352201461792 357
2.1622490882873535 358
2.170642137527466 358
2.1804518699645996 358
2.1895787715911865 358
2.197139024734497 358
2.2059760093688965 359
2.2150626182556152 359
2.223449468612671 359
2.233114719390869 358
2.242144823074341 358
2.250795364379883 358
2.2590532302856445 358
2.26731276512146 358
2.276801586151123 359
2.286702871322632 359
2.2951090335845947 358
2.303413152694702 358
2.312636613845825 358
2.321261405944824 358
2.3306221961975098 358
2.338808059692383 359
2.348241090774536 359
2.356433629989624 359
2.364682197570801 359
2.3729286193847656 359
2.3828976154327393 359
2.392784357070923 359
2.4010329246520996 359
2.4092400074005127 359
2.419297695159912 359
2.4271860122680664 359
2.4364635944366455 359
2.4460794925689697 359
2.4542479515075684 359
2.462608814239502 359
2.4708378314971924 359
2.4858999252319336 359
2.4942193031311035 359
2.5027968883514404 359
2.5120038986206055 359
2.5201988220214844 359
2.5274362564086914 359
2.5369319915771484 359
2.54606294631958 359
2.554901599884033 359
2.5632481575012207 359
2.571890115737915 359
2.5807487964630127 359
2.590846061706543 359
2.599074363708496 359
2.6068217754364014 359
2.6159989833831787 359
2.6244938373565674 359
2.633449077606201 359
2.642045259475708 359
2.6513607501983643 359
2.659555673599243 359
2.6671202182769775 359
2.675395965576172 359
2.68685245513916 359
2.695034980773926 359
2.7032272815704346 359
2.7123775482177734 359
2.720615863800049 359
2.7287333011627197 359
2.7373359203338623 359
2.7467799186706543 359
2.7550342082977295 359
2.763254404067993 359
2.771923065185547 359
2.780789852142334 359
2.790518045425415 359
2.798696279525757 359
2.806617021560669 359
2.815453290939331 359
2.8235857486724854 359
2.8321948051452637 359
2.841430425643921 359
2.8504812717437744 359
2.8591904640197754 359
2.867133855819702 359
2.8807103633880615 359
2.890991449356079 359
2.8991951942443848 359
2.907083749771118 359
2.9161694049835205 359
2.9263172149658203 359
2.934894323348999 359
2.9449570178985596 359
2.953137159347534 359
2.961554765701294 359
2.969937324523926 359
2.9782323837280273 359
2.9888055324554443 359
2.9965596199035645 359
3.0047848224639893 359
3.0134379863739014 359
3.0221850872039795 359
3.030410051345825 359
3.039217710494995 359
3.0475997924804688 359
3.056169033050537 359
3.0649232864379883 359
3.0732572078704834 359
3.0824825763702393 359
3.092730760574341 359
3.1012442111968994 359
3.1100270748138428 359
3.117304563522339 359
3.1259102821350098 359
3.133992910385132 359
3.143484592437744 359
3.152041435241699 359
3.160881996154785 359
3.1690571308135986 359
3.17718505859375 359
3.186443567276001 359
3.1955840587615967 359
3.2039923667907715 359
3.2130050659179688 359
3.221519947052002 359
3.229938268661499 359
3.237217664718628 359
3.2471795082092285 359
3.2555863857269287 359
3.2635791301727295 359
3.272165298461914 359
3.2861380577087402 359
3.295442819595337 359
3.3039355278015137 359
3.3130130767822266 359
3.321385145187378 359
3.3299596309661865 359
3.3372302055358887 359
3.3470828533172607 359
3.3554015159606934 359
3.3707635402679443 359
3.3800599575042725 359
3.38932728767395 359
3.398725986480713 359
3.407252073287964 359
3.4159364700317383 359
3.4241178035736084 359
3.433413028717041 359
3.4426114559173584 359
3.452113151550293 359
3.4604978561401367 359
3.469240188598633 359
3.4776010513305664 359
3.4869892597198486 359
3.4953114986419678 359
3.5073189735412598 359
3.5192019939422607 359
3.5305697917938232 359
3.5423808097839355 359
3.554715871810913 359
3.56618070602417 359
3.5776078701019287 359
3.588794469833374 359
3.5967774391174316 359
3.6068778038024902 359
3.615165948867798 359
3.6234395503997803 359
3.632098913192749 359
3.640803098678589 359
3.6501684188842773 359
3.6574769020080566 359
3.666114091873169 359
3.680152416229248 359
3.6890857219696045 359
3.6970062255859375 359
3.707272529602051 359
3.7159950733184814 359
3.7243692874908447 359
3.7326788902282715 359
3.741570472717285 359
3.7500274181365967 359
3.7591159343719482 359
3.7670767307281494 359
3.7767863273620605 359
3.793391704559326 359
3.803469657897949 359
3.8126113414764404 359
3.821362257003784 359
3.829646110534668 359
3.8386852741241455 359
3.849247932434082 359
3.8587939739227295 359
3.866569757461548 359
3.875591516494751 359
3.885606288909912 359
3.8936243057250977 359
3.9046926498413086 359
3.912982940673828 359
3.9213783740997314 359
3.9298717975616455 359
3.9387309551239014 359
3.9467012882232666 359
3.956082344055176 359
3.964244842529297 359
3.9728806018829346 359
3.982119560241699 359
3.9912781715393066 359
3.999907970428467 359
4.010068416595459 359
4.017378330230713 359
4.026052951812744 359
4.034224033355713 359
4.04301381111145 359
4.05152153968811 359
4.060978174209595 359
4.070137977600098 359
4.082540512084961 359
4.0919249057769775 359
4.100261688232422 359
4.110597848892212 359
4.118774652481079 359
4.1267313957214355 359
4.135004043579102 359
4.143645763397217 359
4.152245044708252 359
4.161510944366455 359
4.170344829559326 359
4.177620887756348 359
4.18743896484375 359
4.196142196655273 359
4.2049031257629395 359
4.214362859725952 359
4.2226386070251465 359
4.230964422225952 359
4.240371465682983 359
4.2481608390808105 359
4.256374359130859 359
4.265613079071045 359
4.27436089515686 359
4.282677888870239 359
4.292352914810181 359
4.3007731437683105 359
4.3099260330200195 359
4.318911790847778 359
4.32672905921936 359
4.3356122970581055 359
4.343964099884033 359
4.352412223815918 359
4.361979246139526 359
4.370931386947632 359
4.379172325134277 359
4.389047145843506 359
4.39683723449707 359
4.406074285507202 359
4.417313814163208 359
4.426140069961548 359
4.434771776199341 359
4.442998647689819 359
4.451467990875244 359
4.459994316101074 359
4.470197439193726 359
4.482449293136597 359
4.491494417190552 359
4.500637531280518 359
4.508813381195068 359
4.517490863800049 359
4.526137828826904 359
4.535072565078735 359
4.5434465408325195 359
4.552060127258301 359
4.56032919883728 359
4.57042384147644 359
4.578212022781372 359
4.58708930015564 359
4.595381259918213 359
4.604372024536133 359
4.612644195556641 359
4.622129678726196 359
4.630512475967407 359
4.639540672302246 359
4.647143602371216 359
4.655481338500977 359
4.664124965667725 359
4.674325227737427 359
4.6825783252716064 359
4.692018270492554 359
4.701555013656616 359
4.710055112838745 359
4.71908164024353 359
4.7270166873931885 359
4.736173152923584 359
4.744393348693848 359
4.752695798873901 359
4.761267185211182 359
4.771280765533447 359
4.779891490936279 359
4.789320468902588 359
4.79711389541626 359
4.806097745895386 359
4.814369440078735 359
4.8233888149261475 359
4.8325231075286865 359
4.8409388065338135 359
4.849168300628662 359
4.856980562210083 359
4.86671257019043 359
4.87616753578186 359
4.890106678009033 359
4.8974432945251465 359
4.906756162643433 359
4.915156841278076 359
4.926384449005127 359
4.936365604400635 359
4.944709539413452 359
4.952966928482056 359
4.961520671844482 359
4.970437526702881 359
4.97986626625061 359
4.988697052001953 359
4.996485233306885 359
