0 0
0.013701438903808594 0
0.03803253173828125 0
0.056314706802368164 3
0.07369804382324219 6
0.09049654006958008 13
0.09943723678588867 16
0.10845375061035156 19
0.11725616455078125 21
0.1258714199066162 23
0.13528227806091309 25
0.14466023445129395 27
0.15718674659729004 31
0.16579198837280273 33
0.1754012107849121 34
0.18479037284851074 35
0.1942434310913086 37
0.20363068580627441 38
0.21147632598876953 40
0.2197268009185791 42
0.22805285453796387 44
0.23682260513305664 44
0.24635076522827148 45
0.25519299507141113 47
0.26357316970825195 49
0.2725224494934082 52
0.28087759017944336 53
0.29143524169921875 54
0.30040931701660156 55
0.3088974952697754 57
0.31752562522888184 59
0.3260233402252197 60
0.3352513313293457 61
0.3444662094116211 64
0.35318684577941895 65
0.360581636428833 67
0.37018609046936035 67
0.3841238021850586 70
0.3939502239227295 71
0.4028961658477783 75
0.4105813503265381 77
0.41941046714782715 78
0.427731990814209 79
0.43651700019836426 80
0.44620323181152344 82
0.4548625946044922 84
0.4634394645690918 85
0.4723622798919678 87
0.4820408821105957 88
0.4904320240020752 89
0.500683069229126 91
0.5094377994537354 93
0.5178556442260742 95
0.526151180267334 96
0.5362293720245361 97
0.5459444522857666 97
0.5592043399810791 97
0.5682251453399658 98
0.5768654346466064 100
0.586167573928833 102
0.596426248550415 105
0.6057307720184326 106
0.6140470504760742 107
0.6223795413970947 108
0.6302177906036377 109
0.6394000053405762 111
0.6489009857177734 113
0.6600160598754883 115
0.672337532043457 117
0.6848242282867432 117
0.696211576461792 119
0.7093789577484131 121
0.7207236289978027 123
0.7339925765991211 125
0.7452161312103271 126
0.755486249923706 127
0.7646169662475586 129
0.773313045501709 129
0.7822539806365967 131
0.7900543212890625 131
0.8008062839508057 133
0.8095464706420898 135
0.8179588317871094 136
0.8263914585113525 137
0.8360531330108643 138
0.8443191051483154 138
0.8543202877044678 139
0.8625297546386719 141
0.8707523345947266 143
0.8803482055664062 145
0.8888845443725586 145
0.8983409404754639 145
0.9084060192108154 145
0.9166913032531738 147
0.925478458404541 148
0.9344322681427002 150
0.942582368850708 150
0.9563877582550049 151
0.9659204483032227 152
0.9746227264404297 154
0.9847736358642578 156
0.9933631420135498 157
1.0033769607543945 157
1.0107448101043701 158
1.019648551940918 159
1.028059959411621 161
1.0368824005126953 162
1.0467393398284912 163
1.0572752952575684 165
1.0661365985870361 165
1.0748012065887451 165
1.0842065811157227 166
1.0925040245056152 168
1.1014854907989502 169
1.110616683959961 171
1.1193439960479736 171
1.1284363269805908 171
1.136869192123413 171
1.145508050918579 173
1.1538670063018799 174
1.1635949611663818 175
1.1709420680999756 176
1.1802573204040527 177
1.1886403560638428 178
1.1980211734771729 179
1.2074081897735596 179
1.2159781455993652 179
1.2246265411376953 181
1.2337841987609863 182
1.242051124572754 183
1.2499570846557617 184
1.259728193283081 185
1.268846035003662 185
1.2781999111175537 186
1.2864658832550049 187
1.2959001064300537 188
1.3042349815368652 189
1.314434289932251 189
1.3229353427886963 190
1.3314967155456543 191
1.3397209644317627 191
1.3482091426849365 192
1.3638367652893066 194
1.3721423149108887 195
1.3820147514343262 196
1.3900394439697266 196
1.3992297649383545 197
1.4076817035675049 197
1.4175055027008057 198
1.426084280014038 200
1.4355788230895996 201
1.4438471794128418 201
1.452052354812622 202
1.4619834423065186 202
1.4699187278747559 202
1.4793975353240967 203
1.4879589080810547 205
1.4968070983886719 207
1.5055830478668213 208
1.5156009197235107 208
1.5240495204925537 208
1.5334444046020508 208
1.540823221206665 208
1.549562931060791 209
1.5597038269042969 212
1.5693025588989258 213
1.578545331954956 214
1.586751937866211 214
1.5961151123046875 214
1.6046912670135498 214
1.6141571998596191 215
1.6224768161773682 215
1.6307594776153564 217
1.6394932270050049 217
1.6479473114013672 217
1.656261920928955 218
1.666409969329834 219
1.6753020286560059 220
1.6845195293426514 221
1.6934542655944824 221
1.700831413269043 221
1.7096025943756104 222
1.7191717624664307 224
1.728179931640625 225
1.7365975379943848 226
1.7454578876495361 226
1.75913405418396 225
1.7685561180114746 224
1.7776083946228027 225
1.786731243133545 226
1.7960669994354248 227
1.8045427799224854 228
1.813155174255371 228
1.8223552703857422 229
1.8307950496673584 230
1.839484453201294 231
1.8477599620819092 231
1.8563284873962402 231
1.8655030727386475 231
1.8752517700195312 231
1.8842413425445557 231
1.8936967849731445 233
1.90205979347229 235
1.910017967224121 236
1.9197916984558105 237
1.9289000034332275 237
1.9372272491455078 237
1.9456639289855957 238
1.9539854526519775 239
1.9633219242095947 241
1.9723162651062012 241
1.9828212261199951 241
1.9919178485870361 241
1.9998135566711426 241
2.0099782943725586 242
2.019596576690674 245
2.028425455093384 246
2.0368409156799316 247
2.045535087585449 247
2.053846597671509 246
2.0638632774353027 245
2.074838638305664 246
2.0842514038085938 248
2.093724012374878 249
2.1019201278686523 249
2.1098456382751465 249
2.118145227432251 249
2.128110408782959 249
2.136460304260254 250
2.145313262939453 252
2.1588523387908936 253
2.1674673557281494 253
2.1768903732299805 253
2.1862943172454834 253
2.1954197883605957 253
2.2037150859832764 254
2.211932420730591 255
2.220050573348999 256
2.2298965454101562 257
2.238302707672119 256
2.246629238128662 256
2.2558324337005615 255
2.2642829418182373 255
2.2725181579589844 256
2.283365488052368 257
2.2922308444976807 258
2.300774097442627 258
2.3094615936279297 258
2.318692684173584 257
2.3284037113189697 257
2.337674617767334 258
2.346139669418335 260
2.3553054332733154 261
2.363764524459839 261
2.371941328048706 261
2.3822262287139893 261
2.3905725479125977 262
2.399458408355713 263
2.4078290462493896 263
2.416149854660034 263
2.425288200378418 263
2.434537887573242 264
2.4431521892547607 265
2.4506442546844482 265
2.4601247310638428 265
2.468336582183838 265
2.4779245853424072 265
2.486787796020508 266
2.496039390563965 267
2.504581928253174 269
2.51336669921875 269
2.522340774536133 267
2.532026529312134 267
2.5402119159698486 267
2.549384117126465 269
2.5638999938964844 269
2.5721426010131836 269
2.5841634273529053 268
2.593440294265747 269
2.600778102874756 269
2.609452486038208 269
2.617840528488159 270
2.6268041133880615 271
2.6364071369171143 270
2.645266532897949 269
2.6574440002441406 270
2.6693108081817627 272
2.6783204078674316 273
2.6888842582702637 273
2.6974751949310303 273
2.7060165405273438 272
2.7142910957336426 272
2.7234277725219727 273
2.7325522899627686 274
2.7447242736816406 274
2.756716251373291 273
2.76837158203125 273
2.7805442810058594 273
2.7948083877563477 274
2.8063809871673584 276
2.816880226135254 277
2.826172113418579 277
2.8360190391540527 276
2.8453238010406494 275
2.853961706161499 275
2.86214542388916 275
2.869935989379883 275
2.879697799682617 277
2.889723539352417 277
2.8980493545532227 277
2.906364917755127 276
2.9153056144714355 275
2.9241995811462402 276
2.932429552078247 277
2.9421679973602295 278
2.9501113891601562 279
2.9634854793548584 279
2.9708008766174316 278
2.9825358390808105 277
2.9934072494506836 277
3.0008251667022705 278
3.009598970413208 279
3.0183703899383545 279
3.026639938354492 279
3.0375332832336426 279
3.046786069869995 279
3.0562329292297363 280
3.0648481845855713 281
3.0734522342681885 281
3.082515001296997 280
3.0934252738952637 279
3.102548122406006 280
3.110410690307617 281
3.1198511123657227 281
3.1281790733337402 281
3.1364240646362305 281
3.1459579467773438 281
3.1553268432617188 281
3.1636266708374023 281
3.1709330081939697 282
3.180630922317505 283
3.1906750202178955 283
3.1993908882141113 283
3.207720994949341 282
3.2161595821380615 282
3.225454568862915 282
3.2339518070220947 283
3.2433252334594727 283
3.25250506401062 284
3.260432481765747 284
3.269212245941162 284
3.277663230895996 284
3.2869465351104736 284
3.2967331409454346 284
3.305511713027954 284
3.3137476444244385 285
3.3232059478759766 285
3.3305773735046387 285
3.3392226696014404 285
3.3483059406280518 285
3.360227346420288 285
3.37040638923645 286
3.387648105621338 285
3.4067001342773438 283
3.438174247741699 287
3.4619948863983154 290
3.4794585704803467 290
3.4996469020843506 287
3.518444538116455 288
3.5381805896759033 291
3.5566906929016113 293
3.5744550228118896 291
3.5939791202545166 288
3.615725040435791 285
3.6308300495147705 286
3.6537835597991943 291
3.6752586364746094 294
3.696141481399536 293
3.70588755607605 292
3.715641498565674 290
3.7241551876068115 290
3.7324204444885254 290
3.7403531074523926 291
3.7503793239593506 291
3.763490915298462 290
3.7709357738494873 290
3.7822301387786865 290
3.7902259826660156 290
3.799799680709839 291
3.8081812858581543 291
3.8169238567352295 290
3.8259410858154297 289
3.8346290588378906 289
3.842941999435425 290
3.8533575534820557 291
3.8607022762298584 292
3.869507074356079 292
3.878662109375 291
3.887983560562134 291
3.8964009284973145 290
3.906237840652466 290
3.9155898094177246 291
3.92391037940979 291
3.9321069717407227 291
3.9400651454925537 291
3.949418306350708 291
3.9587409496307373 291
3.9669249057769775 291
3.975564479827881 291
3.9861631393432617 291
3.9946417808532715 291
4.00463342666626 291
4.0154619216918945 291
4.023772478103638 291
4.031962871551514 291
4.039863348007202 291
4.049330711364746 291
4.058415174484253 291
4.066625118255615 291
4.07600998878479 291
4.086029767990112 291
4.094309329986572 291
4.102546453475952 291
4.112391710281372 291
4.120233058929443 291
4.128586292266846 291
4.136843919754028 291
4.145966053009033 291
4.155443906784058 291
4.167483329772949 291
4.176074266433716 291
4.185558795928955 291
4.193943023681641 291
4.202096462249756 291
4.211962461471558 291
4.219942808151245 291
4.228256940841675 291
4.2364819049835205 291
4.245865821838379 291
4.254285573959351 291
4.263813018798828 291
4.272012948989868 291
4.280390024185181 291
4.288764476776123 291
4.2969276905059814 291
4.305597305297852 290
4.316099643707275 290
4.324671030044556 290
4.333317518234253 291
4.340743780136108 291
4.35020112991333 291
4.359752893447876 290
4.368054151535034 289
4.378077745437622 290
4.386466979980469 290
4.395275354385376 291
4.4035820960998535 290
4.413922071456909 289
4.42224383354187 289
4.430089950561523 289
4.438729524612427 290
4.447629451751709 291
4.4559783935546875 290
4.465471267700195 290
4.474020004272461 289
4.48413348197937 289
4.49350905418396 289
4.50079607963562 289
4.510613918304443 289
4.5204176902771 288
4.5292418003082275 288
4.537542819976807 287
4.546405792236328 288
4.555297136306763 288
4.568377256393433 287
4.57860255241394 287
4.587764501571655 288
4.597273111343384 288
4.605906009674072 288
4.615959167480469 287
4.624290943145752 286
4.632879972457886 286
4.640516996383667 286
4.64958930015564 287
4.658884048461914 287
4.668286323547363 286
4.678577899932861 285
4.686840772628784 285
4.695560932159424 285
4.70381236076355 286
4.713166952133179 286
4.722291469573975 286
4.73013710975647 285
4.739339590072632 284
4.747950315475464 284
4.756318092346191 284
4.7658209800720215 285
4.774889945983887 285
4.784087657928467 284
4.7925050258636475 283
4.800541162490845 283
4.809806823730469 283
4.822456121444702 283
4.834136486053467 283
4.846288442611694 282
4.858405828475952 281
4.871559381484985 281
4.884919881820679 283
4.896447420120239 284
4.905397891998291 285
4.914244174957275 284
4.92392635345459 283
4.9322826862335205 282
4.940882205963135 283
4.950461387634277 283
4.960461616516113 284
4.9761061668396 283
4.986350059509277 282
4.99542236328125 281
