0 0
0.01491403579711914 0
0.03159523010253906 0
0.05468344688415527 3
0.07436943054199219 9
0.09054994583129883 16
0.10703420639038086 24
0.12369966506958008 36
0.13670778274536133 42
0.14530563354492188 47
0.15385961532592773 54
0.1625804901123047 59
0.17249035835266113 67
0.18159699440002441 73
0.18952274322509766 79
0.19829964637756348 85
0.2070608139038086 91
0.21547722816467285 99
0.22446727752685547 105
0.2345292568206787 113
0.2435147762298584 121
0.2519650459289551 127
0.2596256732940674 133
0.2738461494445801 145
0.2833895683288574 153
0.29230666160583496 159
0.3011512756347656 167
0.3090977668762207 172
0.31751251220703125 180
0.3258662223815918 187
0.33650827407836914 195
0.34517979621887207 201
0.35376739501953125 209
0.3624591827392578 216
0.3724212646484375 224
0.37983036041259766 230
0.3895986080169678 237
0.398406982421875 243
0.4077792167663574 249
0.4165232181549072 255
0.4250917434692383 261
0.4352736473083496 268
0.44474101066589355 273
0.45484352111816406 278
0.46750664710998535 285
0.4757728576660156 289
0.4851970672607422 293
0.49376606941223145 297
0.5030381679534912 299
0.5114166736602783 303
0.5192673206329346 305
0.5278148651123047 308
0.5378556251525879 311
0.5469987392425537 314
0.55545973777771 317
0.5639371871948242 319
0.5743517875671387 322
0.5829150676727295 323
0.5939288139343262 325
0.6031692028045654 326
0.6115667819976807 328
0.6194272041320801 330
0.6279842853546143 332
0.6382908821105957 333
0.6492347717285156 335
0.662451982498169 339
0.6826040744781494 342
0.6951184272766113 341
0.7082326412200928 340
0.7196683883666992 340
0.7325642108917236 341
0.7432496547698975 343
0.7524814605712891 345
0.7599337100982666 346
0.7710108757019043 347
0.7789580821990967 347
0.7873706817626953 347
0.7979640960693359 348
0.8065042495727539 350
0.8148593902587891 351
0.8233273029327393 352
0.832359790802002 352
0.8413510322570801 351
0.849268913269043 351
0.8576755523681641 351
0.8674426078796387 352
0.8757197856903076 354
0.8847634792327881 355
0.8939485549926758 356
0.9030933380126953 356
0.9113016128540039 355
0.9192934036254883 355
0.9279537200927734 354
0.9370460510253906 355
0.9467792510986328 356
0.9557089805603027 357
0.9665489196777344 357
0.9755306243896484 355
0.9843766689300537 355
0.9935221672058105 355
1.0027246475219727 355
1.01051926612854 355
1.0188019275665283 356
1.0272810459136963 358
1.0366168022155762 359
1.046006441116333 359
1.0549635887145996 357
1.0649676322937012 357
1.077657699584961 357
1.0859241485595703 358
1.0965046882629395 359
1.1049890518188477 360
1.113523244857788 360
1.1216237545013428 359
1.13126540184021 359
1.139087200164795 359
1.1485340595245361 359
1.1567232608795166 359
1.1660230159759521 359
1.1751790046691895 359
1.183753490447998 359
1.1922557353973389 360
1.202531099319458 360
1.2098047733306885 360
1.2185986042022705 359
1.2268776893615723 359
1.2355237007141113 359
1.244478702545166 359
1.254267692565918 359
1.2636759281158447 359
1.2727153301239014 359
1.2800192832946777 359
1.2886943817138672 359
1.2987556457519531 360
1.3074333667755127 360
1.3158199787139893 360
1.3245878219604492 359
1.3333816528320312 359
1.3416047096252441 359
1.3505957126617432 359
1.3587913513183594 359
1.3691091537475586 359
1.3773913383483887 359
1.3855433464050293 359
1.3946845531463623 359
1.4039497375488281 359
1.4123976230621338 359
1.4197087287902832 359
1.4292283058166504 359
1.4375393390655518 359
1.4458796977996826 359
1.455368995666504 359
1.4640138149261475 359
1.4791841506958008 359
1.4884419441223145 359
1.4973511695861816 359
1.5068066120147705 359
1.5151214599609375 359
1.523386001586914 359
1.5324890613555908 359
1.5397865772247314 359
1.5485405921936035 359
1.5577008724212646 359
1.5674750804901123 359
1.5758247375488281 359
1.5844652652740479 359
1.593336582183838 359
1.601555585861206 359
1.6110436916351318 359
1.6188433170318604 359
1.6275527477264404 359
1.6357152462005615 359
1.6443934440612793 359
1.6526758670806885 359
1.6629912853240967 359
1.6729850769042969 359
1.681182622909546 359
1.6889448165893555 359
1.6977510452270508 359
1.7072627544403076 359
1.7154886722564697 359
1.7242913246154785 359
1.733212947845459 359
1.7414212226867676 359
1.7491967678070068 359
1.7592790126800537 359
1.7715437412261963 359
1.781193494796753 359
1.789154291152954 359
1.798266887664795 359
1.8077664375305176 359
1.8166186809539795 359
1.8268578052520752 359
1.835247278213501 359
1.8439123630523682 359
1.8523709774017334 359
1.8616902828216553 359
1.8710949420928955 359
1.8843209743499756 359
1.8948817253112793 359
1.9033331871032715 359
1.9128189086914062 359
1.920994758605957 359
1.9293084144592285 359
1.9376575946807861 359
1.9458208084106445 359
1.954465627670288 359
1.9645888805389404 359
1.9736385345458984 359
1.9826629161834717 359
1.989952802658081 359
1.9993443489074707 359
2.010596752166748 359
2.0187430381774902 359
2.0276896953582764 359
2.035822629928589 359
2.0450563430786133 359
2.0537900924682617 359
2.0637290477752686 359
2.0729434490203857 359
2.0811192989349365 359
2.089085578918457 359
2.098215103149414 359
2.1083719730377197 359
2.117764949798584 359
2.12688946723938 359
2.135178804397583 359
2.1437151432037354 359
2.1519155502319336 359
2.1598286628723145 359
2.169865369796753 359
2.1785080432891846 359
2.1872189044952393 359
2.1960153579711914 359
2.2048168182373047 359
2.213975667953491 359
2.223222255706787 359
2.2314369678497314 359
2.2391717433929443 359
2.247448444366455 359
2.256631851196289 359
2.2663493156433105 359
2.2790541648864746 359
2.287416458129883 359
2.2967770099639893 359
2.3052430152893066 359
2.3136250972747803 359
2.3233118057250977 359
2.331552267074585 359
2.33931827545166 359
2.3475594520568848 359
2.3569319248199463 359
2.3673603534698486 359
2.375584363937378 359
2.3844478130340576 359
2.3932318687438965 359
2.4023284912109375 359
2.409630537033081 359
2.41914439201355 359
2.428319215774536 359
2.436513900756836 359
2.4449782371520996 359
2.453671455383301 359
2.4628427028656006 359
2.472670316696167 359
2.4799280166625977 359
2.4891319274902344 359
2.4982357025146484 359
2.5065886974334717 359
2.5148963928222656 359
2.524832010269165 359
2.5330629348754883 359
2.5411765575408936 359
2.5489399433135986 359
2.55771541595459 359
2.56650972366333 359
2.5765061378479004 359
2.5848517417907715 359
2.5945067405700684 359
2.6027677059173584 359
2.610539674758911 359
2.6223204135894775 359
2.6296932697296143 359
2.63836932182312 359
2.6465706825256348 359
2.6553738117218018 359
2.6637582778930664 359
2.673880100250244 359
2.6863512992858887 359
2.696265697479248 359
2.7047886848449707 359
2.713010787963867 359
2.722874164581299 359
2.7337892055511475 359
2.745272159576416 359
2.7568845748901367 359
2.769042730331421 359
2.782784938812256 359
2.7936909198760986 359
2.805119276046753 359
2.8142735958099365 359
2.8225257396698 359
2.8315248489379883 359
2.8392839431762695 359
2.848369836807251 359
2.856579065322876 359
2.8650341033935547 359
2.875284194946289 359
2.8868484497070312 359
2.895451784133911 359
2.904630661010742 359
2.9135217666625977 359
2.9216203689575195 359
2.9311563968658447 359
2.938922643661499 359
2.947176218032837 359
2.9556806087493896 359
2.964370012283325 359
2.973392963409424 359
2.98299241065979 359
2.991655111312866 359
2.999351739883423 359
3.008995294570923 359
3.0172524452209473 359
3.0254759788513184 359
3.0349934101104736 359
3.043379545211792 359
3.05157208442688 359
3.059349775314331 359
3.06868052482605 359
3.082587957382202 359
3.089829683303833 359
3.0985474586486816 359
3.107072353363037 359
3.1167221069335938 359
3.1262757778167725 359
3.136772632598877 359
3.1456410884857178 359
3.1543126106262207 359
3.1626617908477783 359
3.1716439723968506 359
3.1815378665924072 359
3.1893045902252197 359
3.1976473331451416 359
3.2057435512542725 359
3.215472936630249 359
3.2240307331085205 359
3.233314037322998 359
3.241544723510742 359
3.2497055530548096 359
3.2582972049713135 359
3.2673704624176025 359
3.276552200317383 359
3.2857398986816406 359
3.2943809032440186 359
3.302670478820801 359
3.3114681243896484 359
3.319211483001709 359
3.327442169189453 359
3.336829662322998 359
3.3455798625946045 359
3.3542661666870117 359
3.369717597961426 359
3.379018783569336 359
3.388511896133423 359
3.396867036819458 359
3.405250310897827 359
3.4149422645568848 359
3.4232325553894043 359
3.431450605392456 359
3.440002918243408 359
3.449172258377075 359
3.4574167728424072 359
3.4659993648529053 359
3.4752562046051025 359
3.4891858100891113 359
3.4976863861083984 359
3.505920171737671 359
3.5152390003204346 359
3.5242953300476074 359
3.5325498580932617 359
3.5416154861450195 359
3.5499470233917236 359
3.5586230754852295 359
3.5677146911621094 359
3.575870990753174 359
3.585357666015625 359
3.5948221683502197 359
3.603166341781616 359
3.611419677734375 359
3.619558811187744 359
3.6279795169830322 359
3.6386055946350098 359
3.6478381156921387 359
3.6564981937408447 359
3.664886951446533 359
3.674323558807373 359
3.6830246448516846 359
3.692582607269287 359
3.699871301651001 359
3.708651542663574 359
3.7175450325012207 359
3.726710081100464 359
3.7349770069122314 359
3.7449758052825928 359
3.7533130645751953 359
3.7615561485290527 359
3.784400463104248 359
3.7937746047973633 359
3.80242657661438 359
3.8097445964813232 359
3.8188254833221436 359
3.829775810241699 359
3.8384463787078857 359
3.8486359119415283 359
3.856905937194824 359
3.8652000427246094 359
3.8746628761291504 359
3.88838791847229 359
3.897704601287842 359
3.9059667587280273 359
3.9154014587402344 359
3.92399525642395 359
3.932460069656372 359
3.9397711753845215 359
3.9498558044433594 359
3.9585092067718506 359
3.967499017715454 359
3.9757437705993652 359
3.985024929046631 359
3.9945037364959717 359
4.003126859664917 359
4.011641502380371 359
4.019430637359619 359
4.028540849685669 359
4.0367889404296875 359
4.046583890914917 359
4.054933786392212 359
4.063344955444336 359
4.072857141494751 359
4.081700325012207 359
4.089491844177246 359
4.098901271820068 359
4.107231616973877 359
4.11577844619751 359
4.12458348274231 359
4.133345365524292 359
4.141540288925171 359
4.1516313552856445 359
4.159449815750122 359
4.1688032150268555 359
4.177730321884155 359
4.186025381088257 359
4.1946845054626465 359
4.203944683074951 359
4.213130235671997 359
4.221327781677246 359
4.229163885116577 359
4.238299608230591 359
4.248487710952759 359
4.256781578063965 359
4.265106201171875 359
4.274550914764404 359
4.287182569503784 359
4.295616626739502 359
4.305448293685913 359
4.314952611923218 359
4.323265075683594 359
4.331504583358765 359
4.339712858200073 359
4.349625110626221 359
4.358335256576538 359
4.368258476257324 359
4.377242565155029 359
4.385547161102295 359
4.395236968994141 359
4.405472040176392 359
4.414716720581055 359
4.4231226444244385 359
4.4313530921936035 359
4.43931770324707 359
4.448430776596069 359
4.457509994506836 359
4.465916395187378 359
4.475785732269287 359
4.484570503234863 359
4.492842435836792 359
4.501683235168457 359
4.509927272796631 359
4.51861834526062 359
4.526819229125977 359
4.535161256790161 359
4.544865131378174 359
4.554408073425293 359
4.562807559967041 359
4.572025775909424 359
4.580002307891846 359
4.588659286499023 359
4.596914052963257 359
4.606362819671631 359
4.615426301956177 359
4.623896598815918 359
4.63242244720459 359
4.639734506607056 359
4.6492674350738525 359
4.658814191818237 359
4.668389558792114 359
4.67717719078064 359
4.689268350601196 359
4.69785213470459 359
4.70830774307251 359
4.716741323471069 359
4.72521710395813 359
4.733637094497681 359
4.743314504623413 359
4.751561641693115 359
4.761040925979614 359
4.7705934047698975 359
4.779412269592285 359
4.787978887557983 359
4.796027183532715 359
4.807754993438721 359
4.8191163539886475 359
4.830500602722168 359
4.843547105789185 359
4.855536460876465 359
4.8691301345825195 359
4.881531715393066 359
4.893249988555908 359
4.905145883560181 359
4.9179747104644775 359
4.926836967468262 359
4.935502052307129 359
4.944793939590454 359
4.953671216964722 359
4.963195085525513 359
4.972985029220581 359
4.9811553955078125 359
4.989308595657349 359
4.998300313949585 359
