0 0
0.017179489135742188 0
0.05002427101135254 0
0.07851791381835938 5
0.10960841178894043 16
0.13842082023620605 26
0.15581035614013672 29
0.17581439018249512 28
0.19597864151000977 28
0.21908855438232422 32
0.2365412712097168 39
0.25432491302490234 44
0.2638833522796631 46
0.27242326736450195 47
0.2811863422393799 48
0.2899012565612793 49
0.3001854419708252 50
0.3095858097076416 53
0.31854891777038574 55
0.3264045715332031 57
0.3356931209564209 57
0.3454294204711914 58
0.35376667976379395 58
0.3622269630432129 59
0.37149691581726074 61
0.3798255920410156 63
0.3926515579223633 65
0.4026503562927246 66
0.41194701194763184 66
0.4215359687805176 68
0.4299657344818115 70
0.4387667179107666 73
0.45077991485595703 75
0.45906805992126465 76
0.46689319610595703 77
0.4760000705718994 77
0.48446035385131836 77
0.492922306060791 77
0.5029890537261963 79
0.5122799873352051 81
0.5216948986053467 84
0.5301327705383301 86
0.539553165435791 88
0.5486350059509277 89
0.5566091537475586 89
0.5649678707122803 91
0.5741369724273682 93
0.5826101303100586 95
0.5911672115325928 96
0.6007189750671387 97
0.6104824542999268 97
0.6200077533721924 99
0.628307580947876 101
0.636671781539917 102
0.6458706855773926 103
0.655095100402832 103
0.6640815734863281 103
0.6731953620910645 103
0.6823394298553467 105
0.6908016204833984 107
0.7002513408660889 109
0.7095715999603271 111
0.7184720039367676 112
0.7262918949127197 112
0.7349488735198975 111
0.7441434860229492 112
0.7537248134613037 114
0.7621355056762695 115
0.7704551219940186 116
0.7796366214752197 117
0.7925410270690918 119
0.8026130199432373 121
0.811913251876831 122
0.8223650455474854 123
0.8308279514312744 124
0.8390886783599854 125
0.847114086151123 126
0.8567006587982178 127
0.8655300140380859 128
0.8739686012268066 129
0.8830513954162598 131
0.8917429447174072 131
0.9001522064208984 132
0.9103102684020996 134
0.9196040630340576 135
0.9269545078277588 135
0.9356381893157959 136
0.9443902969360352 137
0.9550209045410156 138
0.9631967544555664 139
0.9720559120178223 141
0.9809720516204834 142
0.989656925201416 143
0.9970202445983887 143
1.006484031677246 144
1.016557216644287 145
1.0257987976074219 145
1.0343201160430908 147
1.0425801277160645 147
1.0519959926605225 148
1.0616774559020996 149
1.0700607299804688 151
1.0782699584960938 151
1.0868465900421143 152
1.0957932472229004 153
1.104128360748291 154
1.113713264465332 155
1.123676061630249 155
1.132157564163208 155
1.1405391693115234 157
1.1499383449554443 157
1.159447193145752 158
1.1669015884399414 159
1.1756410598754883 159
1.1886250972747803 161
1.196587324142456 161
1.205486536026001 161
1.2160158157348633 163
1.2250030040740967 164
1.2343592643737793 165
1.2426507472991943 166
1.2531607151031494 167
1.2626855373382568 167
1.2723426818847656 167
1.2809081077575684 168
1.2902603149414062 169
1.2984933853149414 171
1.3064546585083008 171
1.320009469985962 172
1.329439640045166 172
1.3368847370147705 172
1.3456552028656006 173
1.3542490005493164 175
1.3639485836029053 177
1.3736813068389893 177
1.3823165893554688 177
1.391493558883667 177
1.3998639583587646 178
1.4077281951904297 179
1.4184887409210205 181
1.4268369674682617 181
1.4360637664794922 181
1.4445366859436035 182
1.454289197921753 184
1.4637677669525146 185
1.4722628593444824 185
1.480846643447876 185
1.489997386932373 185
1.4982621669769287 187
1.5061428546905518 187
1.5166664123535156 188
1.5261297225952148 188
1.534534215927124 187
1.5429458618164062 188
1.5516693592071533 189
1.5603935718536377 190
1.5700535774230957 190
1.5783398151397705 190
1.5920064449310303 190
1.6003835201263428 192
1.608642339706421 193
1.618556022644043 194
1.6270081996917725 194
1.636500358581543 194
1.6450140476226807 194
1.6543190479278564 195
1.6626176834106445 197
1.6723310947418213 198
1.680717945098877 199
1.690138816833496 199
1.698498249053955 198
1.7064766883850098 198
1.7167472839355469 199
1.7259459495544434 201
1.7343993186950684 202
1.7426609992980957 203
1.7515416145324707 203
1.7607944011688232 203
1.7703850269317627 202
1.7787292003631592 202
1.787031888961792 203
1.7958252429962158 204
1.8042395114898682 205
1.8128809928894043 206
1.824328899383545 205
1.8326921463012695 205
1.842022180557251 205
1.8503568172454834 205
1.8596811294555664 206
1.8670642375946045 208
1.8766722679138184 209
1.888563632965088 210
1.8963627815246582 210
1.9049503803253174 209
1.9136834144592285 209
1.924269437789917 210
1.932774305343628 212
1.9420180320739746 213
1.9503378868103027 214
1.9595649242401123 214
1.966984510421753 214
1.9801924228668213 216
1.9982011318206787 220
2.0119833946228027 223
2.025880813598633 224
2.0371434688568115 223
2.053023099899292 222
2.0661299228668213 223
2.075697422027588 223
2.084379196166992 225
2.0926589965820312 225
2.101529836654663 224
2.110037088394165 224
2.1201345920562744 224
2.129657030105591 226
2.1370139122009277 227
2.1458303928375244 227
2.15488338470459 227
2.163635015487671 227
2.172269582748413 227
2.181810140609741 229
2.1907966136932373 231
2.200073719024658 233
2.2084062099456787 233
2.222567319869995 233
2.232205390930176 233
2.240499496459961 234
2.249063730239868 235
2.2571299076080322 236
2.2658982276916504 236
2.274162530899048 236
2.2842767238616943 236
2.292675733566284 237
2.3015315532684326 238
2.3099894523620605 239
2.320154905319214 239
2.3296921253204346 239
2.3371148109436035 238
2.3457655906677246 238
2.354550361633301 239
2.3629021644592285 241
2.3717284202575684 242
2.3811182975769043 243
2.395503282546997 242
2.4040334224700928 241
2.412888765335083 240
2.422887086868286 240
2.432408571243286 240
2.4408347606658936 241
2.449991226196289 243
2.4582788944244385 245
2.466224431991577 245
2.474703311920166 244
2.4853899478912354 244
2.493648052215576 245
2.502135992050171 246
2.5105650424957275 247
2.5204198360443115 248
2.5301640033721924 248
2.539083242416382 247
2.546893358230591 247
2.556767702102661 248
2.565568208694458 249
2.5739283561706543 249
2.583935260772705 249
2.5923473834991455 249
2.6007778644561768 250
2.609417676925659 251
2.618507146835327 251
2.626326084136963 251
2.635892152786255 251
2.6441574096679688 252
2.653048276901245 253
2.661774158477783 254
2.6701502799987793 254
2.6784098148345947 253
2.6886885166168213 253
2.6965172290802 254
2.7050061225891113 255
2.719972610473633 256
2.72821307182312 255
2.73687744140625 254
2.7456865310668945 255
2.754702091217041 255
2.7649998664855957 256
2.7743031978607178 256
2.784454107284546 257
2.7970428466796875 257
2.8058454990386963 257
2.81623911857605 257
2.82603120803833 257
2.8355443477630615 258
2.8439366817474365 259
2.8540773391723633 260
2.862889051437378 260
2.871978759765625 259
2.8809404373168945 259
2.890852212905884 259
2.8991105556488037 259
2.9066720008850098 260
2.916599988937378 261
2.926072597503662 262
2.934406042098999 262
2.946086883544922 262
2.954674243927002 263
2.962869882583618 263
2.9715487957000732 263
2.9803154468536377 263
2.9902217388153076 264
2.9986093044281006 265
3.006544351577759 265
3.0166661739349365 265
3.025728464126587 265
3.034393548965454 265
3.043762445449829 265
3.05252742767334 265
3.060936450958252 267
3.0702199935913086 267
3.0788373947143555 268
3.0867626667022705 269
3.096252679824829 269
3.1045610904693604 268
3.11616587638855 268
3.1244685649871826 268
3.1328601837158203 269
3.1424806118011475 270
3.151761293411255 271
3.1601579189300537 271
3.169508457183838 269
3.1769471168518066 269
3.1863794326782227 269
3.2018816471099854 269
3.2103466987609863 270
3.2239973545074463 271
3.2323832511901855 272
3.2408292293548584 272
3.2509775161743164 272
3.259413957595825 272
3.2667598724365234 272
3.279472827911377 273
3.287788152694702 273
3.296762466430664 274
3.305570363998413 274
3.315906047821045 273
3.324312925338745 273
3.334127187728882 273
3.3424434661865234 274
3.3524727821350098 275
3.3609225749969482 275
3.369572162628174 276
3.3794493675231934 276
3.3869447708129883 275
3.396564483642578 275
3.404937267303467 275
3.414717674255371 275
3.4229865074157715 276
3.431898593902588 276
3.4401638507843018 276
3.450221300125122 276
3.4584667682647705 276
3.4664154052734375 277
3.474921703338623 277
3.4841506481170654 276
3.4926037788391113 276
3.5021679401397705 276
3.51824951171875 277
3.5262465476989746 277
3.5345659255981445 278
3.544067144393921 277
3.5536417961120605 277
3.562156915664673 277
3.5704758167266846 277
3.580052614212036 277
3.5881779193878174 278
3.6022894382476807 278
3.6118078231811523 278
3.620907783508301 277
3.6295340061187744 277
3.636876344680786 277
3.646188974380493 278
3.655864953994751 278
3.664167642593384 278
3.672559976577759 278
3.681699275970459 277
3.690019130706787 277
3.698204278945923 277
3.706836700439453 278
3.7167129516601562 278
3.725546360015869 278
3.7339024543762207 278
3.742678642272949 277
3.7522003650665283 277
3.760517120361328 277
3.7687530517578125 278
3.7777483463287354 278
3.785975933074951 278
3.794402599334717 277
3.80403208732605 277
3.8125274181365967 277
3.8224027156829834 277
3.83099102973938 278
3.839799642562866 278
3.8508071899414062 277
3.8602793216705322 277
3.86850643157959 277
3.876786470413208 278
3.885551929473877 278
3.893756151199341 278
3.902294158935547 277
3.9124131202697754 277
3.921722412109375 277
3.929966926574707 278
3.9383304119110107 278
3.946727991104126 277
3.9564125537872314 277
3.9648444652557373 277
3.9739296436309814 277
3.982349157333374 277
3.990786552429199 277
4.003467082977295 278
4.014035940170288 277
4.02311372756958 277
4.032017230987549 276
4.040948867797852 277
4.049825668334961 277
4.062356472015381 277
4.0748209953308105 276
4.086161136627197 276
4.098835706710815 276
4.113048791885376 279
4.12569785118103 280
4.137190341949463 280
4.148321866989136 279
4.156443357467651 278
4.165982246398926 277
4.175019264221191 277
4.183182239532471 278
4.192007780075073 278
4.200354099273682 277
4.2105090618133545 277
4.220056772232056 277
4.2282562255859375 277
4.236068487167358 277
4.245418071746826 277
4.253672122955322 277
4.262879371643066 277
4.272197484970093 277
4.280508995056152 277
4.2887349128723145 277
4.297063589096069 277
4.306313991546631 277
4.316891193389893 277
4.325559139251709 277
4.334065198898315 277
4.342699289321899 277
4.352110862731934 276
4.361095190048218 276
4.370508670806885 276
4.379654884338379 276
4.387094020843506 277
4.401864051818848 276
4.411541700363159 274
4.422027111053467 274
4.430357456207275 274
4.439413785934448 275
4.446879863739014 275
4.455709457397461 275
4.464871883392334 275
4.474071264266968 274
4.482495069503784 273
4.491077899932861 273
4.500173568725586 274
4.509515285491943 275
4.519538164138794 275
4.526907444000244 274
4.53570556640625 273
4.544720411300659 272
4.552997827529907 272
4.561668157577515 273
4.572092294692993 273
4.58038330078125 272
4.588786840438843 272
4.596714496612549 271
4.606356143951416 272
4.616596460342407 273
4.625633955001831 273
4.634076833724976 273
4.642976999282837 272
4.651763916015625 272
4.660066843032837 272
4.670058250427246 272
4.67828106880188 272
4.68611741065979 271
4.694685459136963 271
4.7048609256744385 271
4.7162110805511475 271
4.725992441177368 271
4.734257936477661 271
4.743140459060669 271
4.75193977355957 270
4.760465621948242 270
4.771494388580322 270
4.779793977737427 270
4.788825273513794 270
4.802576065063477 270
4.812040567398071 269
4.822972297668457 269
4.831699848175049 269
4.840351819992065 269
4.848600625991821 269
4.8564534187316895 268
4.867144346237183 268
4.877196550369263 268
4.886335849761963 269
4.895974636077881 269
4.905895233154297 269
4.9148313999176025 268
4.924423694610596 267
4.932906627655029 267
4.942246198654175 267
4.9505462646484375 268
4.959790229797363 269
4.9679179191589355 268
4.977033376693726 267
4.98581075668335 267
4.994397163391113 267
