0 0
0.012289047241210938 0
0.03408050537109375 0
0.052223920822143555 2
0.07936739921569824 9
0.0910956859588623 15
0.10863757133483887 24
0.1253969669342041 32
0.13503766059875488 39
0.14347362518310547 45
0.15181589126586914 50
0.1611330509185791 56
0.16947436332702637 62
0.17909789085388184 68
0.18740391731262207 76
0.1961195468902588 82
0.2048351764678955 87
0.21327829360961914 93
0.22325992584228516 102
0.23378491401672363 110
0.24216938018798828 116
0.25107574462890625 123
0.260181188583374 130
0.26883506774902344 137
0.27791595458984375 145
0.2858304977416992 151
0.2951953411102295 158
0.3036816120147705 166
0.3161191940307617 175
0.32798099517822266 185
0.3375282287597656 193
0.34561681747436523 200
0.3540940284729004 206
0.363222599029541 213
0.3728463649749756 221
0.3828318119049072 229
0.3929014205932617 237
0.40169334411621094 245
0.4102005958557129 250
0.4195261001586914 257
0.42998480796813965 264
0.43996477127075195 270
0.4482543468475342 274
0.4558742046356201 278
0.46569037437438965 281
0.4742114543914795 284
0.48482584953308105 288
0.4939615726470947 293
0.5022454261779785 297
0.511044979095459 300
0.5195138454437256 304
0.5299537181854248 308
0.5391395092010498 310
0.5473318099975586 313
0.5553295612335205 315
0.564624547958374 317
0.5729191303253174 319
0.5821313858032227 321
0.5914452075958252 322
0.600806474685669 325
0.6093096733093262 327
0.6188924312591553 330
0.6277356147766113 332
0.6388745307922363 334
0.6461899280548096 334
0.6557018756866455 334
0.6642313003540039 335
0.674790620803833 336
0.6876204013824463 339
0.7001702785491943 341
0.717477560043335 341
0.7306430339813232 341
0.7449488639831543 342
0.7582056522369385 346
0.7683241367340088 347
0.776017427444458 348
0.785597562789917 348
0.7950375080108643 348
0.8034358024597168 347
0.8117542266845703 348
0.8202996253967285 348
0.8302440643310547 350
0.8416059017181396 350
0.8502075672149658 350
0.8591165542602539 350
0.8669216632843018 350
0.8750932216644287 351
0.8835434913635254 353
0.8936147689819336 355
0.901975154876709 355
0.9109785556793213 355
0.9193294048309326 354
0.9285488128662109 354
0.9388549327850342 354
0.9461359977722168 354
0.9554176330566406 355
0.9651079177856445 357
0.9736428260803223 358
0.9819455146789551 358
0.9917466640472412 357
1.0005521774291992 356
1.0088908672332764 356
1.0161640644073486 356
1.0253241062164307 357
1.0349366664886475 358
1.0451130867004395 358
1.0540661811828613 357
1.0626180171966553 356
1.0711476802825928 356
1.0795104503631592 357
1.0898079872131348 358
1.0982537269592285 358
1.1058695316314697 357
1.120588779449463 356
1.1291611194610596 356
1.1387431621551514 358
1.1479229927062988 359
1.1562530994415283 360
1.1650192737579346 359
1.173546552658081 358
1.1818907260894775 358
1.192018985748291 358
1.2006924152374268 358
1.2091443538665771 358
1.2174792289733887 359
1.225848913192749 359
1.235701322555542 358
1.2457377910614014 358
1.2549736499786377 358
1.2632079124450684 359
1.2717342376708984 360
1.2802801132202148 360
1.2894182205200195 360
1.299086332321167 359
1.3074314594268799 359
1.3152315616607666 358
1.3239858150482178 359
1.3327813148498535 359
1.3438446521759033 359
1.3536670207977295 359
1.3618547916412354 359
1.3703110218048096 359
1.3788073062896729 359
1.3874564170837402 359
1.396134614944458 359
1.40476655960083 359
1.413055181503296 359
1.421832799911499 359
1.4306449890136719 359
1.439544439315796 359
1.4491302967071533 359
1.458204746246338 359
1.4657981395721436 359
1.4742588996887207 359
1.482283115386963 359
1.4914324283599854 359
1.500821828842163 359
1.5132191181182861 359
1.5222675800323486 359
1.531062126159668 359
1.540306806564331 359
1.5496647357940674 359
1.5593605041503906 359
1.5675699710845947 359
1.575516939163208 359
1.5847747325897217 359
1.593003511428833 359
1.6020231246948242 359
1.610691785812378 359
1.6191861629486084 359
1.6273119449615479 359
1.6400039196014404 359
1.6491987705230713 359
1.6588270664215088 359
1.6661388874053955 359
1.6747634410858154 359
1.6835083961486816 359
1.693802833557129 359
1.7036614418029785 359
1.712050199508667 359
1.721327304840088 359
1.7295799255371094 359
1.7389569282531738 359
1.7462828159332275 359
1.7579286098480225 359
1.7656972408294678 359
1.7740023136138916 359
1.7828412055969238 359
1.7912704944610596 359
1.799586296081543 359
1.8091330528259277 359
1.8179874420166016 359
1.825908899307251 359
1.8350718021392822 359
1.8434572219848633 359
1.8534326553344727 359
1.8621599674224854 359
1.8710618019104004 359
1.8793134689331055 359
1.888556957244873 359
1.8958978652954102 359
1.905440092086792 359
1.919231653213501 359
1.9274084568023682 359
1.936213493347168 359
1.9449634552001953 359
1.9549310207366943 359
1.9637091159820557 359
1.9719455242156982 359
1.980607509613037 359
1.9896266460418701 359
1.9979066848754883 359
2.007908344268799 359
2.0160677433013916 359
2.0247538089752197 359
2.033811330795288 359
2.0420033931732178 359
2.0513997077941895 359
2.0609066486358643 358
2.069929361343384 359
2.078706979751587 359
2.087416410446167 359
2.0951931476593018 359
2.1036312580108643 358
2.1134424209594727 358
2.122199535369873 359
2.1309235095977783 360
2.1401431560516357 359
2.1490979194641113 358
2.1586754322052 358
2.1674044132232666 358
2.1752853393554688 358
2.1846566200256348 359
2.1961960792541504 359
2.2048521041870117 358
2.2151238918304443 358
2.2234275341033936 358
2.2319719791412354 358
2.2418100833892822 358
2.250770092010498 358
2.2607421875 357
2.2713136672973633 357
2.280534505844116 358
2.289102077484131 358
2.296900987625122 358
2.3050906658172607 358
2.319444417953491 357
2.327882766723633 357
2.3368191719055176 357
2.3454177379608154 358
2.354867696762085 358
2.363980770111084 358
2.372866153717041 357
2.382025718688965 357
2.390674591064453 357
2.3989250659942627 358
2.4068737030029297 358
2.4174532890319824 358
2.425203561782837 358
2.434702157974243 357
2.4430718421936035 357
2.45204496383667 357
2.460686683654785 358
2.4705376625061035 358
2.4792418479919434 359
2.4875524044036865 359
2.4954137802124023 358
2.5039355754852295 358
2.5139756202697754 358
2.522059679031372 358
2.530895948410034 358
2.5399575233459473 358
2.549067735671997 358
2.5568766593933105 358
2.56577205657959 358
2.5741312503814697 358
2.5837011337280273 357
2.5921897888183594 357
2.600975275039673 358
2.609369993209839 358
2.6195003986358643 358
2.6277196407318115 357
2.640991449356079 356
2.650059938430786 357
2.6586732864379883 358
2.667811155319214 358
2.6755857467651367 358
2.6847453117370605 357
2.693192720413208 356
2.702033758163452 356
2.7112905979156494 357
2.7250266075134277 359
2.734710216522217 360
2.7432422637939453 359
2.7546498775482178 357
2.7659718990325928 356
2.780294895172119 356
2.791593074798584 358
2.8032970428466797 359
2.815354824066162 360
2.82861590385437 360
2.8395323753356934 358
2.849457025527954 357
2.8577775955200195 357
2.866083860397339 357
2.875977039337158 358
2.8856008052825928 358
2.8941218852996826 358
2.9022879600524902 358
2.9115357398986816 357
2.921126127243042 356
2.929579496383667 357
2.93916392326355 358
2.94781756401062 358
2.9557862281799316 358
2.9642176628112793 358
2.9735591411590576 358
2.982820749282837 358
2.99173903465271 358
3.000164031982422 358
3.0094282627105713 357
3.0177838802337646 357
3.0268733501434326 357
3.03585147857666 358
3.0452353954315186 358
3.0535812377929688 358
3.0618276596069336 358
3.0707178115844727 358
3.080861806869507 358
3.089519500732422 357
3.0979244709014893 357
3.1061017513275146 357
3.1147572994232178 358
3.128932476043701 358
3.137983798980713 358
3.145864963531494 357
3.1547937393188477 357
3.1631932258605957 356
3.1717731952667236 357
3.181401252746582 358
3.1907434463500977 358
3.1991469860076904 357
3.2078921794891357 357
3.2156527042388916 357
3.223973274230957 357
3.2347586154937744 357
3.243187665939331 358
3.251629590988159 357
3.260215997695923 357
3.2693209648132324 357
3.279383897781372 357
3.289339065551758 358
3.298597574234009 358
3.3073911666870117 357
3.3155200481414795 357
3.3240199089050293 356
3.3350863456726074 358
3.343508720397949 358
3.351755380630493 358
3.3602166175842285 357
3.3696773052215576 356
3.3792941570281982 356
3.3934154510498047 357
3.4032278060913086 358
3.4115920066833496 359
3.4200706481933594 359
3.429420232772827 358
3.4394447803497314 358
3.4477295875549316 357
3.455716133117676 357
3.464125156402588 357
3.4735119342803955 358
3.4830081462860107 358
3.4914658069610596 357
3.5010502338409424 356
3.509549856185913 356
3.5216376781463623 357
3.5321567058563232 358
3.541670799255371 358
3.550699472427368 357
3.559187650680542 356
3.5678277015686035 355
3.5758323669433594 355
3.5853264331817627 355
3.5936379432678223 355
3.6033763885498047 356
3.61189866065979 356
3.6206395626068115 356
3.628957748413086 356
3.646066188812256 356
3.6554367542266846 356
3.6647768020629883 356
3.673339605331421 356
3.6816482543945312 356
3.6920886039733887 356
3.7014968395233154 356
3.7099571228027344 356
3.7182040214538574 356
3.725842237472534 356
3.737515926361084 356
3.7452850341796875 356
3.755831718444824 356
3.7649354934692383 356
3.7733418941497803 356
3.7815897464752197 356
3.791259288787842 356
3.8001549243927 356
3.8086674213409424 356
3.8159897327423096 356
3.824707508087158 356
3.8340442180633545 356
3.8434505462646484 356
3.8518447875976562 356
3.860253095626831 356
3.869328498840332 356
3.8775453567504883 356
3.88535737991333 356
3.8947994709014893 356
3.903587818145752 356
3.912769317626953 356
3.925187110900879 356
3.9352188110351562 356
3.9448068141937256 356
3.9533703327178955 356
3.961635112762451 356
3.9709484577178955 356
3.9791975021362305 356
3.9874050617218018 356
3.9959447383880615 356
4.005026817321777 356
4.01379132270813 356
4.021948575973511 356
4.031439542770386 356
4.04168963432312 356
4.050124168395996 356
4.058667421340942 356
4.066306829452515 356
4.075021505355835 356
4.083217144012451 356
4.092642307281494 356
4.101725101470947 356
4.110134840011597 356
4.119080543518066 356
4.12686824798584 356
4.136220216751099 356
4.145742177963257 356
4.154516220092773 356
4.163505554199219 356
4.1717634201049805 356
4.180233716964722 356
4.188839435577393 356
4.199001312255859 356
4.206282377243042 356
4.215699672698975 356
4.224056005477905 356
4.234691619873047 356
4.243839740753174 356
4.252068042755127 356
4.262301683425903 356
4.271152496337891 356
4.279420852661133 356
4.287615776062012 356
4.297726154327393 356
4.30549955368042 356
4.313732147216797 356
4.325770139694214 356
4.335837125778198 356
4.34554123878479 356
4.354036092758179 356
4.363223314285278 356
4.371485948562622 356
4.379919767379761 356
4.388621091842651 356
4.3979432582855225 356
4.405746698379517 356
4.414088487625122 356
4.423624277114868 356
4.432769536972046 356
4.441679000854492 356
4.451417446136475 356
4.4598166942596436 356
4.468810319900513 356
4.476119041442871 356
4.484799861907959 356
4.493067741394043 356
4.503096103668213 356
4.51155161857605 356
4.520020961761475 356
4.529307126998901 356
4.5385825634002686 356
4.545955181121826 356
4.555487155914307 356
4.564624547958374 356
4.573029041290283 356
4.581366539001465 356
4.589612007141113 356
4.599607706069946 356
4.6078667640686035 356
4.615665912628174 356
4.624801397323608 356
4.634947299957275 356
4.643228769302368 356
4.6523048877716064 356
4.661608695983887 356
4.670037746429443 356
4.678646564483643 356
4.686017751693726 356
4.695328235626221 356
4.704824209213257 356
4.713026523590088 356
4.725070953369141 356
4.735081434249878 356
4.743486642837524 356
4.753207206726074 356
4.762016773223877 356
4.771761655807495 356
4.781333923339844 356
4.789618253707886 356
4.798944473266602 356
4.80855393409729 356
4.815928220748901 356
4.824597120285034 356
4.8375420570373535 356
4.848729133605957 356
4.861809492111206 356
4.87345290184021 356
4.8845789432525635 356
4.896165370941162 356
4.909486532211304 356
4.920674800872803 356
4.9348061084747314 356
4.943999290466309 356
4.952142715454102 356
4.9621803760528564 356
4.9707722663879395 356
4.979049205780029 356
4.986878395080566 356
4.995839595794678 356
