0 0
0.01259922981262207 0
0.03068399429321289 0
0.04894661903381348 2
0.06631016731262207 6
0.0829920768737793 13
0.10083341598510742 20
0.11035275459289551 25
0.11873173713684082 30
0.12814807891845703 34
0.13667011260986328 40
0.1459965705871582 44
0.15612316131591797 49
0.16435837745666504 54
0.17218279838562012 57
0.18616867065429688 64
0.19454383850097656 68
0.20456457138061523 72
0.213120698928833 76
0.22188019752502441 79
0.23019051551818848 83
0.23897886276245117 88
0.24846720695495605 92
0.25876641273498535 96
0.267575740814209 99
0.276336669921875 104
0.2846658229827881 107
0.2925417423248291 110
0.3009340763092041 113
0.31229090690612793 116
0.32065296173095703 120
0.3290069103240967 124
0.3378336429595947 128
0.3469271659851074 132
0.3570890426635742 135
0.3657393455505371 138
0.37317609786987305 141
0.38241028785705566 143
0.3908259868621826 147
0.3990020751953125 149
0.40851807594299316 153
0.4178276062011719 156
0.4262709617614746 159
0.43459272384643555 162
0.44245386123657227 163
0.4526205062866211 167
0.46207594871520996 169
0.47054243087768555 172
0.47883009910583496 175
0.4881150722503662 177
0.49644947052001953 180
0.5047149658203125 182
0.5151488780975342 185
0.5227303504943848 187
0.5314362049102783 190
0.54030442237854 192
0.5502352714538574 194
0.5596508979797363 196
0.5684552192687988 198
0.5769350528717041 201
0.589735746383667 204
0.5984358787536621 206
0.6071524620056152 208
0.617567777633667 210
0.6260428428649902 212
0.634286642074585 214
0.6425683498382568 216
0.6525347232818604 218
0.6621432304382324 220
0.6706447601318359 222
0.679997444152832 224
0.6883172988891602 226
0.6967570781707764 228
0.7051334381103516 229
0.7150490283966064 231
0.7227144241333008 232
0.7315590381622314 233
0.7398929595947266 235
0.7489354610443115 236
0.7585577964782715 238
0.7680349349975586 240
0.7763385772705078 242
0.7857317924499512 243
0.7931056022644043 244
0.8018898963928223 246
0.8102025985717773 247
0.8220200538635254 248
0.8308496475219727 250
0.8390324115753174 252
0.8483316898345947 253
0.8578565120697021 254
0.8674767017364502 256
0.8758244514465332 256
0.8846166133880615 258
0.8924424648284912 258
0.9008686542510986 260
0.9094231128692627 261
0.9197430610656738 263
0.9281425476074219 264
0.9365003108978271 265
0.9447476863861084 266
0.9557254314422607 267
0.9647336006164551 268
0.9727482795715332 269
0.9819583892822266 270
0.9947769641876221 271
1.0027382373809814 272
1.0116019248962402 273
1.021634817123413 274
1.030104160308838 274
1.0383763313293457 275
1.0468213558197021 276
1.0568220615386963 277
1.0651443004608154 278
1.0744922161102295 279
1.0831072330474854 280
1.091963529586792 281
1.100334644317627 281
1.1086065769195557 282
1.118584156036377 282
1.1270475387573242 283
1.135596513748169 284
1.1429648399353027 284
1.159843921661377 286
1.1688196659088135 286
1.1775710582733154 286
1.1864752769470215 287
1.1947813034057617 288
1.2026398181915283 288
1.2114794254302979 289
1.2210848331451416 290
1.2294330596923828 290
1.237872838973999 291
1.2463445663452148 291
1.2566883563995361 292
1.2655229568481445 292
1.2746403217315674 292
1.284635305404663 293
1.2928564548492432 294
1.3015341758728027 294
1.3097636699676514 295
1.3187024593353271 296
1.3303241729736328 296
1.3386151790618896 296
1.347991943359375 296
1.3574481010437012 296
1.365779161453247 297
1.3754613399505615 298
1.3880641460418701 298
1.3966810703277588 299
1.405419111251831 299
1.4144208431243896 299
1.4231064319610596 299
1.4317574501037598 299
1.4400172233581543 299
1.4490950107574463 300
1.4583039283752441 300
1.4674930572509766 301
1.4767839908599854 301
1.4859604835510254 301
1.4941434860229492 302
1.502002477645874 302
1.5104894638061523 302
1.5197515487670898 302
1.5289325714111328 302
1.537623405456543 303
1.546302318572998 303
1.5557444095611572 303
1.5647451877593994 303
1.5755987167358398 304
1.5864880084991455 304
1.5947813987731934 304
1.6025605201721191 304
1.610931634902954 304
1.6199147701263428 304
1.6290485858917236 304
1.637843370437622 305
1.646819829940796 305
1.6559662818908691 305
1.6641807556152344 305
1.6724085807800293 305
1.6825299263000488 305
1.6917047500610352 305
1.6999049186706543 305
1.7096545696258545 305
1.7216639518737793 305
1.7348172664642334 305
1.7470312118530273 305
1.7600665092468262 305
1.7718102931976318 305
1.790325403213501 305
1.8020083904266357 305
1.811527967453003 305
1.8203215599060059 305
1.8305482864379883 305
1.8403267860412598 305
1.8518903255462646 305
1.8601775169372559 305
1.8686366081237793 305
1.8778209686279297 305
1.8870856761932373 305
1.8957135677337646 305
1.9030466079711914 305
1.9121458530426025 305
1.9204421043395996 305
1.928832769393921 305
1.9383883476257324 305
1.9476971626281738 305
1.9568254947662354 305
1.9650731086730957 305
1.972682237625122 305
1.982726812362671 305
1.9915695190429688 305
1.9997611045837402 305
2.0103001594543457 305
2.0185723304748535 305
2.0273993015289307 305
2.036485433578491 305
2.045978307723999 305
2.055469036102295 305
2.0628011226654053 305
2.071514844894409 305
2.080394983291626 305
2.0898849964141846 305
2.098217010498047 305
2.1068196296691895 305
2.1157188415527344 305
2.123020887374878 305
2.1316988468170166 305
2.1408400535583496 305
2.1504855155944824 305
2.158869504928589 305
2.1677279472351074 305
2.175980806350708 305
2.186160087585449 305
2.1984474658966064 305
2.207024574279785 305
2.2163496017456055 305
2.2245736122131348 305
2.2325291633605957 305
2.2420196533203125 305
2.251835584640503 305
2.2600903511047363 305
2.2685225009918213 305
2.277003765106201 305
2.285888671875 305
2.295135498046875 305
2.302733898162842 304
2.3115575313568115 304
2.3203532695770264 304
2.328639507293701 305
2.338127374649048 305
2.347534418106079 305
2.3577566146850586 304
2.366140127182007 304
2.375601291656494 304
2.3841898441314697 304
2.39422345161438 303
2.402078866958618 303
2.410595178604126 302
2.418999671936035 302
2.428170919418335 302
2.436475992202759 302
2.446129322052002 302
2.455570697784424 302
2.46290922164917 302
2.472087860107422 301
2.480447292327881 301
2.48872447013855 300
2.498251438140869 300
2.5074548721313477 300
2.51570725440979 300
2.5230040550231934 300
2.5318801403045654 300
2.541905403137207 299
2.551097869873047 298
2.5594210624694824 298
2.568415403366089 298
2.576845169067383 298
2.5854806900024414 298
2.598355293273926 297
2.607849359512329 297
2.617072105407715 296
2.62562894821167 296
2.634571075439453 296
2.6463634967803955 296
2.6561553478240967 295
2.664407968521118 295
2.672917366027832 294
2.681771755218506 294
2.6905932426452637 294
2.7000539302825928 294
2.7088396549224854 294
2.7175543308258057 293
2.7258658409118652 293
2.733698606491089 292
2.742631196975708 292
2.7537333965301514 292
2.761911153793335 292
2.77030611038208 292
2.779151678085327 292
2.787834405899048 292
2.7970354557037354 292
2.805729389190674 291
2.8143863677978516 290
2.822286367416382 290
2.8308534622192383 290
2.8390276432037354 290
2.8490705490112305 290
2.859708309173584 289
2.868882417678833 288
2.877619743347168 288
2.886850357055664 288
2.895129919052124 288
2.9044203758239746 288
2.9130208492279053 288
2.9217402935028076 287
2.9300432205200195 286
2.938483476638794 286
2.9490089416503906 286
2.9583380222320557 286
2.966780185699463 286
2.974818229675293 285
2.984504461288452 284
2.9976675510406494 284
3.0074524879455566 284
3.0164055824279785 284
3.0246620178222656 284
3.0325307846069336 284
3.040912389755249 283
3.0516865253448486 283
3.059971809387207 282
3.0684707164764404 282
3.0768985748291016 282
3.085968255996704 282
3.0937392711639404 282
3.1027190685272217 282
3.1114156246185303 281
3.1202921867370605 280
3.1286730766296387 280
3.137446880340576 280
3.1457152366638184 280
3.1583123207092285 280
3.1667816638946533 279
3.175140619277954 279
3.1827218532562256 278
3.192074775695801 278
3.201070547103882 278
3.2118759155273438 278
3.2208168506622314 278
3.2289724349975586 277
3.2376556396484375 276
3.246110200881958 276
3.2571563720703125 276
3.2659530639648438 276
3.2767717838287354 276
3.2856850624084473 276
3.2929906845092773 275
3.3017585277557373 275
3.3116824626922607 274
3.320553779602051 274
3.3289859294891357 275
3.3431026935577393 274
3.3526716232299805 274
3.362583875656128 274
3.371445417404175 273
3.3797452449798584 273
3.3888497352600098 272
3.401521921157837 272
3.412055253982544 272
3.4204866886138916 272
3.429630994796753 272
3.43798828125 272
3.446263074874878 271
3.4557597637176514 270
3.4659626483917236 270
3.475440263748169 270
3.482795000076294 270
3.492222785949707 269
3.5005910396575928 268
3.51011323928833 268
3.5184452533721924 268
3.5281481742858887 268
3.538118600845337 268
3.5467472076416016 268
3.5561182498931885 268
3.5661725997924805 267
3.5744595527648926 266
3.5823724269866943 266
3.5918149948120117 266
3.6000850200653076 266
3.6085615158081055 265
3.6181607246398926 264
3.628103017807007 264
3.6364216804504395 264
3.6447126865386963 264
3.6531686782836914 264
3.663689136505127 263
3.672165632247925 262
3.68049693107605 262
3.688746452331543 262
3.6978375911712646 261
3.7061452865600586 261
3.715808153152466 261
3.7246077060699463 260
3.7325937747955322 260
3.74109148979187 260
3.7514326572418213 260
3.7604076862335205 259
3.7699880599975586 259
3.778336763381958 258
3.787775993347168 258
3.805582046508789 258
3.8182053565979004 257
3.8309741020202637 256
3.842212438583374 255
3.8561437129974365 255
3.86838436126709 255
3.8768813610076904 255
3.88517165184021 254
3.893714189529419 254
3.9019994735717773 254
3.910449743270874 254
3.9204375743865967 253
3.92910099029541 252
3.9377799034118652 252
3.946089029312134 252
3.9555137157440186 252
3.9642274379730225 252
3.9730021953582764 251
3.9819023609161377 250
3.9909369945526123 250
3.9991438388824463 250
4.0078675746917725 250
4.016190767288208 250
4.026907920837402 249
4.035719871520996 249
4.044780015945435 248
4.05419397354126 248
4.062721252441406 248
4.0721917152404785 248
4.0805346965789795 248
4.0889482498168945 247
4.098084926605225 247
4.106550693511963 246
4.114804983139038 246
4.1251654624938965 246
4.132735252380371 246
4.14142918586731 246
4.150657415390015 245
4.15994930267334 244
4.168341398239136 244
4.177844524383545 244
4.186356544494629 244
4.199152231216431 244
4.208094358444214 244
4.216550827026367 243
4.226874828338623 242
4.23554253578186 242
4.242934465408325 242
4.252429008483887 242
4.261528968811035 241
4.27007269859314 241
4.279170513153076 241
4.287908315658569 240
4.297105073928833 240
4.305639982223511 240
4.31299614906311 240
4.322831869125366 239
4.332239389419556 239
4.340564489364624 238
4.349049091339111 238
4.358824729919434 238
4.367673873901367 238
4.376971960067749 237
4.385656118392944 237
4.394595146179199 236
4.402450323104858 236
4.410831689834595 236
4.418997526168823 236
4.428837060928345 236
4.43799901008606 235
4.446458101272583 234
4.456370115280151 234
4.464698314666748 234
4.472514390945435 234
4.481976747512817 234
4.490838527679443 234
4.499418020248413 233
4.508081674575806 233
4.5164477825164795 232
4.526449918746948 232
4.535557508468628 232
4.542886257171631 232
4.555714130401611 232
4.563080310821533 231
4.571966648101807 230
4.581543922424316 230
4.5905232429504395 230
4.602466344833374 230
4.610953092575073 230
4.61961817741394 229
4.629953861236572 228
4.638331651687622 228
4.646800756454468 228
4.656445503234863 228
4.664713144302368 228
4.672532081604004 227
4.681997776031494 226
4.690985441207886 226
4.699421405792236 226
4.707927465438843 226
4.716313123703003 226
4.725567579269409 226
4.73468804359436 226
4.742598295211792 225
4.752888441085815 224
4.761967420578003 224
4.770397901535034 224
4.779850482940674 224
4.788763046264648 224
4.797528982162476 223
4.806002616882324 223
4.814228057861328 222
4.822648763656616 222
4.8321778774261475 222
4.840533971786499 222
4.850559234619141 222
4.858852386474609 222
4.867701768875122 222
4.875988006591797 222
4.885896682739258 221
4.893772840499878 221
4.901989936828613 220
4.910365104675293 220
4.919059991836548 220
4.927880764007568 220
4.937166929244995 220
4.945729970932007 219
4.9556779861450195 218
4.963014364242554 218
4.971749305725098 218
4.980006456375122 218
4.990385055541992 218
