0 0
0.012186050415039062 0
0.029877424240112305 0
0.04635477066040039 2
0.06817865371704102 7
0.08823609352111816 15
0.09785842895507812 19
0.10624361038208008 25
0.11560845375061035 29
0.12347650527954102 34
0.13193631172180176 39
0.14212989807128906 45
0.15064048767089844 52
0.15885686874389648 57
0.1675269603729248 63
0.17747974395751953 70
0.18595147132873535 76
0.19557571411132812 83
0.20290851593017578 89
0.21221327781677246 95
0.22064614295959473 102
0.2288968563079834 107
0.2375645637512207 113
0.2476646900177002 120
0.25593137741088867 125
0.2641420364379883 131
0.27460527420043945 138
0.282397985458374 143
0.29174041748046875 149
0.3023397922515869 155
0.3118135929107666 160
0.32010340690612793 165
0.32837629318237305 170
0.3368360996246338 174
0.34688448905944824 179
0.3554074764251709 183
0.36280369758605957 187
0.3739650249481201 193
0.38651323318481445 198
0.3960137367248535 201
0.4042935371398926 206
0.41678714752197266 211
0.42842721939086914 216
0.440781831741333 220
0.4542832374572754 225
0.46567559242248535 228
0.4786672592163086 233
0.49063634872436523 237
0.5055782794952393 242
0.5165114402770996 245
0.5248570442199707 247
0.5325069427490234 250
0.5418450832366943 252
0.5515332221984863 255
0.5597877502441406 257
0.5681147575378418 259
0.578026533126831 261
0.5863640308380127 264
0.5945923328399658 265
0.6045451164245605 268
0.612504243850708 269
0.6211767196655273 271
0.6293058395385742 273
0.6382508277893066 275
0.6467194557189941 277
0.6560890674591064 278
0.665684700012207 280
0.6755101680755615 282
0.6828162670135498 283
0.6914703845977783 285
0.7015299797058105 286
0.710097074508667 288
0.7183718681335449 289
0.7273075580596924 290
0.7356290817260742 291
0.7442517280578613 293
0.7528989315032959 293
0.7616307735443115 295
0.7717077732086182 296
0.7800290584564209 297
0.7924563884735107 299
0.8012585639953613 300
0.8140561580657959 301
0.8220257759094238 301
0.8303358554840088 303
0.8395431041717529 303
0.8481156826019287 304
0.857612133026123 305
0.8658463954925537 306
0.8756158351898193 307
0.8829219341278076 307
0.8915715217590332 308
0.9000413417816162 309
0.9102082252502441 309
0.9184365272521973 310
0.9269685745239258 311
0.9360404014587402 311
0.9442722797393799 312
0.9520952701568604 312
0.9620373249053955 313
0.9720883369445801 313
0.980804443359375 314
0.9889881610870361 314
0.9976511001586914 315
1.0085463523864746 315
1.0180022716522217 316
1.0266690254211426 316
1.0355415344238281 316
1.0446507930755615 317
1.0524630546569824 317
1.0620567798614502 317
1.0721046924591064 317
1.080418348312378 318
1.0888054370880127 318
1.0974550247192383 319
1.1078269481658936 319
1.1161818504333496 319
1.1243531703948975 319
1.132124423980713 319
1.1413345336914062 319
1.1497278213500977 319
1.1589207649230957 319
1.1681640148162842 320
1.1775357723236084 320
1.1894993782043457 320
1.1979825496673584 320
1.2073960304260254 320
1.2175052165985107 320
1.2257258892059326 320
1.233457088470459 320
1.2419514656066895 320
1.2501933574676514 320
1.2584600448608398 320
1.2687022686004639 320
1.2780096530914307 320
1.2866344451904297 320
1.2948625087738037 320
1.3029935359954834 320
1.3124089241027832 320
1.3221867084503174 320
1.3306207656860352 320
1.3389322757720947 320
1.3475642204284668 320
1.3557829856872559 320
1.3652617931365967 320
1.37461519241333 320
1.3823504447937012 320
1.390918493270874 320
1.3989770412445068 320
1.4081330299377441 320
1.4176452159881592 320
1.4258685111999512 320
1.434863567352295 320
1.4424552917480469 320
1.4512531757354736 320
1.4594919681549072 320
1.470412254333496 320
1.4786438941955566 320
1.487339735031128 320
1.4955906867980957 320
1.5042405128479004 320
1.5122339725494385 320
1.5216116905212402 320
1.5298421382904053 320
1.5387077331542969 320
1.547522783279419 320
1.555774211883545 320
1.5646069049835205 320
1.5745759010314941 320
1.5823452472686768 320
1.5955498218536377 320
1.6044151782989502 320
1.6124470233917236 320
1.6220436096191406 320
1.6305148601531982 320
1.6397783756256104 320
1.6480720043182373 320
1.6563608646392822 320
1.6653857231140137 320
1.6756703853607178 319
1.6835353374481201 319
1.6920616626739502 319
1.7017838954925537 319
1.7100889682769775 319
1.7192773818969727 319
1.7282657623291016 319
1.7373619079589844 318
1.7457695007324219 318
1.7535688877105713 317
1.761763095855713 317
1.772749423980713 317
1.7814488410949707 317
1.7896831035614014 317
1.7984976768493652 316
1.807375192642212 316
1.815647840499878 315
1.8254623413085938 315
1.8362891674041748 315
1.844515085220337 315
1.8523485660552979 314
1.8607397079467773 314
1.871652603149414 313
1.8800292015075684 313
1.888291358947754 313
1.8974709510803223 313
1.9057719707489014 312
1.914264440536499 312
1.922858476638794 311
1.932408094406128 311
1.9412190914154053 311
1.9492988586425781 311
1.957719087600708 310
1.9663028717041016 310
1.976592779159546 309
1.9884955883026123 309
1.998023271560669 309
2.007918119430542 309
2.0163159370422363 309
2.025810480117798 308
2.034491539001465 307
2.0423107147216797 307
2.0507919788360596 307
2.058931827545166 307
2.068314790725708 306
2.078482151031494 306
2.086921453475952 305
2.0954172611236572 305
2.1042850017547607 305
2.112236499786377 305
2.1205027103424072 304
2.1305160522460938 304
2.1387715339660645 303
2.147467613220215 303
2.1558430194854736 303
2.1653640270233154 303
2.175581932067871 303
2.1829335689544678 302
2.1916279792785645 302
2.2004623413085938 301
2.208664655685425 301
2.21734881401062 301
2.22670578956604 301
2.2358899116516113 300
2.2441060543060303 299
2.252148151397705 299
2.260448694229126 299
2.2703683376312256 299
2.279862880706787 298
2.2883353233337402 298
2.2975425720214844 297
2.3058111667633057 297
2.3140358924865723 297
2.3218746185302734 296
2.332181692123413 296
2.341872453689575 295
2.3503565788269043 295
2.358780860900879 295
2.367875576019287 295
2.378101348876953 295
2.390246629714966 294
2.399512529373169 293
2.4081854820251465 293
2.4167215824127197 293
2.424926519393921 292
2.434924364089966 292
2.4425265789031982 291
2.4512085914611816 291
2.459561347961426 291
2.468715190887451 291
2.477761745452881 291
2.488377332687378 290
2.500410556793213 289
2.511723518371582 289
2.5228233337402344 289
2.537459135055542 288
2.5485854148864746 288
2.560675859451294 287
2.572688341140747 287
2.5853006839752197 287
2.5926389694213867 286
2.6017684936523438 286
2.6100776195526123 285
2.6183676719665527 285
2.6278090476989746 285
2.6373867988586426 285
2.645800828933716 284
2.6539621353149414 284
2.6621387004852295 283
2.671394109725952 283
2.679664134979248 283
2.688751459121704 283
2.698540449142456 282
2.707380771636963 282
2.715815305709839 281
2.7240540981292725 281
2.7325234413146973 281
2.7419302463531494 281
2.7507832050323486 280
2.7599449157714844 280
2.7683310508728027 279
2.7781662940979004 279
2.7911839485168457 279
2.8003196716308594 278
2.8086633682250977 278
2.817514657974243 277
2.826122760772705 277
2.8344008922576904 277
2.8441083431243896 277
2.8552112579345703 276
2.8641180992126465 276
2.872735023498535 275
2.8814327716827393 275
2.8907597064971924 275
2.899765968322754 275
2.9080400466918945 274
2.9163479804992676 274
2.925509452819824 273
2.932833671569824 273
2.942429304122925 273
2.9512085914611816 273
2.9601080417633057 273
2.9683499336242676 272
2.9778177738189697 272
2.98612904548645 271
2.995994806289673 271
3.0042357444763184 271
3.0121817588806152 271
3.0205211639404297 270
3.0294575691223145 269
3.0389564037323 269
3.0476455688476562 269
3.056570529937744 269
3.065657615661621 269
3.074655532836914 268
3.0824599266052246 268
3.0925891399383545 267
3.1013050079345703 267
3.109731435775757 267
3.1180782318115234 267
3.1298818588256836 266
3.1434783935546875 265
3.1517586708068848 265
3.1606528759002686 265
3.1772851943969727 264
3.1856775283813477 264
3.1992790699005127 263
3.2078065872192383 263
3.2161662578582764 263
3.2256247997283936 262
3.2352371215820312 262
3.2442691326141357 261
3.2522599697113037 261
3.2614991664886475 261
3.2706265449523926 261
3.278738021850586 261
3.288508176803589 260
3.2995269298553467 259
3.3080718517303467 259
3.3163442611694336 259
3.3256638050079346 259
3.332939624786377 258
3.348797082901001 258
3.3580613136291504 257
3.366699695587158 257
3.3758695125579834 257
3.3840456008911133 256
3.3925387859344482 256
3.4020748138427734 256
3.410438299179077 255
3.418668031692505 255
3.4281997680664062 255
3.4366631507873535 255
3.4462289810180664 255
3.454559087753296 254
3.4627525806427 254
3.472231864929199 253
3.480635166168213 253
3.49002742767334 253
3.499575614929199 253
3.5083630084991455 252
3.5168488025665283 252
3.52593731880188 252
3.5341172218322754 251
3.5419740676879883 251
3.551635980606079 251
3.560521125793457 251
3.570157051086426 250
3.578528881072998 250
3.5876781940460205 250
3.6013667583465576 249
3.6099839210510254 249
3.618335008621216 249
3.627678394317627 248
3.6360116004943848 248
3.644239902496338 248
3.652785062789917 247
3.6618292331695557 247
3.6714882850646973 247
3.6797428131103516 247
3.688627243041992 246
3.6973683834075928 246
3.7065794467926025 245
3.7149112224578857 245
3.724033832550049 245
3.7320077419281006 245
3.740339517593384 245
3.7485876083374023 244
3.758526563644409 244
3.7673192024230957 243
3.7775564193725586 243
3.786036252975464 243
3.795396089553833 243
3.805663824081421 242
3.81350040435791 242
3.8222687244415283 241
3.830658197402954 241
3.8388309478759766 241
3.8476552963256836 241
3.857743501663208 241
3.865999460220337 240
3.875924587249756 240
3.88415265083313 239
3.8926782608032227 239
3.901383399963379 239
3.9106974601745605 239
3.9196765422821045 239
3.928067207336426 238
3.9364774227142334 238
3.944871664047241 237
3.9552254676818848 237
3.962625026702881 237
3.9723117351531982 237
3.9806551933288574 237
3.9896750450134277 237
4.001906633377075 236
4.0115697383880615 236
4.0209081172943115 235
4.0295374393463135 235
4.037936210632324 235
4.046250820159912 235
4.056368350982666 235
4.064636468887329 234
4.073604345321655 234
4.081853866577148 233
4.090780735015869 233
4.098992109298706 233
4.108485221862793 233
4.117260694503784 233
4.126147508621216 232
4.134438991546631 232
4.14234185218811 231
4.151750802993774 231
4.161312103271484 231
4.170470952987671 231
4.178709268569946 231
4.187908411026001 231
4.1962058544158936 230
4.20456075668335 230
4.214221715927124 229
4.22252082824707 229
4.231626272201538 229
4.239919424057007 229
4.248198986053467 229
4.257464170455933 229
4.266845703125 228
4.276160717010498 227
4.285267353057861 227
4.2926270961761475 227
4.301402568817139 227
4.312565088272095 227
4.3217761516571045 227
4.3302223682403564 226
4.338562965393066 225
4.347288608551025 225
4.356204032897949 225
4.3657660484313965 225
4.375204801559448 225
4.38264012336731 225
4.391853332519531 224
4.404260635375977 223
4.413978815078735 223
4.422585964202881 223
4.431402206420898 223
4.439714670181274 223
4.448163986206055 223
4.4572248458862305 222
4.466487884521484 222
4.475724220275879 221
4.4854748249053955 221
4.494208574295044 221
4.50206446647644 221
4.510509252548218 221
4.520663022994995 220
4.528800964355469 220
4.537657022476196 220
4.54595685005188 219
4.555254936218262 219
4.562613010406494 219
4.576858758926392 219
4.588758945465088 218
4.600400447845459 218
4.611813545227051 217
4.626349449157715 217
4.637563943862915 217
4.648899078369141 216
4.657604694366455 216
4.6669487953186035 215
4.676262855529785 215
4.685686349868774 215
4.694387435913086 215
4.702252388000488 215
4.710641384124756 214
4.720681428909302 214
4.728857040405273 213
4.7375288009643555 213
4.746005535125732 213
4.75533652305603 213
4.762640953063965 213
4.774461269378662 213
4.78262996673584 213
4.791337728500366 213
4.804036617279053 212
4.812204599380493 211
4.823973894119263 211
4.831942081451416 211
4.8402111530303955 211
4.8489227294921875 210
4.857646703720093 210
4.866090774536133 210
4.87631630897522 209
4.885637521743774 209
4.892986536026001 209
4.902135848999023 209
4.910438776016235 209
4.919285774230957 208
4.928686857223511 208
4.937405109405518 208
4.945739269256592 207
4.9545135498046875 207
4.962334394454956 207
4.972544431686401 207
4.981824159622192 207
4.990241765975952 207
4.998962163925171 206
