0 0
0.015232563018798828 0
0.03270697593688965 0
0.05766797065734863 3
0.07373571395874023 8
0.09353208541870117 16
0.10636758804321289 22
0.11691546440124512 29
0.12575888633728027 34
0.13481688499450684 38
0.14406657218933105 45
0.15326309204101562 50
0.16162848472595215 56
0.1702098846435547 63
0.17883896827697754 68
0.18881440162658691 76
0.1979973316192627 83
0.20592761039733887 89
0.21549630165100098 95
0.22466468811035156 102
0.233565092086792 110
0.2419419288635254 116
0.2521824836730957 124
0.2609553337097168 130
0.2693440914154053 137
0.27765488624572754 144
0.28617191314697266 152
0.29636049270629883 159
0.3051788806915283 165
0.31486058235168457 174
0.32331132888793945 180
0.3316826820373535 188
0.34026145935058594 194
0.35026979446411133 203
0.35886406898498535 209
0.36755871772766113 218
0.37571167945861816 224
0.38518428802490234 230
0.3936448097229004 239
0.40469908714294434 247
0.41559696197509766 254
0.4240105152130127 261
0.4328181743621826 267
0.441192626953125 272
0.45125675201416016 279
0.4596412181854248 284
0.46799135208129883 288
0.47585320472717285 292
0.48511791229248047 296
0.4943122863769531 300
0.5078921318054199 306
0.5179612636566162 310
0.5258996486663818 313
0.5347185134887695 315
0.5431666374206543 317
0.5553874969482422 321
0.564258337020874 324
0.5726892948150635 327
0.5816555023193359 330
0.5902543067932129 332
0.5992763042449951 334
0.6093096733093262 335
0.6195135116577148 336
0.6278271675109863 337
0.6356565952301025 339
0.645195722579956 341
0.6548688411712646 343
0.663128137588501 344
0.6716291904449463 344
0.6809711456298828 345
0.6892123222351074 346
0.6974494457244873 347
0.7074377536773682 348
0.7182459831237793 348
0.7259359359741211 348
0.7348480224609375 349
0.7431466579437256 350
0.7521359920501709 351
0.7616453170776367 351
0.7701048851013184 351
0.7789287567138672 351
0.7862265110015869 352
0.7951116561889648 352
0.8051586151123047 354
0.8150734901428223 354
0.823552131652832 352
0.8318898677825928 352
0.8403635025024414 352
0.8496692180633545 354
0.8594167232513428 355
0.8676066398620605 356
0.8755748271942139 356
0.8842647075653076 356
0.8928234577178955 355
0.906282901763916 356
0.9162917137145996 357
0.9251925945281982 358
0.9337790012359619 358
0.9421544075012207 356
0.9514615535736084 356
0.9610683917999268 355
0.9694747924804688 356
0.9788994789123535 356
0.9862213134765625 357
0.9950821399688721 357
1.003441572189331 357
1.015268325805664 356
1.0235931873321533 357
1.0320765972137451 357
1.040839672088623 358
1.049574851989746 357
1.0579144954681396 356
1.0688672065734863 356
1.0777478218078613 356
1.0855567455291748 357
1.09425687789917 358
1.1023318767547607 358
1.119140386581421 358
1.1279444694519043 358
1.1357190608978271 358
1.1450002193450928 358
1.1535425186157227 358
1.1629230976104736 358
1.1722803115844727 358
1.1823647022247314 358
1.1911447048187256 358
1.1993560791015625 358
1.2075774669647217 358
1.2191853523254395 358
1.2274177074432373 358
1.236264705657959 358
1.245596170425415 358
1.253878116607666 358
1.2632710933685303 358
1.271653413772583 358
1.280716896057129 358
1.2889978885650635 358
1.2963101863861084 358
1.3108794689178467 358
1.3216612339019775 358
1.3303325176239014 358
1.339280605316162 358
1.3479549884796143 358
1.355713129043579 358
1.3653719425201416 357
1.3746707439422607 357
1.3829243183135986 357
1.3948161602020264 358
1.4060485363006592 358
1.4215312004089355 356
1.4332053661346436 355
1.4451963901519775 356
1.4570202827453613 358
1.4703235626220703 359
1.482682704925537 358
1.4916026592254639 358
1.5001919269561768 356
1.5092370510101318 356
1.5199589729309082 357
1.5285851955413818 358
1.536062479019165 358
1.54536771774292 357
1.5538482666015625 356
1.5621559619903564 356
1.5716607570648193 356
1.5808427333831787 357
1.5891921520233154 358
1.5975043773651123 358
1.6053123474121094 357
1.6153595447540283 356
1.6248700618743896 355
1.6334753036499023 355
1.6423091888427734 356
1.6510727405548096 356
1.6594083309173584 356
1.6675677299499512 356
1.6775920391082764 356
1.6854197978973389 356
1.6938362121582031 356
1.7073791027069092 356
1.7177114486694336 356
1.7278015613555908 356
1.7357165813446045 356
1.7469284534454346 356
1.7552227973937988 356
1.7635183334350586 356
1.7733402252197266 356
1.7816312313079834 356
1.7900776863098145 356
1.7983012199401855 356
1.8069095611572266 356
1.815899133682251 356
1.8253087997436523 356
1.833583116531372 355
1.8428621292114258 355
1.8511922359466553 356
1.8595545291900635 356
1.8677637577056885 356
1.878028154373169 356
1.885796070098877 356
1.8941047191619873 355
1.9023356437683105 355
1.9114952087402344 355
1.9209315776824951 356
1.9310777187347412 356
1.9399433135986328 355
1.9485821723937988 355
1.9559402465820312 355
1.9646868705749512 356
1.9737751483917236 356
1.9832534790039062 356
1.9916610717773438 355
2.0002293586730957 355
2.010643482208252 355
2.0194740295410156 355
2.0314316749572754 356
2.0414512157440186 356
2.050036907196045 356
2.0582659244537354 355
2.0661141872406006 355
2.0752756595611572 355
2.084705114364624 355
2.0929243564605713 355
2.101471185684204 355
2.115339756011963 355
2.1237854957580566 355
2.1338703632354736 354
2.1431736946105957 354
2.151512384414673 354
2.159844160079956 355
2.1686458587646484 355
2.1774697303771973 355
2.1861119270324707 354
2.194870710372925 354
2.203855276107788 354
2.212224006652832 354
2.2214794158935547 354
2.2312657833099365 355
2.2411017417907715 354
2.2502188682556152 354
2.259214401245117 353
2.2674641609191895 354
2.2760684490203857 354
2.285698175430298 355
2.294602155685425 354
2.3034980297088623 354
2.311748504638672 354
2.321122169494629 354
2.329348087310791 354
2.3394711017608643 354
2.3476479053497314 354
2.355579137802124 354
2.3640151023864746 354
2.372661828994751 354
2.3810689449310303 354
2.3906331062316895 354
2.398864984512329 354
2.4077770709991455 354
2.4173519611358643 354
2.4251415729522705 354
2.435084342956543 354
2.443866014480591 354
2.452085018157959 354
2.460803270339966 354
2.4699957370758057 354
2.4782299995422363 354
2.4874818325042725 354
2.4954731464385986 354
2.509172201156616 354
2.518641471862793 354
2.5260071754455566 354
2.5361924171447754 354
2.5454165935516357 354
2.5536890029907227 354
2.5618934631347656 354
2.5709171295166016 354
2.579167127609253 354
2.5888755321502686 354
2.5961759090423584 354
2.605332136154175 354
2.6147985458374023 354
2.6232426166534424 354
2.631516933441162 354
2.641615629196167 354
2.6503539085388184 354
2.658846616744995 353
2.6662545204162598 353
2.6751699447631836 353
2.6834704875946045 353
2.69288969039917 354
2.7019128799438477 354
2.7107975482940674 353
2.7209222316741943 352
2.7292704582214355 352
2.7379658222198486 352
2.746961832046509 352
2.755216121673584 352
2.7656211853027344 353
2.775158405303955 353
2.7834279537200928 353
2.7929155826568604 352
2.801908016204834 352
2.8105874061584473 352
2.8195879459381104 352
2.8277838230133057 352
2.8361382484436035 352
2.84568190574646 352
2.8547821044921875 352
2.862955093383789 352
2.8718998432159424 352
2.8807690143585205 352
2.8891751766204834 352
2.8991336822509766 352
2.911555051803589 352
2.9208786487579346 352
2.9292831420898438 352
2.9387147426605225 352
2.9477834701538086 352
2.956174373626709 352
2.9654455184936523 352
2.973721504211426 352
2.981980085372925 352
2.9906294345855713 352
3.0002660751342773 352
3.0088906288146973 352
3.017861843109131 352
3.0256423950195312 352
3.0349624156951904 352
3.0431857109069824 352
3.052215576171875 352
3.0613627433776855 352
3.070674419403076 352
3.0789332389831543 352
3.0861878395080566 352
3.0955965518951416 352
3.1048099994659424 352
3.120121955871582 352
3.131460189819336 352
3.140132427215576 352
3.1496880054473877 352
3.1588969230651855 352
3.167634963989258 352
3.176865816116333 352
3.18505859375 352
3.1934638023376465 352
3.2032158374786377 352
3.2115111351013184 352
3.2208337783813477 352
3.2297422885894775 352
3.240309953689575 352
3.2497034072875977 352
3.258817672729492 352
3.2676424980163574 352
3.275585889816284 352
3.2838876247406006 352
3.2921183109283447 352
3.301924228668213 352
3.315322160720825 352
3.323725461959839 352
3.333080530166626 352
3.341494560241699 352
3.35565185546875 352
3.365259885787964 352
3.3737289905548096 352
3.382103681564331 352
3.390767812728882 352
3.4014289379119873 351
3.4100160598754883 351
3.4191925525665283 351
3.427388906478882 351
3.4360511302948 351
3.4447622299194336 351
3.454021453857422 351
3.4631569385528564 351
3.473295211791992 351
3.4841296672821045 350
3.498354911804199 350
3.5114994049072266 351
3.524061918258667 353
3.536031484603882 353
3.547881603240967 352
3.560770034790039 350
3.575565814971924 349
3.585280656814575 350
3.5937206745147705 351
3.6037487983703613 352
3.6133599281311035 352
3.6218454837799072 350
3.6311864852905273 350
3.6395211219787598 350
3.647710084915161 350
3.6562883853912354 350
3.665809154510498 350
3.6751418113708496 350
3.683457136154175 350
3.6917221546173096 350
3.7008466720581055 350
3.715526819229126 350
3.724008798599243 350
3.733316421508789 350
3.7429418563842773 350
3.751300096511841 350
3.7612831592559814 350
3.769597291946411 349
3.77884840965271 349
3.78741717338562 349
3.7959933280944824 350
3.8048038482666016 350
3.814890146255493 350
3.8231284618377686 350
3.831822156906128 349
3.8403193950653076 349
3.8488824367523193 349
3.857853651046753 349
3.8661720752716064 350
3.8754074573516846 350
3.8838248252868652 349
3.8920865058898926 349
3.901305675506592 349
3.9108967781066895 350
3.9203062057495117 350
3.929202079772949 350
3.9375104904174805 349
3.9453041553497314 348
3.953587770462036 349
3.963430404663086 349
3.9718220233917236 349
3.9809088706970215 349
3.989199161529541 349
3.9977734088897705 350
4.005711078643799 350
4.015810012817383 349
4.024313449859619 348
4.033594131469727 349
4.042054653167725 350
4.050946950912476 350
4.059962749481201 350
4.069421291351318 348
4.077781915664673 348
4.085628271102905 348
4.095019578933716 348
4.103265762329102 349
4.117576599121094 349
4.1261444091796875 348
4.135065793991089 348
4.143491506576538 348
4.151862144470215 348
4.160884141921997 348
4.170139312744141 348
4.178724050521851 348
4.187472581863403 348
4.196153163909912 348
4.20478892326355 348
4.215101957321167 348
4.223403215408325 348
4.232170104980469 348
4.240849733352661 348
4.249707937240601 348
4.260652303695679 348
4.270101547241211 348
4.278613567352295 348
4.286907434463501 348
4.295774936676025 348
4.304154872894287 348
4.313516855239868 348
4.323112964630127 348
4.331963062286377 348
4.3406336307525635 348
4.348977088928223 348
4.356266021728516 348
4.3652544021606445 348
4.374732494354248 348
4.382963180541992 348
4.39227032661438 348
4.400895833969116 348
4.409182786941528 348
4.419408798217773 348
4.4295244216918945 348
4.43874979019165 348
4.446066856384277 348
4.454849720001221 348
4.463343143463135 348
4.472609519958496 348
4.48102068901062 348
4.490689516067505 348
4.498988389968872 348
4.506294012069702 348
4.521448373794556 348
4.530792713165283 348
4.539483070373535 348
4.5477259159088135 348
4.555512189865112 348
4.564709901809692 348
4.574252367019653 347
4.582850456237793 347
4.5920398235321045 347
4.601104974746704 347
4.609382629394531 347
4.618844270706177 347
4.629038572311401 347
4.636338710784912 347
4.647777795791626 346
4.656829357147217 346
4.665412425994873 347
4.675607919692993 348
4.684083461761475 348
4.693774223327637 347
4.702247858047485 346
4.7110326290130615 346
4.723185300827026 346
4.731652736663818 347
4.740255832672119 348
4.748887062072754 347
4.75865364074707 346
4.766097068786621 346
4.7773449420928955 346
4.785328149795532 347
4.794956207275391 348
4.803243160247803 347
4.811774015426636 346
4.822009563446045 345
4.8356757164001465 346
4.844163417816162 347
4.852833986282349 348
4.861745119094849 349
4.8709328174591064 348
4.880211591720581 347
4.889457702636719 346
4.898707151412964 346
4.906033992767334 346
4.919692754745483 346
4.930204391479492 347
4.938836574554443 347
4.946194171905518 346
4.955502033233643 346
4.964038372039795 346
4.972203493118286 346
4.98172926902771 347
4.991063117980957 347
5.000038146972656 347
