0 0
0.013573169708251953 0
0.0302126407623291 0
0.04824042320251465 2
0.07011961936950684 8
0.08608436584472656 15
0.10577940940856934 25
0.12070941925048828 32
0.12859129905700684 37
0.13759899139404297 42
0.14603710174560547 48
0.15500402450561523 54
0.1676347255706787 62
0.1759188175201416 70
0.18413925170898438 76
0.19265222549438477 81
0.2017364501953125 87
0.20992040634155273 95
0.2185351848602295 101
0.22728419303894043 107
0.23613500595092773 114
0.24813222885131836 124
0.25736355781555176 130
0.267733097076416 140
0.277301549911499 146
0.28554201126098633 152
0.2938387393951416 159
0.30304813385009766 167
0.3113288879394531 174
0.3203141689300537 182
0.3282468318939209 188
0.33728957176208496 194
0.3455464839935303 201
0.35439324378967285 209
0.36460065841674805 217
0.3747084140777588 226
0.38358497619628906 232
0.39188623428344727 240
0.4011549949645996 247
0.4084656238555908 254
0.41715121269226074 260
0.4263498783111572 268
0.43468213081359863 275
0.4434781074523926 282
0.4517362117767334 288
0.4599020481109619 296
0.47037649154663086 304
0.4798309803009033 313
0.487795352935791 318
0.49697113037109375 326
0.5054101943969727 333
0.5136768817901611 339
0.5219414234161377 348
0.5318949222564697 356
0.5400145053863525 362
0.5477416515350342 367
0.5560810565948486 374
0.567101240158081 380
0.5762190818786621 385
0.5844969749450684 388
0.5935347080230713 391
0.6024229526519775 393
0.6130881309509277 394
0.6214895248413086 394
0.6316366195678711 394
0.6397919654846191 392
0.6534039974212646 390
0.6631348133087158 388
0.6721880435943604 384
0.6816749572753906 381
0.6898858547210693 376
0.6983153820037842 372
0.7070176601409912 368
0.715214729309082 363
0.723475456237793 358
0.7340707778930664 352
0.7425916194915771 348
0.7510921955108643 345
0.7583892345428467 342
0.7702898979187012 340
0.7812111377716064 340
0.7884883880615234 340
0.7978105545043945 340
0.80621337890625 342
0.8144164085388184 343
0.8230781555175781 346
0.8334295749664307 349
0.843665599822998 353
0.8523955345153809 358
0.8659262657165527 364
0.8761181831359863 368
0.8859667778015137 372
0.8949997425079346 374
0.9033825397491455 375
0.9116549491882324 375
0.9198596477508545 375
0.9284107685089111 374
0.9378077983856201 372
0.9460668563842773 370
0.9542443752288818 367
0.9632201194763184 364
0.9720385074615479 360
0.9815905094146729 357
0.9897007942199707 354
0.9979767799377441 352
1.0064167976379395 350
1.0144190788269043 349
1.023111343383789 348
1.033188819885254 349
1.0452373027801514 351
1.0536394119262695 353
1.062462568283081 356
1.0723729133605957 359
1.0803143978118896 361
1.089266061782837 364
1.0979547500610352 366
1.1063728332519531 367
1.1144061088562012 368
1.1229848861694336 368
1.131702184677124 368
1.1411874294281006 367
1.1524240970611572 365
1.1645195484161377 362
1.1770896911621094 359
1.1901366710662842 356
1.2022252082824707 354
1.2133026123046875 352
1.2254159450531006 352
1.2375261783599854 354
1.2456765174865723 355
1.2538387775421143 356
1.2632362842559814 359
1.272308349609375 361
1.2813591957092285 362
1.2902932167053223 364
1.2983736991882324 365
1.306992530822754 366
1.3149981498718262 366
1.3232994079589844 366
1.3320860862731934 364
1.3415908813476562 363
1.3509902954101562 362
1.3596720695495605 360
1.3679769039154053 359
1.3762149810791016 358
1.386228084564209 356
1.3960156440734863 356
1.4042744636535645 356
1.412590742111206 356
1.4209723472595215 356
1.4297714233398438 356
1.4382495880126953 357
1.4517498016357422 358
1.460343837738037 360
1.4710941314697266 361
1.4784090518951416 361
1.4874365329742432 362
1.4971508979797363 362
1.505246639251709 362
1.5135259628295898 362
1.52189302444458 361
1.5306384563446045 361
1.538118600845337 360
1.5473511219024658 360
1.5554893016815186 359
1.564117670059204 358
1.573228359222412 358
1.581554651260376 358
1.5894334316253662 358
1.5983481407165527 358
1.6066176891326904 358
1.6145477294921875 358
1.6234753131866455 359
1.6316406726837158 359
1.6397650241851807 360
1.6483163833618164 360
1.6575310230255127 360
1.666426181793213 360
1.674391269683838 360
1.682671070098877 360
1.6931421756744385 360
1.7014760971069336 360
1.7086389064788818 360
1.717188835144043 360
1.7259340286254883 360
1.7340965270996094 359
1.7424218654632568 359
1.7514896392822266 359
1.7598457336425781 359
1.7682456970214844 359
1.7764804363250732 359
1.784590244293213 360
1.7945928573608398 360
1.8031654357910156 360
1.8113317489624023 360
1.8185536861419678 359
1.8278694152832031 359
1.8359804153442383 359
1.8485054969787598 360
1.857764482498169 360
1.8699159622192383 360
1.8782916069030762 360
1.887108325958252 359
1.8969666957855225 359
1.9054136276245117 359
1.9144022464752197 360
1.9245727062225342 360
1.9339678287506104 360
1.9424412250518799 360
1.9516489505767822 359
1.9606285095214844 359
1.9693152904510498 359
1.9773356914520264 359
1.9872024059295654 360
1.9959759712219238 360
2.0072085857391357 360
2.0152320861816406 360
2.0240209102630615 359
2.0323243141174316 359
2.040297508239746 359
2.0497617721557617 359
2.0581161975860596 360
2.0674681663513184 360
2.0755581855773926 360
2.0836775302886963 359
2.0924861431121826 359
2.1020901203155518 359
2.110124349594116 359
2.117743730545044 359
2.1264591217041016 360
2.134427309036255 360
2.1429359912872314 360
2.1518473625183105 359
2.16062331199646 359
2.1697535514831543 359
2.177537441253662 359
2.1865181922912598 360
2.1945788860321045 360
2.204350233078003 360
2.2126779556274414 360
2.2212493419647217 359
2.228466033935547 359
2.2369768619537354 359
2.245176076889038 359
2.2583887577056885 360
2.267806053161621 360
2.2760534286499023 360
2.2841179370880127 360
2.2931551933288574 359
2.3031322956085205 359
2.311246156692505 359
2.319827079772949 359
2.3274688720703125 360
2.33564829826355 360
2.3438639640808105 360
2.3537652492523193 360
2.3620877265930176 359
2.371349811553955 359
2.3786144256591797 359
2.387538194656372 359
2.3956520557403564 360
2.4055275917053223 360
2.4136695861816406 360
2.4230470657348633 359
2.431337356567383 359
2.438516855239868 359
2.447031021118164 359
2.4569413661956787 359
2.4663829803466797 360
2.474430799484253 360
2.4831159114837646 360
2.4926164150238037 359
2.5023751258850098 359
2.511953115463257 359
2.5210959911346436 359
2.528262138366699 360
2.536496877670288 360
2.5445990562438965 360
2.553792953491211 360
2.5632617473602295 359
2.5722270011901855 359
2.5801661014556885 359
2.588428497314453 359
2.5969629287719727 360
2.605720043182373 360
2.6145873069763184 360
2.6235294342041016 359
2.6316733360290527 359
2.639683246612549 359
2.6473538875579834 359
2.661482095718384 359
2.670163869857788 360
2.6779592037200928 360
2.687140941619873 360
2.695411443710327 359
2.7035040855407715 359
2.7132484912872314 359
2.72202730178833 359
2.7300589084625244 360
2.7377119064331055 360
2.7458906173706055 360
2.754309892654419 360
2.7636959552764893 359
2.7727062702178955 359
2.7811779975891113 359
2.789313554763794 359
2.797393321990967 360
2.805469512939453 360
2.8149778842926025 360
2.8240742683410645 359
2.832430124282837 359
2.8402929306030273 359
2.848069667816162 359
2.856642246246338 359
2.866414785385132 360
2.8744301795959473 360
2.8834946155548096 360
2.8915889263153076 360
2.8992526531219482 359
2.9075028896331787 359
2.9172110557556152 359
2.925250768661499 359
2.9334213733673096 360
2.9415321350097656 360
2.9501378536224365 360
2.9579250812530518 360
2.968050718307495 359
2.976151466369629 359
2.9852681159973145 359
2.9934709072113037 359
3.00180983543396 360
3.011070966720581 360
3.021388292312622 360
3.0301709175109863 359
3.0381884574890137 359
3.046428918838501 359
3.058706760406494 359
3.0698275566101074 359
3.0775864124298096 359
3.086411237716675 360
3.0944249629974365 360
3.103793144226074 359
3.1124703884124756 359
3.1225483417510986 359
3.130920648574829 359
3.13810658454895 359
3.1464428901672363 359
3.1554765701293945 360
3.163666009902954 360
3.1737093925476074 359
3.182483673095703 359
3.1905860900878906 359
3.1984100341796875 359
3.207139730453491 359
3.2160608768463135 359
3.2273590564727783 360
3.238377809524536 359
3.2511401176452637 359
3.262490749359131 359
3.2756850719451904 359
3.2873358726501465 359
3.3053736686706543 360
3.3140361309051514 359
3.324124813079834 359
3.3324220180511475 359
3.340305805206299 359
3.3486413955688477 359
3.3571720123291016 359
3.3659229278564453 359
3.375152111053467 360
3.3839292526245117 360
3.3922927379608154 359
3.4002583026885986 359
3.4079339504241943 359
3.416982889175415 359
3.425957441329956 359
3.4340715408325195 359
3.442532539367676 360
3.455251693725586 360
3.4636342525482178 359
3.474583387374878 359
3.483736753463745 359
3.4918932914733887 359
3.4999873638153076 359
3.5078372955322266 359
3.5192129611968994 360
3.5285980701446533 359
3.537200689315796 359
3.5456907749176025 359
3.5539045333862305 359
3.562368869781494 359
3.5713958740234375 359
3.581367254257202 360
3.588571548461914 360
3.597113847732544 360
3.6053128242492676 359
3.6141715049743652 359
3.62296986579895 359
3.63252329826355 359
3.640641927719116 359
3.648646831512451 359
3.6571974754333496 360
3.6661319732666016 359
3.6754531860351562 359
3.6843981742858887 359
3.6930043697357178 359
3.7011938095092773 359
3.708385467529297 359
3.717344045639038 359
3.7261335849761963 360
3.735201120376587 359
3.744140863418579 359
3.7525928020477295 359
3.7609949111938477 359
3.769747495651245 359
3.7792739868164062 359
3.787367105484009 359
3.7955071926116943 360
3.8038320541381836 360
3.8129522800445557 359
3.821093797683716 359
3.8299245834350586 359
3.838068962097168 359
3.847215175628662 359
3.8592164516448975 360
3.8784193992614746 360
3.887207508087158 359
3.89542293548584 359
3.9037587642669678 359
3.912440776824951 359
3.9210996627807617 359
3.9314193725585938 359
3.940061330795288 360
3.9481897354125977 359
3.9565045833587646 359
3.964703321456909 359
3.973851442337036 359
3.9854342937469482 359
3.994479179382324 359
4.003014087677002 359
4.0113677978515625 360
4.018568754196167 360
4.027159690856934 359
4.0361168384552 359
4.045231103897095 359
4.053483486175537 359
4.06165885925293 359
4.0709309577941895 359
4.079174995422363 359
4.088149785995483 360
4.096405982971191 359
4.104564428329468 359
4.113727569580078 359
4.122025489807129 359
4.130145072937012 359
4.138635873794556 359
4.148231267929077 359
4.156496524810791 359
4.1651930809021 359
4.174011707305908 359
4.1837098598480225 359
4.191951513290405 359
4.200012922286987 359
4.207677841186523 359
4.216531991958618 359
4.2250049114227295 359
4.233290433883667 359
4.243237018585205 359
4.251565456390381 359
4.263585567474365 359
4.273015975952148 359
4.282197713851929 359
4.291475057601929 359
4.298637390136719 359
4.307495355606079 359
4.315964221954346 359
4.3240966796875 359
4.3324151039123535 359
4.341899633407593 359
4.349939823150635 359
4.358095645904541 359
4.367438316345215 359
4.376355171203613 359
4.384491920471191 359
4.3939032554626465 359
4.4025256633758545 359
4.411325693130493 359
4.4185028076171875 359
4.42721962928772 359
4.435275554656982 359
4.445188760757446 359
4.4534032344818115 359
4.461641311645508 359
4.4722020626068115 359
4.481280565261841 359
4.490235090255737 359
4.497929334640503 359
4.50695013999939 359
4.515201568603516 359
4.524412393569946 359
4.532984972000122 359
4.5424017906188965 359
4.550296783447266 359
4.558321237564087 359
4.5676960945129395 359
4.576406478881836 359
4.586523532867432 359
4.596165895462036 359
4.604281187057495 359
4.613458633422852 359
4.621586322784424 359
4.629248380661011 359
4.637314081192017 359
4.647045612335205 359
4.65792441368103 359
4.671588182449341 359
4.680195093154907 359
4.687981605529785 359
4.697362422943115 359
4.706102609634399 359
4.714209794998169 359
4.72260308265686 359
4.7309184074401855 359
4.739191293716431 359
4.748086214065552 359
4.7562196254730225 359
4.764660120010376 359
4.774596691131592 359
4.783428907394409 359
4.791666269302368 359
4.800646781921387 359
4.808517932891846 359
4.817058086395264 359
4.825266361236572 359
4.835727214813232 359
4.845869302749634 359
4.853993654251099 359
4.8623175621032715 359
4.8734822273254395 359
4.8826963901519775 359
4.891072988510132 359
4.899935483932495 359
4.908327579498291 359
4.916944265365601 359
4.924669981002808 359
4.93316912651062 359
4.942288160324097 359
4.951611518859863 359
4.9596779346466064 359
4.971900701522827 359
4.981173038482666 359
4.988379001617432 359
4.997738838195801 359
