0 0
0.014630317687988281 0
0.032970428466796875 0
0.05198931694030762 3
0.07117271423339844 7
0.08628201484680176 14
0.10107254981994629 18
0.10933423042297363 20
0.11749148368835449 21
0.12552833557128906 22
0.13478970527648926 24
0.14381074905395508 26
0.15219759941101074 28
0.1613774299621582 29
0.16967439651489258 31
0.17926859855651855 32
0.18768930435180664 33
0.20287704467773438 36
0.21146607398986816 39
0.22017741203308105 41
0.2298870086669922 43
0.24001550674438477 46
0.24939775466918945 47
0.2577219009399414 48
0.26610231399536133 50
0.27552199363708496 51
0.28420519828796387 53
0.2928647994995117 55
0.30258822441101074 57
0.31137943267822266 58
0.3199441432952881 59
0.32913851737976074 60
0.33739781379699707 63
0.3452472686767578 65
0.3547983169555664 67
0.3636956214904785 68
0.37275099754333496 69
0.3817465305328369 70
0.3908264636993408 72
0.4007432460784912 75
0.4092743396759033 76
0.417621374130249 77
0.426128625869751 78
0.4351184368133545 80
0.4434525966644287 82
0.4530770778656006 84
0.4619572162628174 86
0.47081780433654785 86
0.4797987937927246 87
0.4879627227783203 88
0.49742913246154785 90
0.5141959190368652 94
0.5233802795410156 96
0.5328447818756104 97
0.5415582656860352 98
0.5511512756347656 98
0.5601978302001953 100
0.5687565803527832 102
0.5777969360351562 103
0.5856788158416748 104
0.5950920581817627 104
0.6092178821563721 104
0.6174359321594238 106
0.6258158683776855 108
0.634685754776001 110
0.6430981159210205 112
0.6522231101989746 113
0.661492109298706 114
0.6713471412658691 114
0.6848175525665283 116
0.6977231502532959 120
0.7107388973236084 122
0.72190260887146 122
0.7346832752227783 123
0.7467892169952393 124
0.7587730884552002 126
0.7661609649658203 128
0.7756106853485107 130
0.7840867042541504 132
0.793398380279541 132
0.8018758296966553 133
0.8114738464355469 134
0.8199067115783691 136
0.829554557800293 138
0.8378396034240723 139
0.8457014560699463 139
0.8553833961486816 140
0.8646378517150879 141
0.8737568855285645 142
0.882028341293335 144
0.8908569812774658 145
0.8996810913085938 147
0.9094119071960449 147
0.9177505970001221 148
0.9256172180175781 148
0.9348514080047607 150
0.9431233406066895 151
0.9514555931091309 152
0.960961103439331 153
0.9700748920440674 154
0.9793112277984619 155
0.9877135753631592 156
0.99554443359375 156
1.0101613998413086 158
1.0188114643096924 160
1.0262625217437744 161
1.036057710647583 162
1.0447998046875 163
1.0531177520751953 164
1.0626153945922852 164
1.0719969272613525 165
1.0813558101654053 166
1.0898981094360352 167
1.0988914966583252 168
1.106809139251709 169
1.1159718036651611 170
1.1247735023498535 171
1.1337831020355225 172
1.1420528888702393 172
1.150953769683838 173
1.159325122833252 174
1.1693940162658691 175
1.1787257194519043 176
1.1860606670379639 177
1.1951203346252441 178
1.2040627002716064 179
1.2135872840881348 179
1.2219734191894531 180
1.2311100959777832 181
1.2394189834594727 182
1.2477104663848877 183
1.2587270736694336 184
1.2688453197479248 184
1.2782466411590576 185
1.285858392715454 186
1.2952075004577637 186
1.3036744594573975 187
1.3131663799285889 188
1.3216259479522705 190
1.33113694190979 190
1.3401503562927246 190
1.3487675189971924 190
1.3574638366699219 192
1.3660671710968018 193
1.3753342628479004 194
1.3836870193481445 194
1.3932430744171143 194
1.406057357788086 195
1.4157178401947021 197
1.4252243041992188 198
1.4336819648742676 199
1.4428308010101318 199
1.451547384262085 200
1.4607656002044678 200
1.470038652420044 201
1.4793672561645508 202
1.4879355430603027 202
1.4957656860351562 203
1.504622459411621 203
1.5131678581237793 203
1.523198127746582 204
1.5315008163452148 206
1.5399675369262695 207
1.548997163772583 207
1.5581624507904053 207
1.567491054534912 207
1.5760459899902344 208
1.5849459171295166 209
1.5935914516448975 211
1.6018805503845215 212
1.6105828285217285 212
1.6206610202789307 212
1.629253625869751 212
1.6375706195831299 212
1.6459228992462158 214
1.6552119255065918 215
1.6636650562286377 217
1.67472243309021 218
1.6830670833587646 218
1.6921606063842773 218
1.7008624076843262 218
1.7093722820281982 218
1.7177543640136719 219
1.727649211883545 222
1.7355201244354248 222
1.7439641952514648 224
1.7530972957611084 224
1.7629742622375488 223
1.77274489402771 222
1.7817914485931396 223
1.7912518978118896 224
1.799616813659668 225
1.8126404285430908 226
1.8227806091308594 226
1.8313651084899902 225
1.840024709701538 225
1.848586082458496 226
1.8581993579864502 227
1.8659117221832275 228
1.877290964126587 229
1.8858284950256348 229
1.894684076309204 230
1.9030747413635254 230
1.9114413261413574 230
1.920691967010498 230
1.930565357208252 232
1.9388635158538818 233
1.9461522102355957 234
1.9552068710327148 233
1.9636731147766113 232
1.9740374088287354 232
1.983020544052124 232
1.9914655685424805 232
1.9999010562896729 234
2.009899377822876 236
2.018955707550049 238
2.0282812118530273 239
2.0358593463897705 239
2.0451223850250244 239
2.0546021461486816 238
2.062851667404175 238
2.071265459060669 240
2.0821030139923096 241
2.0907657146453857 241
2.0993120670318604 240
2.107511520385742 240
2.116034507751465 240
2.1247544288635254 242
2.1339383125305176 242
2.14308500289917 242
2.1514313220977783 242
2.160047769546509 244
2.1688153743743896 244
2.1798980236053467 244
2.1882574558258057 244
2.195852279663086 244
2.2096261978149414 246
2.2179176807403564 248
2.225940227508545 248
2.2356369495391846 248
2.244953155517578 248
2.253235340118408 248
2.2615227699279785 249
2.2714760303497314 251
2.2834393978118896 252
2.2918686866760254 252
2.3006749153137207 251
2.309582471847534 251
2.3178811073303223 251
2.325631856918335 252
2.335268974304199 253
2.3446497917175293 254
2.353604793548584 254
2.3620004653930664 254
2.370709180831909 254
2.3815760612487793 254
2.390031337738037 255
2.398674249649048 256
2.4060897827148438 257
2.4154162406921387 257
2.42374324798584 256
2.433184862136841 256
2.4415230751037598 256
2.4499287605285645 257
2.458590269088745 258
2.467390537261963 259
2.476121664047241 259
2.4856925010681152 258
2.4946322441101074 258
2.503403902053833 258
2.511702060699463 259
2.520568609237671 260
2.5290563106536865 260
2.5392467975616455 260
2.5474560260772705 260
2.5552589893341064 260
2.563600540161133 260
2.574601888656616 261
2.583681106567383 262
2.592167615890503 263
2.600965976715088 264
2.6146392822265625 264
2.6231818199157715 263
2.631669521331787 262
2.6419484615325928 262
2.650803565979004 263
2.659209966659546 264
2.6674976348876953 265
2.678933620452881 265
2.687912940979004 264
2.6958305835723877 263
2.7053351402282715 262
2.713759660720825 263
2.721930503845215 264
2.7308077812194824 264
2.7408299446105957 265
2.749951124191284 264
2.761592149734497 264
2.7747414112091064 264
2.788698196411133 266
2.8000729084014893 266
2.8119025230407715 265
2.8236770629882812 264
2.8349924087524414 264
2.8441152572631836 264
2.852262258529663 265
2.8610665798187256 266
2.8699746131896973 267
2.8798024654388428 267
2.889272689819336 267
2.897531270980835 267
2.9058260917663574 267
2.9146382808685303 268
2.92287278175354 268
2.931226968765259 268
2.941330671310425 268
2.9499130249023438 268
2.9579081535339355 269
2.9658236503601074 269
2.975618600845337 270
2.9840738773345947 269
2.9934380054473877 268
3.002258062362671 269
3.015094757080078 270
3.0236408710479736 271
3.0321006774902344 271
3.042131185531616 270
3.050901412963867 270
3.0592451095581055 269
3.067920684814453 270
3.0847342014312744 270
3.093981981277466 271
3.103391647338867 271
3.111694574356079 270
3.1202969551086426 270
3.129455804824829 270
3.140123128890991 270
3.150658369064331 271
3.1591594219207764 271
3.1685640811920166 272
3.1778626441955566 271
3.1861438751220703 271
3.1976287364959717 271
3.2060208320617676 272
3.214798927307129 272
3.2230751514434814 272
3.2314043045043945 272
3.2406651973724365 272
3.2499353885650635 272
3.257946491241455 272
3.2669014930725098 272
3.275926351547241 272
3.284560203552246 272
3.292778730392456 272
3.302286386489868 272
3.312272548675537 272
3.3208749294281006 272
3.329118490219116 272
3.3382129669189453 272
3.347468376159668 272
3.3552658557891846 272
3.3706088066101074 273
3.379483938217163 273
3.3876888751983643 272
3.417743682861328 272
3.425685405731201 272
3.4352593421936035 273
3.4438045024871826 273
3.453293561935425 273
3.461587429046631 272
3.4707956314086914 272
3.480037212371826 272
3.488600492477417 273
3.4961061477661133 273
3.5060694217681885 273
3.5148394107818604 272
3.523233413696289 272
3.532083034515381 272
3.5407302379608154 272
3.549140691757202 272
3.5585944652557373 272
3.567444324493408 272
3.5757856369018555 272
3.584223747253418 272
3.592550277709961 272
3.601945161819458 272
3.610788345336914 272
3.6191253662109375 272
3.6272828578948975 272
3.6356496810913086 272
3.6440646648406982 272
3.6535098552703857 272
3.661891460418701 272
3.6707651615142822 272
3.680615186691284 272
3.6889266967773438 272
3.6976070404052734 272
3.7094781398773193 272
3.7176809310913086 272
3.725883722305298 272
3.7347826957702637 272
3.743037462234497 272
3.7513554096221924 272
3.7612688541412354 272
3.769582748413086 272
3.779026508331299 272
3.78684663772583 272
3.7961502075195312 272
3.805659770965576 272
3.818787097930908 272
3.827533006668091 272
3.835531711578369 272
3.844083786010742 272
3.8528268337249756 271
3.862805128097534 271
3.8712615966796875 272
3.880746364593506 272
3.889038562774658 272
3.898648262023926 272
3.907731294631958 271
3.915874719619751 271
3.925307035446167 270
3.933784246444702 270
3.942068338394165 271
3.950967788696289 271
3.9607632160186768 271
3.9692416191101074 271
3.9788331985473633 270
3.9862115383148193 270
3.9955356121063232 270
4.003948450088501 270
4.013257026672363 270
4.021563768386841 270
4.030755519866943 270
4.039085865020752 270
4.047298908233643 269
4.055398464202881 269
4.065587282180786 269
4.0749101638793945 269
4.083212852478027 270
4.092549562454224 270
4.101048946380615 269
4.111264228820801 268
4.119655609130859 268
4.128942489624023 268
4.136252164840698 268
4.144986391067505 268
4.153423547744751 268
4.1636457443237305 268
4.172066926956177 268
4.181667804718018 267
4.190859079360962 267
4.199148416519165 267
4.2078537940979 266
4.2230613231658936 266
4.231567144393921 266
4.240166902542114 267
4.248802900314331 267
4.25748872756958 266
4.2662129402160645 266
4.275670051574707 266
4.284036874771118 266
4.293187856674194 265
4.301588773727417 265
4.310904502868652 265
4.320194721221924 265
4.32958459854126 266
4.3378636837005615 265
4.345776557922363 265
4.354960680007935 264
4.364618539810181 266
4.373777151107788 266
4.38201904296875 266
4.39142918586731 265
4.399972200393677 264
4.408255338668823 264
4.418271780014038 265
4.427280902862549 265
4.435107946395874 264
4.443700075149536 263
4.452189207077026 263
4.461610555648804 263
4.471331834793091 264
4.480686902999878 264
4.48921537399292 264
4.497437477111816 264
4.5052831172943115 264
4.516206502914429 262
4.525534391403198 262
4.533963203430176 263
4.542187452316284 264
4.55095362663269 264
4.559896469116211 263
4.569558143615723 262
4.579130411148071 262
4.587926149368286 262
4.595741033554077 262
4.604098320007324 262
4.61736273765564 261
4.627563238143921 260
4.6358277797698975 260
4.6446332931518555 260
4.653368234634399 261
4.661837339401245 261
4.671505689620972 260
4.681593894958496 259
4.69123101234436 259
4.699666261672974 259
4.707885265350342 260
4.715782880783081 259
4.728906869888306 258
4.736302375793457 258
4.7450878620147705 258
4.754645586013794 258
4.762887716293335 259
4.772538423538208 259
4.781574487686157 259
4.790865898132324 258
4.799341440200806 257
4.807692289352417 257
4.815702438354492 257
4.825685262680054 258
4.837798833847046 258
4.849093675613403 256
4.8616814613342285 255
4.8756890296936035 254
4.88860559463501 255
4.9000537395477295 257
4.911283731460571 258
4.920588254928589 258
4.930715799331665 258
4.938987731933594 257
4.947312116622925 256
4.955854177474976 256
4.96471095085144 256
4.9748313426971436 256
4.98321533203125 255
4.992253065109253 255
