0 0
0.01203608512878418 0
0.02718830108642578 0
0.04884052276611328 2
0.07009148597717285 8
0.08669328689575195 16
0.09779548645019531 20
0.10784339904785156 25
0.11785769462585449 31
0.1262202262878418 36
0.13564610481262207 42
0.14484572410583496 48
0.15279650688171387 54
0.1624302864074707 60
0.17122149467468262 66
0.17985248565673828 72
0.18835210800170898 78
0.1979231834411621 85
0.20707988739013672 92
0.21576809883117676 98
0.22311854362487793 103
0.2323305606842041 108
0.24066877365112305 116
0.2506561279296875 122
0.25911784172058105 128
0.26888561248779297 134
0.27779102325439453 139
0.286085844039917 144
0.29540419578552246 150
0.304532527923584 156
0.3123800754547119 160
0.32085251808166504 168
0.33340001106262207 172
0.34239697456359863 177
0.35251736640930176 181
0.36201024055480957 186
0.3706645965576172 190
0.38089871406555176 195
0.3923976421356201 202
0.40657591819763184 207
0.4177684783935547 211
0.42888689041137695 216
0.4409213066101074 220
0.4533863067626953 226
0.47255754470825195 231
0.48461484909057617 236
0.49285340309143066 238
0.50286865234375 242
0.5116064548492432 244
0.5199861526489258 246
0.5283942222595215 248
0.5377075672149658 252
0.546034574508667 254
0.5553319454193115 256
0.5656170845031738 259
0.5729732513427734 261
0.5819203853607178 263
0.5901563167572021 265
0.6012156009674072 268
0.611079216003418 270
0.6207704544067383 272
0.6291422843933105 274
0.6389358043670654 276
0.6476941108703613 278
0.6579296588897705 280
0.6680023670196533 282
0.6763515472412109 284
0.6845316886901855 286
0.6923484802246094 286
0.7024350166320801 288
0.7108979225158691 290
0.7191643714904785 291
0.7321155071258545 293
0.7405972480773926 294
0.7489688396453857 295
0.759840726852417 297
0.7693822383880615 298
0.7780418395996094 299
0.7863175868988037 300
0.7945146560668945 302
0.8044745922088623 303
0.8123922348022461 303
0.820842981338501 304
0.83016037940979 305
0.8386130332946777 306
0.8470847606658936 307
0.856403112411499 308
0.8662600517272949 309
0.8744516372680664 310
0.88248610496521 310
0.8907725811004639 311
0.8999671936035156 312
0.9089839458465576 312
0.9176816940307617 313
0.9259490966796875 314
0.9350275993347168 314
0.9429666996002197 315
0.951730489730835 316
0.9627101421356201 316
0.971203088760376 317
0.9793331623077393 318
0.9880571365356445 318
0.9969837665557861 319
1.0053095817565918 320
1.0145635604858398 320
1.022355318069458 321
1.0313501358032227 321
1.0397348403930664 322
1.0482521057128906 322
1.0578482151031494 322
1.0679974555969238 323
1.0762531757354736 323
1.0844354629516602 324
1.0922904014587402 324
1.1011335849761963 324
1.1103718280792236 324
1.11881422996521 325
1.1333112716674805 326
1.1420764923095703 326
1.150538682937622 326
1.1606528759002686 326
1.1693346500396729 326
1.178154706954956 326
1.1864004135131836 326
1.195662021636963 326
1.2031159400939941 327
1.212639331817627 327
1.2210633754730225 327
1.2303764820098877 328
1.2388560771942139 328
1.2473304271697998 328
1.2558085918426514 328
1.2656981945037842 328
1.273033857345581 328
1.2816834449768066 327
1.289905309677124 327
1.2988531589508057 328
1.307267427444458 328
1.316542387008667 328
1.3247203826904297 328
1.333108901977539 328
1.3425207138061523 328
1.3528051376342773 327
1.3646252155303955 327
1.3724877834320068 327
1.380791187286377 328
1.3891847133636475 328
1.3983573913574219 328
1.4066860675811768 327
1.4163434505462646 327
1.4245200157165527 327
1.4327874183654785 328
1.4411704540252686 328
1.4492278099060059 328
1.4578218460083008 328
1.468541145324707 327
1.477905511856079 327
1.4863195419311523 327
1.494424819946289 327
1.50270414352417 328
1.5110411643981934 328
1.5203468799591064 328
1.5324792861938477 327
1.541841983795166 327
1.5502543449401855 327
1.558612585067749 327
1.5692782402038574 327
1.578549861907959 328
1.5868861675262451 328
1.5949842929840088 328
1.603991985321045 327
1.6121926307678223 327
1.6218173503875732 327
1.6299793720245361 327
1.6400983333587646 328
1.6483900547027588 328
1.6573078632354736 327
1.6677465438842773 327
1.6772675514221191 327
1.6857712268829346 327
1.6930756568908691 328
1.701725721359253 328
1.7103588581085205 328
1.7196710109710693 327
1.7281029224395752 327
1.7363998889923096 327
1.7457737922668457 327
1.7531049251556396 327
1.762511968612671 327
1.7720379829406738 327
1.7811696529388428 327
1.7892918586730957 327
1.7979137897491455 326
1.8072233200073242 326
1.8161134719848633 326
1.825406789779663 326
1.8329415321350098 326
1.8426814079284668 326
1.8517565727233887 326
1.8606560230255127 326
1.8688836097717285 326
1.8799386024475098 326
1.88834547996521 326
1.896754264831543 326
1.9058728218078613 326
1.9156289100646973 326
1.9246912002563477 326
1.9384522438049316 326
1.948040246963501 326
1.9565539360046387 326
1.9659695625305176 326
1.9748849868774414 326
1.9830756187438965 325
1.9918122291564941 325
2.0001509189605713 325
2.0102362632751465 324
2.0190858840942383 324
2.0285894870758057 324
2.0370066165924072 324
2.0452680587768555 324
2.053373098373413 324
2.0633039474487305 323
2.0719869136810303 323
2.0820562839508057 323
2.090303421020508 322
2.098615884780884 322
2.107062578201294 322
2.1158580780029297 322
2.124857187271118 322
2.132669448852539 322
2.141209840774536 321
2.1525228023529053 321
2.1620662212371826 321
2.1703059673309326 320
2.1796767711639404 320
2.1887102127075195 320
2.1980152130126953 320
2.2062628269195557 320
2.2147111892700195 319
2.222550392150879 319
2.232091188430786 319
2.240274667739868 319
2.24914813041687 318
2.2580149173736572 318
2.267143964767456 318
2.2753612995147705 318
2.2852933406829834 318
2.2933173179626465 317
2.301990270614624 317
2.310258150100708 317
2.3192646503448486 316
2.332472085952759 316
2.3409059047698975 316
2.3502683639526367 316
2.359212875366211 316
2.3685142993927 315
2.377089500427246 315
2.3867404460906982 314
2.3949873447418213 314
2.4032578468322754 314
2.4119081497192383 314
2.420767307281494 314
2.42903995513916 314
2.4386963844299316 313
2.4479942321777344 313
2.4570295810699463 312
2.4689724445343018 312
2.4827282428741455 312
2.49476957321167 312
2.5069963932037354 311
2.518975257873535 311
2.5307083129882812 311
2.5433847904205322 310
2.5549981594085693 310
2.5644049644470215 310
2.5722756385803223 310
2.5816705226898193 309
2.5908303260803223 309
2.599090337753296 308
2.60778546333313 308
2.6166207790374756 308
2.6248526573181152 308
2.6326420307159424 308
2.642019748687744 308
2.6507997512817383 307
2.66184401512146 307
2.670107126235962 307
2.6789710521698 306
2.6885275840759277 306
2.6969258785247803 306
2.7049942016601562 306
2.7133262157440186 306
2.721923589706421 305
2.7329635620117188 305
2.7446203231811523 304
2.7526488304138184 304
2.7622263431549072 305
2.7705061435699463 305
2.779186487197876 305
2.788794994354248 305
2.7976977825164795 304
2.805927276611328 304
2.8145220279693604 304
2.8223209381103516 304
2.83062744140625 304
2.840271234512329 303
2.8489627838134766 303
2.8578908443450928 302
2.8671302795410156 302
2.875398874282837 302
2.8833816051483154 302
2.8929312229156494 302
2.901336193084717 301
2.9097094535827637 301
2.91896653175354 300
2.9277336597442627 300
2.9360294342041016 300
2.945880651473999 300
2.953184127807617 300
2.9624669551849365 300
2.970776081085205 299
2.979937791824341 299
2.988314390182495 298
2.997774839401245 298
3.0060431957244873 298
3.0157930850982666 298
3.0231194496154785 298
3.0318050384521484 297
3.0402512550354004 297
3.0502984523773193 297
3.0586044788360596 296
3.0686604976654053 296
3.0779993534088135 296
3.0862460136413574 296
3.0958733558654785 296
3.103163480758667 295
3.1121938228607178 295
3.120500326156616 294
3.1287965774536133 294
3.141150712966919 294
3.1513166427612305 294
3.1606438159942627 294
3.170830011367798 294
3.1806347370147705 293
3.18892502784729 293
3.198457717895508 292
3.206728935241699 292
3.2161974906921387 292
3.2239818572998047 292
3.232159376144409 292
3.240403413772583 292
3.2505948543548584 291
3.2590456008911133 291
3.2683112621307373 291
3.277156352996826 290
3.285687208175659 290
3.292999744415283 290
3.3025076389312744 290
3.3120229244232178 289
3.320305109024048 289
3.328624963760376 289
3.337886333465576 288
3.35265851020813 288
3.3618907928466797 288
3.370129346847534 288
3.3788986206054688 288
3.387373208999634 288
3.396016836166382 288
3.405048131942749 288
3.4134016036987305 288
3.422119140625 288
3.4304451942443848 288
3.438816547393799 287
3.448784589767456 286
3.457688808441162 286
3.470200538635254 286
3.478849172592163 286
3.487297773361206 286
3.4958040714263916 286
3.5049517154693604 286
3.513148784637451 285
3.522979497909546 285
3.5359506607055664 284
3.544856309890747 284
3.554543972015381 284
3.5632517337799072 284
3.572097063064575 283
3.5830342769622803 283
3.591801166534424 283
3.6008760929107666 282
3.610095739364624 282
3.618439197540283 282
3.627633810043335 282
3.636091947555542 281
3.6448659896850586 281
3.6539206504821777 280
3.662957191467285 280
3.6716160774230957 280
3.6805224418640137 280
3.6888229846954346 280
3.6977250576019287 280
3.707899570465088 279
3.716242551803589 279
3.724964141845703 278
3.7328081130981445 278
3.741903066635132 278
3.7501652240753174 278
3.7600769996643066 278
3.7689404487609863 277
3.7784597873687744 277
3.786777973175049 276
3.7950174808502197 276
3.80456805229187 276
3.812865972518921 276
3.821669101715088 276
3.8306140899658203 276
3.839848279953003 276
3.848267078399658 275
3.8578262329101562 275
3.8670361042022705 274
3.8763792514801025 274
3.8846940994262695 274
3.892524480819702 274
3.9008026123046875 274
3.910510301589966 274
3.918802261352539 274
3.9272446632385254 273
3.940434694290161 273
3.9488308429718018 273
3.958570718765259 272
3.9681789875030518 272
3.9770078659057617 272
3.9850621223449707 272
3.9929070472717285 272
4.00172758102417 272
4.011796236038208 272
4.020123720169067 271
4.028498888015747 271
4.036906480789185 270
4.045998573303223 270
4.053347826004028 270
4.066145420074463 270
4.074918270111084 270
4.082793235778809 270
4.091626882553101 269
4.099868059158325 269
4.109656810760498 268
4.119202375411987 268
4.127956390380859 268
4.136234521865845 268
4.144969701766968 268
4.152774333953857 268
4.163135766983032 267
4.172476768493652 267
4.183125734329224 266
4.191891670227051 266
4.20014762878418 266
4.208755731582642 266
4.21846866607666 266
4.226720571517944 266
4.234934091567993 265
4.244534015655518 265
4.254908800125122 264
4.2652833461761475 264
4.273365259170532 264
4.28201699256897 264
4.290308952331543 264
4.2987635135650635 264
4.3089821338653564 264
4.318578481674194 263
4.3270769119262695 263
4.339131593704224 262
4.3481714725494385 262
4.3568878173828125 262
4.368650913238525 262
4.3786256313323975 261
4.3871169090271 261
4.395642995834351 261
4.40457558631897 260
4.4124367237091064 260
4.422046422958374 260
4.430357456207275 260
4.439032554626465 260
4.447697401046753 260
4.456124544143677 260
4.466361999511719 259
4.475864410400391 259
4.483220338821411 258
4.4919092655181885 258
4.500204801559448 258
4.509059906005859 258
4.5189971923828125 258
4.527705669403076 258
4.538867712020874 258
4.550873517990112 258
4.56298303604126 258
4.5771777629852295 258
4.588723182678223 257
4.600134611129761 256
4.612576723098755 256
4.622945547103882 256
4.631732225418091 256
4.640506267547607 256
4.649252653121948 256
4.658059358596802 255
4.668789386749268 255
4.677316188812256 254
4.685875654220581 254
4.693245887756348 254
4.702522039413452 254
4.71077823638916 254
4.720556735992432 254
4.728847503662109 254
4.741745948791504 254
4.750173568725586 253
4.7586681842803955 253
4.76865553855896 252
4.778459310531616 252
4.786882638931274 252
4.794986724853516 252
4.803332328796387 252
4.811975479125977 252
4.820929765701294 252
4.829213380813599 251
4.838566064834595 251
4.847012519836426 250
4.8553307056427 250
4.86460018157959 250
4.8747851848602295 250
4.8849873542785645 250
4.8927953243255615 250
4.902017831802368 250
4.910272836685181 250
4.918612718582153 249
4.928502082824707 249
4.937839508056641 248
4.946208477020264 248
4.954837799072266 248
4.96401047706604 248
4.974561929702759 248
4.982401371002197 248
4.99068021774292 248
4.999943017959595 248
