0 0
0.015078306198120117 0
0.030280351638793945 0
0.05160689353942871 2
0.07197403907775879 7
0.09370303153991699 17
0.11406946182250977 29
0.13692617416381836 41
0.1459808349609375 47
0.1548149585723877 53
0.16316866874694824 58
0.17353057861328125 65
0.18277835845947266 72
0.19191622734069824 79
0.1998138427734375 85
0.20888042449951172 91
0.21790027618408203 99
0.22626233100891113 105
0.2356729507446289 111
0.24526262283325195 119
0.2537081241607666 127
0.26201772689819336 133
0.2709543704986572 139
0.2793288230895996 146
0.28838491439819336 154
0.2979118824005127 162
0.307342529296875 168
0.31573939323425293 176
0.32612037658691406 185
0.3359036445617676 193
0.34557342529296875 199
0.35423922538757324 207
0.3628573417663574 214
0.37164902687072754 222
0.37960362434387207 227
0.3930215835571289 239
0.4054756164550781 250
0.41866612434387207 260
0.4295685291290283 270
0.4435713291168213 281
0.45522069931030273 290
0.4673595428466797 301
0.4791858196258545 309
0.49596691131591797 325
0.5055880546569824 331
0.514153003692627 339
0.5235304832458496 346
0.5328583717346191 353
0.5402820110321045 359
0.5498881340026855 364
0.5588035583496094 368
0.5678601264953613 371
0.5761902332305908 373
0.584984302520752 375
0.5951151847839355 376
0.604088544845581 376
0.6126909255981445 375
0.6218137741088867 374
0.6297757625579834 373
0.6389429569244385 370
0.6481285095214844 367
0.6569061279296875 365
0.6658368110656738 362
0.6743321418762207 360
0.682837963104248 359
0.6901662349700928 359
0.7015800476074219 358
0.7093889713287354 358
0.7188725471496582 359
0.7271754741668701 359
0.7357296943664551 359
0.7440907955169678 359
0.753471851348877 359
0.7616868019104004 359
0.7760219573974609 360
0.7934648990631104 360
0.8103876113891602 360
0.8335268497467041 360
0.8548583984375 360
0.8692247867584229 360
0.8941771984100342 360
0.9164125919342041 360
0.9375431537628174 360
0.9619684219360352 360
0.9778828620910645 360
0.9901092052459717 360
1.0000054836273193 360
1.0102722644805908 360
1.0214378833770752 360
1.029871940612793 360
1.0395708084106445 360
1.0603458881378174 360
1.0781896114349365 360
1.100153923034668 360
1.109673261642456 360
1.1197590827941895 360
1.1353826522827148 360
1.1497411727905273 360
1.1603593826293945 360
1.1717431545257568 360
1.181445837020874 360
1.1892261505126953 360
1.198720932006836 360
1.2084097862243652 360
1.2169468402862549 360
1.2258477210998535 360
1.2358531951904297 360
1.245410680770874 360
1.253838062286377 360
1.2636573314666748 360
1.2718276977539062 360
1.279608964920044 360
1.291684865951538 360
1.2999992370605469 360
1.310176134109497 360
1.3204371929168701 360
1.3297054767608643 360
1.3379707336425781 360
1.346158742904663 360
1.3547985553741455 360
1.3643498420715332 360
1.3729581832885742 360
1.3802621364593506 360
1.3888964653015137 360
1.397667646408081 360
1.406224250793457 359
1.4163246154785156 359
1.4256250858306885 360
1.4351089000701904 360
1.4434058666229248 360
1.451589822769165 360
1.4593288898468018 359
1.4690630435943604 359
1.4773573875427246 359
1.4856388568878174 359
1.4950175285339355 359
1.5032799243927002 359
1.5123960971832275 359
1.5216155052185059 359
1.5297677516937256 359
1.5381217002868652 359
1.546259880065918 359
1.555001974105835 359
1.5652761459350586 359
1.573495864868164 359
1.581634283065796 359
1.5894215106964111 359
1.5987939834594727 359
1.6069715023040771 359
1.617811679840088 359
1.6270220279693604 359
1.635362148284912 359
1.643610954284668 359
1.6518104076385498 359
1.660229206085205 359
1.669745683670044 359
1.6781790256500244 359
1.686293125152588 359
1.6991539001464844 359
1.7075297832489014 359
1.7204301357269287 359
1.730346918106079 359
1.7391250133514404 359
1.7473037242889404 359
1.755573034286499 359
1.764444351196289 359
1.7747735977172852 359
1.7833609580993652 359
1.7920114994049072 359
1.8003058433532715 359
1.8089747428894043 359
1.8188459873199463 359
1.8287062644958496 359
1.8392550945281982 359
1.8476359844207764 359
1.8559925556182861 359
1.865138292312622 359
1.8742642402648926 359
1.8824653625488281 359
1.890012264251709 359
1.8989918231964111 359
1.9071707725524902 359
1.9155933856964111 359
1.927018165588379 359
1.9354181289672852 359
1.9437305927276611 359
1.9533073902130127 359
1.9632244110107422 359
1.9728643894195557 359
1.980172872543335 359
1.9887876510620117 359
2.001511335372925 359
2.01098895072937 359
2.0198538303375244 359
2.0298495292663574 359
2.038379430770874 359
2.0464155673980713 359
2.055013656616211 359
2.0637338161468506 359
2.0730745792388916 359
2.0803894996643066 359
2.0891923904418945 359
2.1029269695281982 359
2.11020565032959 359
2.119859457015991 359
2.1299219131469727 359
2.138247489929199 359
2.1463563442230225 359
2.1551249027252197 359
2.163959503173828 359
2.1729469299316406 359
2.181962728500366 359
2.1903035640716553 359
2.19897198677063 359
2.207160711288452 359
2.2155656814575195 359
2.226139545440674 359
2.235229969024658 359
2.2435073852539062 359
2.251661777496338 359
2.2600440979003906 359
2.268785238265991 359
2.2780797481536865 359
2.286195755004883 358
2.2955517768859863 358
2.303826332092285 358
2.31205153465271 359
2.322939157485962 359
2.3330488204956055 359
2.340348482131958 358
2.3500871658325195 358
2.3594422340393066 358
2.367762804031372 358
2.3759748935699463 358
2.3855886459350586 357
2.394855260848999 357
2.403099536895752 357
2.4103806018829346 357
2.4198319911956787 357
2.4297118186950684 357
2.4389045238494873 357
2.447132110595703 357
2.4560294151306152 357
2.464716672897339 357
2.4735898971557617 357
2.4858591556549072 357
2.5036072731018066 357
2.5149478912353516 357
2.527614116668701 357
2.5403244495391846 357
2.5523786544799805 357
2.5643484592437744 357
2.573366165161133 357
2.5828232765197754 357
2.591554880142212 357
2.5993378162384033 357
2.6077733039855957 357
2.616133213043213 357
2.625732183456421 357
2.635411500930786 357
2.6443259716033936 357
2.6528351306915283 357
2.661583423614502 357
2.669304847717285 357
2.6775548458099365 357
2.687420129776001 357
2.695857286453247 357
2.704249620437622 357
2.7127413749694824 357
2.726163864135742 357
2.7357425689697266 357
2.744887351989746 357
2.7538201808929443 357
2.76200532913208 357
2.769826889038086 357
2.7781126499176025 357
2.7881503105163574 357
2.796262741088867 357
2.804866313934326 357
2.8133084774017334 357
2.8235113620758057 357
2.8317699432373047 357
2.8402457237243652 357
2.848846912384033 357
2.8592076301574707 357
2.867941379547119 357
2.876286745071411 357
2.8861289024353027 357
2.898386001586914 357
2.9069063663482666 357
2.9153263568878174 357
2.925335645675659 357
2.9337148666381836 357
2.9431536197662354 357
2.952777862548828 357
2.960116147994995 357
2.968722343444824 357
2.976776361465454 357
2.985795259475708 357
2.995452404022217 357
3.0037198066711426 357
3.0119340419769287 357
3.0216891765594482 357
3.029482126235962 357
3.0388777256011963 357
3.0470492839813232 357
3.0564098358154297 357
3.065001964569092 357
3.073591947555542 357
3.0817389488220215 357
3.0915987491607666 357
3.099372386932373 357
3.1076416969299316 357
3.1161296367645264 357
3.1255624294281006 357
3.1338093280792236 357
3.1432301998138428 357
3.1519904136657715 357
3.1597542762756348 357
3.1679563522338867 357
3.1762406826019287 357
3.1853997707366943 357
3.194889545440674 357
3.203122854232788 357
3.2103865146636963 357
3.2198057174682617 357
3.228114366531372 357
3.2363085746765137 357
3.2457644939422607 357
3.2554285526275635 357
3.263741970062256 357
3.271968364715576 357
3.2797417640686035 357
3.288951873779297 357
3.3024613857269287 357
3.309995412826538 357
3.3202905654907227 357
3.3290040493011475 357
3.337184429168701 357
3.3461945056915283 357
3.356093406677246 357
3.3657288551330566 357
3.3742117881774902 357
3.3834166526794434 357
3.3916549682617188 357
3.400249719619751 357
3.4088785648345947 357
3.4187376499176025 357
3.426931142807007 357
3.4352214336395264 357
3.4434409141540527 357
3.4534859657287598 357
3.4623496532440186 357
3.4699323177337646 357
3.4787116050720215 357
3.4872965812683105 357
3.4962587356567383 357
3.5049142837524414 357
3.513291358947754 357
3.523315906524658 357
3.531494140625 357
3.5397520065307617 357
3.557471513748169 357
3.5669639110565186 357
3.5757157802581787 357
3.584916591644287 357
3.593297243118286 357
3.6028456687927246 357
3.6101551055908203 357
3.6200613975524902 357
3.628722906112671 357
3.63696551322937 357
3.6454501152038574 357
3.655535936355591 357
3.663821220397949 357
3.673020601272583 357
3.680281639099121 357
3.689295768737793 357
3.704045295715332 357
3.7128751277923584 357
3.729628562927246 357
3.7389719486236572 357
3.747812032699585 357
3.757544755935669 357
3.766260862350464 357
3.776001453399658 357
3.7857871055603027 357
3.794187545776367 357
3.803826093673706 357
3.8120479583740234 357
3.8218727111816406 357
3.8296940326690674 357
3.8396267890930176 357
3.8487324714660645 357
3.857815980911255 357
3.8660776615142822 357
3.8751883506774902 357
3.8841521739959717 357
3.8928382396698 357
3.9001848697662354 357
3.909687042236328 357
3.919738531112671 357
3.9280874729156494 357
3.9361963272094727 357
3.944852113723755 357
3.9548966884613037 357
3.963155508041382 357
3.971846342086792 357
3.9802935123443604 357
3.988966226577759 357
3.9972026348114014 357
4.006306886672974 357
4.01555061340332 357
4.0247626304626465 357
4.033120155334473 357
4.040423154830933 357
4.049757957458496 357
4.0591795444488525 357
4.067478656768799 357
4.075858116149902 357
4.085640907287598 357
4.094115734100342 357
4.107271671295166 357
4.116232633590698 357
4.125608682632446 357
4.134201526641846 357
4.142714738845825 357
4.151585817337036 357
4.160212516784668 357
4.168978214263916 357
4.1777427196502686 357
4.1863648891448975 357
4.195101976394653 357
4.203375339508057 357
4.2137367725372314 357
4.22337532043457 357
4.232903718948364 357
4.240199327468872 357
4.2493815422058105 357
4.259728193283081 357
4.268095254898071 357
4.276937961578369 357
4.286269187927246 357
4.295015573501587 357
4.3032402992248535 357
4.313234567642212 357
4.3237624168396 357
4.333486318588257 357
4.341613292694092 357
4.353091716766357 357
4.361995458602905 357
4.369819641113281 357
4.379723072052002 357
4.3880980014801025 357
4.396188735961914 357
4.404861211776733 357
4.41476583480835 357
4.424146413803101 357
4.4327569007873535 357
4.440078020095825 357
4.449336528778076 357
4.457648277282715 357
4.4670422077178955 357
4.475440263748169 357
4.484978914260864 357
4.4933812618255615 357
4.505540370941162 357
4.515675067901611 357
4.525059461593628 357
4.5334532260894775 357
4.5415940284729 357
4.54999566078186 357
4.563585042953491 357
4.575775861740112 357
4.5877134799957275 357
4.598895788192749 357
4.610450744628906 357
4.6250834465026855 357
4.636446237564087 357
4.648123502731323 357
4.6562700271606445 357
4.665758848190308 357
4.674447536468506 357
4.684187889099121 356
4.693229675292969 356
4.701019048690796 355
4.709804534912109 355
4.719914674758911 355
4.728238582611084 356
4.737014055252075 356
4.745783090591431 356
4.7542126178741455 356
4.762673377990723 356
4.771702766418457 356
4.780130863189697 356
4.789201498031616 356
4.797591924667358 356
4.805872201919556 356
4.815111398696899 356
4.825313091278076 356
4.833678245544434 356
4.84279465675354 356
4.850112199783325 355
4.859972715377808 355
4.8693928718566895 355
4.878215551376343 356
4.886377334594727 356
4.895538091659546 356
4.908215761184692 355
4.918940305709839 355
4.927375555038452 355
4.935767889022827 355
4.944920301437378 355
4.953148126602173 355
4.960424423217773 355
4.969700336456299 355
4.978960275650024 355
4.987166881561279 355
4.995929718017578 355
