0 0
0.012550115585327148 0
0.031738996505737305 0
0.04856085777282715 2
0.06826639175415039 7
0.08490443229675293 15
0.10045623779296875 21
0.10863280296325684 25
0.11648058891296387 29
0.12597346305847168 34
0.13421106338500977 39
0.1424555778503418 46
0.15281319618225098 53
0.16607093811035156 61
0.17450761795043945 67
0.183884859085083 73
0.1926431655883789 81
0.20226526260375977 87
0.21050119400024414 94
0.21866965293884277 100
0.2269582748413086 106
0.23575878143310547 112
0.24435710906982422 120
0.2550537586212158 128
0.2630743980407715 134
0.27172160148620605 141
0.27999019622802734 147
0.2884986400604248 155
0.29632043838500977 159
0.30606794357299805 167
0.3143582344055176 175
0.32306694984436035 182
0.3317124843597412 189
0.33995723724365234 195
0.3494143486022949 203
0.359879732131958 211
0.36940789222717285 219
0.37682151794433594 226
0.3854708671569824 232
0.3941762447357178 239
0.40346431732177734 247
0.4119412899017334 253
0.4210200309753418 262
0.42948055267333984 269
0.4367218017578125 275
0.4460890293121338 281
0.45587158203125 289
0.4641244411468506 295
0.4722921848297119 301
0.4807703495025635 309
0.48998069763183594 314
0.497708797454834 319
0.5066354274749756 325
0.5149617195129395 330
0.5240175724029541 334
0.5321900844573975 339
0.5405027866363525 343
0.5498232841491699 347
0.5636870861053467 351
0.5721015930175781 354
0.5804286003112793 357
0.5902690887451172 359
0.5984375476837158 361
0.6070518493652344 363
0.6155643463134766 364
0.6241295337677002 365
0.6323022842407227 365
0.6404435634613037 366
0.649773359298706 366
0.6603374481201172 366
0.6684448719024658 365
0.6761140823364258 365
0.6843013763427734 365
0.6938400268554688 364
0.7019956111907959 363
0.711461067199707 363
0.7203686237335205 361
0.7284765243530273 361
0.7361404895782471 360
0.7455174922943115 359
0.7544746398925781 359
0.7637288570404053 357
0.7719800472259521 357
0.7897040843963623 355
0.8028621673583984 354
0.8126091957092285 353
0.8214797973632812 352
0.8296587467193604 351
0.8368675708770752 351
0.8464252948760986 350
0.8554308414459229 349
0.8643925189971924 349
0.8739871978759766 348
0.8830161094665527 347
0.8925042152404785 347
0.9016146659851074 346
0.9109725952148438 345
0.9196600914001465 345
0.9277141094207764 345
0.9357836246490479 344
0.9454829692840576 344
0.9541895389556885 343
0.9686064720153809 343
0.9763965606689453 342
0.9855835437774658 342
0.9938755035400391 341
1.0024545192718506 341
1.0120079517364502 341
1.0214011669158936 341
1.0295615196228027 340
1.0367431640625 340
1.0461421012878418 339
1.055077075958252 339
1.0642955303192139 339
1.0724537372589111 339
1.0808727741241455 338
1.0896883010864258 338
1.0968856811523438 338
1.1059467792510986 337
1.1150736808776855 337
1.1251211166381836 337
1.134265422821045 337
1.143420696258545 336
1.1527354717254639 336
1.1610603332519531 335
1.1702957153320312 335
1.1783552169799805 335
1.1901094913482666 335
1.2016866207122803 334
1.2124133110046387 334
1.2259995937347412 333
1.2369866371154785 333
1.2504444122314453 333
1.2619352340698242 332
1.2744200229644775 331
1.283942461013794 331
1.292163372039795 331
1.300356149673462 331
1.308420181274414 330
1.317775011062622 330
1.3259470462799072 330
1.334106206893921 329
1.346836805343628 329
1.3559074401855469 329
1.3697035312652588 328
1.3769097328186035 328
1.387005090713501 328
1.3956506252288818 327
1.403855800628662 327
1.4120135307312012 327
1.422412395477295 326
1.4306666851043701 326
1.4386415481567383 326
1.447157859802246 325
1.4560935497283936 325
1.4643528461456299 325
1.473661184310913 324
1.4824321269989014 324
1.4907429218292236 324
1.498678207397461 323
1.5064630508422852 323
1.5156545639038086 323
1.5245752334594727 323
1.532844066619873 322
1.5414619445800781 322
1.550865888595581 322
1.5587575435638428 321
1.566575527191162 321
1.5758585929870605 321
1.5846264362335205 321
1.5928912162780762 320
1.6014883518218994 320
1.6096317768096924 320
1.6176786422729492 319
1.6267454624176025 319
1.6350884437561035 319
1.6434273719787598 319
1.6529314517974854 318
1.6615948677062988 318
1.6697053909301758 317
1.6786253452301025 317
1.6870348453521729 317
1.6955492496490479 317
1.7034971714019775 316
1.7117831707000732 316
1.720461368560791 315
1.729687213897705 315
1.7369070053100586 315
1.747046709060669 315
1.7555673122406006 314
1.7671489715576172 314
1.7766375541687012 313
1.785721778869629 313
1.7941532135009766 313
1.802433729171753 313
1.8106648921966553 312
1.8200843334197998 312
1.8293867111206055 311
1.8366374969482422 311
1.8464429378509521 311
1.8546202182769775 311
1.862842082977295 311
1.8714566230773926 310
1.8810534477233887 310
1.8896901607513428 309
1.9001009464263916 309
1.9081616401672363 309
1.9168648719787598 309
1.9260292053222656 308
1.9354183673858643 308
1.9457311630249023 308
1.953902244567871 307
1.9621193408966064 307
1.9702954292297363 307
1.9801323413848877 307
1.9882535934448242 306
1.9959166049957275 306
2.005817413330078 306
2.0144612789154053 305
2.023834466934204 305
2.0369725227355957 305
2.046480178833008 304
2.0548245906829834 304
2.062865734100342 304
2.071485757827759 303
2.0799789428710938 303
2.08963680267334 303
2.098492383956909 303
2.106287717819214 302
2.114978313446045 302
2.1230170726776123 302
2.13159441947937 301
2.1406631469726562 301
2.1503875255584717 301
2.1603775024414062 300
2.1723954677581787 300
2.181702136993408 300
2.190878391265869 299
2.1987624168395996 299
2.2064132690429688 299
2.2155697345733643 299
2.22385835647583 298
2.232025384902954 298
2.2414376735687256 298
2.250910758972168 297
2.2608447074890137 297
2.2687466144561768 297
2.2770087718963623 297
2.2863447666168213 296
2.2945306301116943 296
2.3026740550994873 296
2.312652349472046 295
2.321023464202881 295
2.329376220703125 295
2.3383142948150635 295
2.3476405143737793 294
2.355708599090576 294
2.3637425899505615 294
2.373081922531128 293
2.3830015659332275 293
2.392430543899536 293
2.400883436203003 293
2.4087417125701904 292
2.416698932647705 292
2.4249463081359863 292
2.4329843521118164 291
2.4430670738220215 291
2.4522197246551514 291
2.4607901573181152 291
2.468723773956299 290
2.476926326751709 290
2.4854636192321777 290
2.4944682121276855 289
2.5025634765625 289
2.511679172515869 289
2.519946813583374 289
2.530428886413574 288
2.5545005798339844 287
2.5627481937408447 287
2.5758957862854004 287
2.584444999694824 287
2.5938990116119385 286
2.60208797454834 286
2.6106345653533936 285
2.6186234951019287 285
2.626321792602539 285
2.6344292163848877 285
2.6454193592071533 285
2.6534125804901123 284
2.6616852283477783 284
2.6698238849639893 284
2.678489923477173 283
2.686142683029175 283
2.695535659790039 283
2.7039175033569336 283
2.7122881412506104 283
2.720453977584839 282
2.7285358905792236 282
2.7362215518951416 282
2.746647596359253 281
2.754962921142578 281
2.7631239891052246 281
2.771636962890625 281
2.780311107635498 280
2.7884199619293213 280
2.796914577484131 280
2.805433511734009 279
2.81416654586792 279
2.8224265575408936 279
2.8308916091918945 279
2.839099407196045 279
2.8499836921691895 278
2.857656955718994 278
2.8657236099243164 278
2.87432861328125 277
2.883857488632202 277
2.8920042514801025 277
2.9014482498168945 277
2.910245895385742 276
2.918327569961548 276
2.9260025024414062 276
2.9341847896575928 275
2.9445316791534424 275
2.9538991451263428 275
2.962221384048462 275
2.975107431411743 274
2.9834930896759033 274
2.991884708404541 274
3.001112461090088 273
3.010143756866455 273
3.0185530185699463 273
3.026242733001709 273
3.0343711376190186 273
3.043095827102661 272
3.05293345451355 272
3.061640977859497 272
3.069753646850586 271
3.078481912612915 271
3.086125612258911 271
3.094431161880493 271
3.103724479675293 271
3.112370729446411 270
3.1208462715148926 270
3.1287457942962646 269
3.136385679244995 269
3.146057605743408 269
3.155461072921753 269
3.1634318828582764 269
3.172194004058838 268
3.1805338859558105 268
3.1885745525360107 268
3.196259021759033 268
3.2061843872070312 267
3.2143516540527344 267
3.2225847244262695 267
3.2308924198150635 267
3.2397398948669434 266
3.248598098754883 266
3.2570571899414062 266
3.268808126449585 265
3.2808732986450195 265
3.292022466659546 265
3.312904119491577 264
3.3242413997650146 264
3.334967851638794 263
3.3514585494995117 263
3.3650968074798584 262
3.3794078826904297 262
3.386646032333374 262
3.3951215744018555 262
3.406981945037842 261
3.4156155586242676 261
3.4238643646240234 261
3.4320120811462402 261
3.4410102367401123 261
3.4501516819000244 260
3.460184097290039 260
3.468744993209839 259
3.4769861698150635 259
3.485788106918335 259
3.493889570236206 259
3.5020742416381836 259
3.511850595474243 258
3.5199718475341797 258
3.5276925563812256 258
3.5357985496520996 258
3.5459201335906982 257
3.554129123687744 257
3.564030408859253 257
3.5726048946380615 257
3.580965042114258 256
3.5894126892089844 256
3.5966572761535645 256
3.6060478687286377 255
3.6160190105438232 255
3.624569892883301 255
3.6327128410339355 255
3.6419739723205566 255
3.651055097579956 254
3.659611701965332 254
3.6694679260253906 254
3.6766974925994873 253
3.6850461959838867 253
3.6930296421051025 253
3.701601266860962 253
3.710441827774048 253
3.719935655593872 253
3.7276439666748047 252
3.7361292839050293 252
3.7456419467926025 252
3.753828525543213 251
3.7634975910186768 251
3.775893211364746 251
3.7843422889709473 251
3.792605400085449 251
3.801041841506958 250
3.8099684715270996 250
3.8190722465515137 250
3.8265743255615234 250
3.8356592655181885 249
3.844555139541626 249
3.852694272994995 249
3.861063003540039 249
3.8708581924438477 249
3.8788163661956787 249
3.886561155319214 248
3.89481258392334 248
3.9038922786712646 248
3.9121477603912354 247
3.921525478363037 247
3.9297385215759277 247
3.938387155532837 247
3.948277711868286 247
3.9559850692749023 246
3.9642741680145264 246
3.976177215576172 246
3.984421491622925 245
3.992588758468628 245
4.001935243606567 245
4.010116100311279 245
4.019663095474243 244
4.026894569396973 244
4.035856246948242 244
4.044564962387085 243
4.052718162536621 243
4.061121940612793 243
4.07076621055603 243
4.078713893890381 243
4.086558103561401 242
4.094835996627808 242
4.103909969329834 242
4.112117290496826 242
4.121443033218384 241
4.129708528518677 241
4.138396739959717 241
4.147017002105713 241
4.1556077003479 241
4.1637139320373535 240
4.177026748657227 240
4.185664176940918 239
4.193936347961426 239
4.202637434005737 239
4.21108603477478 239
4.2197959423065186 239
4.2287328243255615 238
4.237109184265137 238
4.246219635009766 238
4.254430294036865 238
4.262760400772095 237
4.273143768310547 237
4.281697511672974 237
4.289918661117554 237
4.29710054397583 237
4.306239128112793 237
4.31447172164917 236
4.324012517929077 236
4.332821369171143 236
4.3414318561553955 235
4.350337743759155 235
4.358423233032227 235
4.36649751663208 235
4.375928163528442 235
4.384279489517212 234
4.392566680908203 234
4.4015233516693115 234
4.409692049026489 234
4.416903734207153 233
4.4263386726379395 233
4.435113191604614 233
4.44392204284668 233
4.452666282653809 233
4.461498260498047 233
4.470317602157593 232
4.480180740356445 232
4.488788843154907 232
4.496504545211792 231
4.505453586578369 231
4.513484001159668 231
4.521968126296997 231
4.531875848770142 231
4.540067672729492 231
4.549102067947388 230
4.556574583053589 230
4.5658628940582275 230
4.579911470413208 229
4.587099075317383 229
4.59579062461853 229
4.604614734649658 229
4.612712383270264 229
4.621506214141846 228
4.631605386734009 228
4.6398231983184814 228
4.648744344711304 228
4.656599998474121 227
4.665486812591553 227
4.6736273765563965 227
4.68287992477417 227
4.691436290740967 227
4.7002527713775635 226
4.708351373672485 226
4.716047048568726 226
4.724261045455933 226
4.734112024307251 226
4.742472410202026 225
4.75162935256958 225
4.759814500808716 225
4.7685911655426025 225
4.776278257369995 225
4.785844326019287 225
4.7940027713775635 224
4.8029866218566895 224
4.811564683914185 224
4.8197126388549805 223
4.826962471008301 223
4.836694717407227 223
4.846094131469727 223
4.854271411895752 223
4.863479852676392 223
4.871766090393066 222
4.879919528961182 222
4.889065504074097 222
4.89699387550354 221
4.905583381652832 221
4.913835048675537 221
4.922266483306885 221
4.931157827377319 221
4.9403698444366455 221
4.950211048126221 220
4.958286285400391 220
4.966613054275513 219
4.979842901229858 219
4.989582777023315 219
