0 0
0.011977434158325195 0
0.028631925582885742 0
0.044991254806518555 2
0.06689023971557617 8
0.08471250534057617 15
0.09647321701049805 19
0.1048438549041748 24
0.11314845085144043 28
0.12206530570983887 33
0.13112831115722656 39
0.1405935287475586 46
0.14894437789916992 51
0.15686821937561035 56
0.16687393188476562 64
0.1756913661956787 69
0.18425297737121582 75
0.19455432891845703 84
0.2029576301574707 90
0.21178460121154785 96
0.22014737129211426 102
0.22898554801940918 109
0.23689913749694824 116
0.24667620658874512 123
0.25513267517089844 129
0.26513218879699707 137
0.27401018142700195 144
0.2824819087982178 150
0.29267334938049316 160
0.30172014236450195 166
0.31014251708984375 172
0.3185098171234131 182
0.33187079429626465 190
0.3410310745239258 198
0.3506317138671875 206
0.35985827445983887 213
0.3700428009033203 221
0.37833356857299805 228
0.3862416744232178 234
0.39637064933776855 242
0.40506815910339355 249
0.4132969379425049 254
0.42215681076049805 258
0.43164587020874023 264
0.439969539642334 268
0.4499852657318115 274
0.4596118927001953 279
0.4686586856842041 285
0.4764895439147949 288
0.4852278232574463 292
0.4956350326538086 296
0.5039098262786865 298
0.5123226642608643 301
0.520655632019043 304
0.5299746990203857 308
0.5379352569580078 312
0.5484747886657715 315
0.5563187599182129 317
0.5672168731689453 319
0.575937032699585 320
0.5842742919921875 322
0.5931816101074219 325
0.6047942638397217 328
0.6160979270935059 329
0.6293022632598877 330
0.6406998634338379 333
0.6533026695251465 336
0.6668128967285156 338
0.6788170337677002 339
0.6867337226867676 340
0.6958098411560059 340
0.7050800323486328 341
0.7132365703582764 342
0.7263472080230713 344
0.7348132133483887 345
0.7431683540344238 345
0.7532203197479248 345
0.762479305267334 345
0.7750160694122314 346
0.7836313247680664 348
0.7928118705749512 350
0.8024692535400391 351
0.8109660148620605 351
0.8197202682495117 350
0.830833911895752 350
0.8389425277709961 350
0.8468544483184814 351
0.8578770160675049 353
0.8668718338012695 354
0.8756592273712158 355
0.8855352401733398 354
0.8942363262176514 354
0.90366530418396 354
0.912102460861206 354
0.9204819202423096 355
0.9297621250152588 356
0.9371926784515381 356
0.945927619934082 355
0.956092357635498 354
0.9663286209106445 354
0.9747369289398193 356
0.9830822944641113 356
0.9920153617858887 356
1.0002870559692383 356
1.0097720623016357 356
1.0171005725860596 356
1.0265562534332275 357
1.035128116607666 357
1.0432591438293457 356
1.0521266460418701 356
1.0624792575836182 356
1.0717427730560303 356
1.0803015232086182 357
1.0895681381225586 357
1.0969336032867432 356
1.1064915657043457 356
1.1148059368133545 356
1.127906084060669 357
1.136396884918213 357
1.145050287246704 357
1.1541807651519775 356
1.1651501655578613 356
1.1732959747314453 356
1.1820428371429443 356
1.1911089420318604 356
1.199707269668579 357
1.208810567855835 357
1.2166779041290283 356
1.2259161472320557 356
1.2341227531433105 356
1.2424616813659668 356
1.2509121894836426 356
1.2611260414123535 356
1.2706449031829834 356
1.2789154052734375 356
1.2873220443725586 356
1.2959914207458496 356
1.3042206764221191 356
1.3136694431304932 356
1.3226735591888428 356
1.3311171531677246 356
1.3396224975585938 356
1.3469407558441162 356
1.3562579154968262 356
1.3671104907989502 356
1.3757293224334717 356
1.3841469287872314 356
1.3946878910064697 356
1.4036133289337158 356
1.412860631942749 356
1.4220657348632812 356
1.4303679466247559 356
1.4384877681732178 356
1.446603536605835 356
1.4557390213012695 356
1.4657924175262451 356
1.4740726947784424 356
1.482372760772705 356
1.4916107654571533 356
1.5000309944152832 356
1.5078065395355225 356
1.5168986320495605 356
1.5301761627197266 356
1.5383796691894531 356
1.546325445175171 356
1.555663824081421 356
1.5660758018493652 356
1.5750651359558105 356
1.5831754207611084 356
1.5924804210662842 355
1.6010355949401855 354
1.6096444129943848 355
1.619837760925293 356
1.6272294521331787 356
1.635932445526123 356
1.644228458404541 356
1.6536407470703125 355
1.6622581481933594 354
1.6727991104125977 354
1.6816625595092773 355
1.6905407905578613 356
1.6989049911499023 357
1.7069196701049805 356
1.7165038585662842 356
1.7258973121643066 355
1.734203815460205 356
1.7427444458007812 356
1.7521393299102783 356
1.7649967670440674 354
1.7751526832580566 354
1.7842857837677002 353
1.7926857471466064 353
1.8017144203186035 354
1.8101661205291748 354
1.8199856281280518 355
1.827319622039795 354
1.8361310958862305 354
1.844395399093628 354
1.8530614376068115 353
1.8620593547821045 353
1.8728609085083008 353
1.8822636604309082 354
1.8917896747589111 354
1.9007008075714111 354
1.909827709197998 354
1.9198555946350098 353
1.9321825504302979 352
1.9408211708068848 352
1.949894666671753 353
1.957310438156128 354
1.9670298099517822 354
1.9765896797180176 354
1.9864981174468994 353
1.9950296878814697 352
2.005021333694458 352
2.0131664276123047 353
2.0232231616973877 354
2.0320043563842773 354
2.0404489040374756 354
2.0492630004882812 353
2.057004451751709 352
2.0665981769561768 352
2.076064109802246 353
2.0850462913513184 354
2.0937983989715576 354
2.1023221015930176 353
2.111659049987793 352
2.1206486225128174 352
2.1301708221435547 353
2.1384546756744385 354
2.1463840007781982 354
2.1550495624542236 353
2.164536714553833 352
2.1740663051605225 352
2.1838841438293457 353
2.1924381256103516 354
2.200961112976074 354
2.2092669010162354 354
2.2178947925567627 353
2.2271573543548584 352
2.235910177230835 352
2.2442150115966797 353
2.2530229091644287 353
2.261827230453491 354
2.27123761177063 352
2.281881332397461 352
2.290651321411133 352
2.298917531967163 352
2.3067307472229004 353
2.3159890174865723 353
2.329756259918213 352
2.3371758460998535 352
2.3461318016052246 352
2.3556153774261475 352
2.3656136989593506 351
2.374054193496704 351
2.3841404914855957 351
2.3930392265319824 352
2.4018852710723877 352
2.4108409881591797 352
2.4216740131378174 351
2.4311254024505615 350
2.439725637435913 350
2.448540449142456 351
2.456496000289917 352
2.4661664962768555 352
2.4744789600372314 351
2.4844465255737305 350
2.4932098388671875 350
2.5018646717071533 350
2.510131597518921 350
2.519716262817383 351
2.527096748352051 351
2.5366106033325195 351
2.5449626445770264 350
2.5541176795959473 350
2.5624680519104004 350
2.571702241897583 350
2.581855058670044 350
2.590111494064331 350
2.598810911178589 350
2.606750249862671 350
2.6162564754486084 350
2.6245603561401367 350
2.6339259147644043 350
2.6424624919891357 350
2.6517083644866943 350
2.6599862575531006 350
2.669001817703247 350
2.6767971515655518 350
2.690633535385132 350
2.70196270942688 350
2.7140777111053467 350
2.73099422454834 350
2.7438952922821045 350
2.7559516429901123 350
2.77455997467041 350
2.784442901611328 350
2.7928009033203125 350
2.802114248275757 350
2.810354471206665 350
2.8198318481445312 350
2.8288934230804443 349
2.8384721279144287 349
2.846782922744751 349
2.855764865875244 349
2.864784002304077 349
2.8731560707092285 349
2.8840408325195312 349
2.8941614627838135 349
2.9029221534729004 348
2.9124162197113037 348
2.9208335876464844 349
2.929291009902954 350
2.9385948181152344 350
2.946977376937866 349
2.9557671546936035 348
2.964264392852783 347
2.9731857776641846 347
2.982564687728882 347
2.9920895099639893 348
3.0013368129730225 348
3.0103089809417725 348
3.0185394287109375 348
3.0263190269470215 348
3.0346672534942627 347
3.045012950897217 347
3.0531463623046875 348
3.0620813369750977 348
3.071312427520752 348
3.08040714263916 348
3.0897834300994873 348
3.0971004962921143 348
3.106217622756958 347
3.115233898162842 347
3.1238183975219727 347
3.136296510696411 348
3.1466104984283447 348
3.155121088027954 348
3.163886308670044 347
3.173133373260498 347
3.1824750900268555 346
3.191939115524292 347
3.2003660202026367 348
3.209744930267334 348
3.217073678970337 348
3.2258753776550293 347
3.2341036796569824 346
3.244235038757324 346
3.2525274753570557 347
3.2612295150756836 347
3.2706165313720703 348
3.279817581176758 347
3.287292242050171 346
3.296898603439331 346
3.3057332038879395 346
3.314481496810913 347
3.322849750518799 348
3.331664800643921 348
3.339956521987915 348
3.3501884937286377 347
3.366410970687866 346
3.3757874965667725 347
3.3842177391052246 348
3.39479660987854 348
3.4030919075012207 348
3.4126136302948 347
3.4216384887695312 346
3.4300026893615723 345
3.4383273124694824 345
3.448455572128296 345
3.4563074111938477 346
3.4658029079437256 346
3.4744791984558105 346
3.4829041957855225 346
3.491617202758789 346
3.5006637573242188 346
3.510009288787842 346
3.5178756713867188 346
3.526219606399536 346
3.5389251708984375 346
3.549877643585205 346
3.557209014892578 346
3.56683087348938 346
3.57600474357605 346
3.584278106689453 346
3.592613458633423 346
3.6022696495056152 346
3.611626625061035 346
3.620427370071411 346
3.6286585330963135 346
3.6365153789520264 346
3.6456079483032227 346
3.654799222946167 346
3.6636202335357666 346
3.673232078552246 346
3.681854724884033 346
3.6901602745056152 346
3.6983463764190674 346
3.70837664604187 346
3.7162106037139893 346
3.737065076828003 345
3.7462425231933594 345
3.755856990814209 344
3.7652504444122314 346
3.774582624435425 346
3.782994270324707 346
3.791842222213745 345
3.800273895263672 344
3.810286045074463 345
3.8186581134796143 346
3.8269753456115723 346
3.835697650909424 346
3.8447394371032715 344
3.8543426990509033 344
3.8626294136047363 344
3.8724284172058105 345
3.881269693374634 345
3.889775276184082 345
3.897141456604004 345
3.9102578163146973 344
3.918592929840088 344
3.9270834922790527 344
3.94059419631958 345
3.94881272315979 345
3.9584286212921143 345
3.9672679901123047 345
3.976566791534424 344
3.9850082397460938 344
3.993171215057373 345
4.00191068649292 345
4.011798143386841 345
4.02030086517334 344
4.02956223487854 344
4.03699254989624 344
4.0462751388549805 344
4.0546040534973145 344
4.064310550689697 344
4.074174880981445 344
4.0826098918914795 344
4.091076374053955 344
4.099584341049194 344
4.109619855880737 343
4.116986036300659 344
4.12586522102356 344
4.134116172790527 344
4.143151521682739 344
4.151803493499756 344
4.1610565185546875 343
4.171617269515991 342
4.180096626281738 342
4.188406944274902 343
4.196247339248657 344
4.2058515548706055 344
4.215029239654541 343
4.2232794761657715 342
4.232109069824219 342
4.241227626800537 342
4.2497498989105225 343
4.257189512252808 344
4.268527507781982 344
4.276678800582886 344
4.285017251968384 343
4.293335199356079 343
4.302163600921631 342
4.312479019165039 342
4.321124792098999 343
4.329749584197998 344
4.344241142272949 343
4.352760553359985 341
4.362558603286743 340
4.373012065887451 340
4.38190221786499 340
4.390138387680054 341
4.398508071899414 342
4.407095432281494 342
4.418452262878418 341
4.42646861076355 340
4.436298847198486 340
4.444791793823242 340
4.453016042709351 341
4.461864709854126 342
4.472628831863403 342
4.48107647895813 341
4.489710092544556 340
4.49716854095459 340
4.506540298461914 340
4.5160675048828125 341
4.524569034576416 342
4.532914876937866 342
4.542783737182617 341
4.5517027378082275 340
4.560293436050415 340
4.570374250411987 340
4.578536748886108 341
4.586530923843384 341
4.594998598098755 342
4.604054927825928 341
4.612507343292236 340
4.622288703918457 340
4.630632162094116 340
4.640300512313843 341
4.648699998855591 342
4.656627416610718 342
4.668414831161499 340
4.676409006118774 340
4.685091257095337 339
4.693663835525513 339
4.702736139297485 339
4.711200475692749 339
4.720717906951904 340
4.729309797286987 340
4.742119312286377 339
4.758843898773193 338
4.794367551803589 344
4.826029539108276 354
4.854243516921997 358
4.886162996292114 355
4.904439210891724 349
4.925011873245239 346
4.945775508880615 346
4.968541383743286 351
4.986001968383789 352
