0 0
0.013851642608642578 0
0.03310704231262207 1
0.05198526382446289 2
0.06891107559204102 7
0.08795428276062012 14
0.09916472434997559 19
0.10777068138122559 23
0.11566781997680664 28
0.12403631210327148 32
0.13951730728149414 42
0.14915823936462402 49
0.15845847129821777 56
0.16785573959350586 61
0.17572951316833496 67
0.18400955200195312 72
0.19360709190368652 80
0.2024691104888916 87
0.21093535423278809 93
0.219757080078125 99
0.22815465927124023 105
0.23828768730163574 113
0.24794554710388184 121
0.2567582130432129 128
0.2666466236114502 136
0.27627015113830566 144
0.2846670150756836 151
0.2935612201690674 157
0.3036324977874756 165
0.31202268600463867 172
0.32043910026550293 178
0.32993197441101074 186
0.3390769958496094 194
0.3484959602355957 202
0.3577451705932617 209
0.3666524887084961 217
0.37456250190734863 223
0.38312482833862305 229
0.39177393913269043 234
0.4017753601074219 239
0.4102606773376465 244
0.4247276782989502 252
0.4347202777862549 259
0.4435303211212158 263
0.4646635055541992 273
0.484389066696167 276
0.5077252388000488 282
0.5257248878479004 289
0.5438127517700195 300
0.5695788860321045 304
0.5789406299591064 306
0.5876879692077637 306
0.5965783596038818 308
0.6074991226196289 311
0.6148302555084229 313
0.6236274242401123 314
0.6337885856628418 316
0.6421568393707275 318
0.6516733169555664 320
0.662224531173706 323
0.6716954708099365 326
0.6802546977996826 328
0.6889727115631104 329
0.6982371807098389 330
0.707834005355835 330
0.7157015800476074 331
0.7240259647369385 333
0.733903169631958 335
0.742300271987915 336
0.7529475688934326 338
0.7645516395568848 338
0.7730093002319336 338
0.7815301418304443 338
0.7900412082672119 339
0.7990326881408691 341
0.8085520267486572 342
0.816788911819458 342
0.8246860504150391 342
0.8347256183624268 343
0.8435518741607666 344
0.8519110679626465 346
0.862044095993042 346
0.8709604740142822 346
0.8797149658203125 346
0.8880977630615234 347
0.8967630863189697 348
0.9063796997070312 350
0.9143154621124268 350
0.9226295948028564 350
0.9443554878234863 350
0.9527242183685303 351
0.9629418849945068 353
0.9722504615783691 354
0.9806110858917236 355
0.9902002811431885 355
0.9999430179595947 354
1.0095150470733643 352
1.0180654525756836 352
1.0266125202178955 354
1.0350768566131592 354
1.043757677078247 354
1.0546422004699707 353
1.0646684169769287 353
1.0740032196044922 354
1.082413911819458 355
1.0907635688781738 356
1.100050926208496 355
1.109769344329834 354
1.118119478225708 354
1.1268632411956787 354
1.1361937522888184 354
1.1440184116363525 355
1.1524317264556885 356
1.1625399589538574 356
1.1708767414093018 356
1.1795501708984375 355
1.1879308223724365 354
1.1966195106506348 354
1.2045514583587646 355
1.2142391204833984 356
1.2226717472076416 356
1.2335450649261475 356
1.2417631149291992 355
1.250230312347412 355
1.2595739364624023 355
1.2689647674560547 356
1.277547836303711 356
1.2848856449127197 356
1.2944176197052002 356
1.3026821613311768 356
1.3108694553375244 356
1.3202877044677734 355
1.3298554420471191 355
1.3437044620513916 356
1.3524234294891357 357
1.3611888885498047 357
1.3708035945892334 357
1.3797004222869873 356
1.3879482746124268 356
1.3967974185943604 356
1.4045696258544922 356
1.414097785949707 356
1.4224276542663574 356
1.4314966201782227 356
1.4405648708343506 356
1.4489786624908447 356
1.4581208229064941 356
1.46779465675354 356
1.4750721454620361 356
1.484295129776001 356
1.4935367107391357 356
1.5017204284667969 356
1.5101053714752197 356
1.5196499824523926 356
1.5287976264953613 356
1.5384738445281982 356
1.5467784404754639 356
1.5545430183410645 356
1.56461501121521 356
1.5741033554077148 356
1.5829498767852783 356
1.5921924114227295 356
1.6004750728607178 356
1.608872890472412 356
1.6181187629699707 356
1.6277179718017578 356
1.6367030143737793 356
1.6444668769836426 356
1.6529457569122314 356
1.6617400646209717 356
1.6708903312683105 356
1.6795520782470703 356
1.6890075206756592 355
1.6976027488708496 355
1.7050464153289795 356
1.7138745784759521 356
1.7239553928375244 356
1.732990026473999 356
1.7447996139526367 355
1.7537119388580322 355
1.7627067565917969 355
1.7724199295043945 355
1.780622959136963 355
1.790294885635376 356
1.79887056350708 356
1.8071377277374268 356
1.8149452209472656 355
1.824897050857544 355
1.8345143795013428 355
1.842729091644287 356
1.8511462211608887 356
1.8604860305786133 356
1.8689351081848145 355
1.878370761871338 354
1.886690378189087 354
1.8963744640350342 355
1.9043309688568115 355
1.912630319595337 355
1.922621726989746 355
1.9338018894195557 354
1.9451525211334229 354
1.959019660949707 354
1.9702866077423096 355
1.983724594116211 356
1.9958360195159912 356
2.0102789402008057 354
2.023153781890869 354
2.0336315631866455 355
2.0420379638671875 356
2.0504977703094482 356
2.05961537361145 356
2.068138837814331 355
2.0797834396362305 354
2.088724136352539 353
2.0971617698669434 353
2.1048576831817627 354
2.113640785217285 355
2.122499942779541 355
2.1328327655792236 354
2.1457762718200684 354
2.1547155380249023 354
2.1634750366210938 354
2.1717722415924072 354
2.1807451248168945 354
2.1899023056030273 354
2.1987054347991943 353
2.207418441772461 353
2.214951276779175 353
2.224025011062622 353
2.234405994415283 354
2.2428972721099854 353
2.2517080307006836 352
2.2606797218322754 352
2.2691543102264404 353
2.2784714698791504 354
2.2879862785339355 354
2.2957518100738525 354
2.3043923377990723 354
2.312865972518921 354
2.3220691680908203 354
2.332056999206543 354
2.3403594493865967 353
2.348909616470337 353
2.3578033447265625 353
2.3651363849639893 353
2.3739748001098633 354
2.3836023807525635 354
2.392500400543213 353
2.4009697437286377 352
2.4102442264556885 352
2.4197263717651367 352
2.4280693531036377 353
2.4383597373962402 353
2.4466192722320557 353
2.4549787044525146 353
2.463625907897949 352
2.4720609188079834 352
2.4803757667541504 352
2.4939370155334473 352
2.502826452255249 352
2.510942220687866 352
2.5205421447753906 352
2.5295114517211914 352
2.540156126022339 352
2.554170846939087 352
2.5625534057617188 352
2.5709352493286133 352
2.580308198928833 352
2.590650796890259 352
2.5990846157073975 352
2.6081666946411133 352
2.6163740158081055 352
2.6246907711029053 352
2.6349637508392334 352
2.643622636795044 352
2.6525402069091797 352
2.660778045654297 352
2.6696181297302246 352
2.677894115447998 352
2.6877012252807617 352
2.695014715194702 352
2.703636407852173 352
2.7123820781707764 352
2.721029281616211 352
2.729792594909668 352
2.74004864692688 352
2.748337984085083 352
2.757587432861328 351
2.7650275230407715 351
2.773707151412964 351
2.781944513320923 352
2.7921557426452637 352
2.800464391708374 352
2.8088479042053223 352
2.817561626434326 351
2.824989080429077 350
2.8344709873199463 350
2.8439879417419434 351
2.853135585784912 352
2.8616859912872314 352
2.869995594024658 352
2.8782389163970947 352
2.888458013534546 350
2.896827459335327 350
2.904627561569214 351
2.9135220050811768 351
2.9223601818084717 352
2.9400198459625244 350
2.954007387161255 348
2.9625303745269775 348
2.9710962772369385 348
2.9798521995544434 349
2.9903957843780518 350
3.0004186630249023 350
3.008852243423462 349
3.01887583732605 348
3.0275726318359375 348
3.0363893508911133 348
3.044982433319092 349
3.0557568073272705 350
3.0639803409576416 350
3.072263717651367 350
3.0804951190948486 350
3.089871406555176 350
3.0991368293762207 350
3.107565402984619 350
3.1163623332977295 350
3.124195098876953 349
3.133819103240967 349
3.142824172973633 350
3.151968240737915 350
3.160283088684082 350
3.1685123443603516 350
3.1767210960388184 350
3.1857500076293945 349
3.1947600841522217 349
3.203158140182495 350
3.211904525756836 350
3.2206149101257324 350
3.2290539741516113 349
3.2382864952087402 348
3.2484335899353027 348
3.2566516399383545 349
3.264603853225708 350
3.273526191711426 350
3.28259539604187 349
3.2909047603607178 348
3.300525188446045 348
3.308945894241333 348
3.3178553581237793 349
3.326780080795288 350
3.336350679397583 350
3.3441617488861084 348
3.358381986618042 348
3.366586685180664 347
3.374690055847168 348
3.384073257446289 348
3.392551898956299 349
3.402099847793579 349
3.4105238914489746 348
3.4199466705322266 348
3.4287896156311035 347
3.4439926147460938 348
3.4538164138793945 348
3.4620273113250732 348
3.4702794551849365 348
3.4794585704803467 349
3.487929582595825 349
3.4957408905029297 348
3.504849910736084 347
3.514232635498047 347
3.522597074508667 348
3.5324547290802 348
3.5409491062164307 348
3.550987958908081 348
3.560312032699585 348
3.570406675338745 348
3.5796689987182617 348
3.5879623889923096 348
3.596214771270752 348
3.60475754737854 348
3.613870859146118 348
3.6220924854278564 348
3.6311428546905518 348
3.6404452323913574 348
3.649742603302002 348
3.6590323448181152 348
3.667659282684326 348
3.6750009059906006 348
3.684161901473999 348
3.6925604343414307 348
3.702040672302246 348
3.7108609676361084 348
3.719651937484741 348
3.7279911041259766 348
3.7371654510498047 347
3.7463529109954834 347
3.7602429389953613 347
3.769089937210083 348
3.7780680656433105 348
3.786280393600464 348
3.7940993309020996 348
3.8037333488464355 348
3.812901258468628 348
3.821038246154785 347
3.829803228378296 347
3.839693546295166 347
3.8483684062957764 347
3.857846975326538 347
3.865675210952759 347
3.8740122318267822 347
3.882857084274292 346
3.8911101818084717 346
3.8997275829315186 347
3.9091291427612305 348
3.9182162284851074 348
3.926384925842285 346
3.935743570327759 346
3.945021390914917 345
3.9537978172302246 345
3.962977409362793 346
3.971680164337158 346
3.980487108230591 347
3.9891152381896973 347
3.99761962890625 346
4.00668478012085 346
4.01961874961853 346
4.030467987060547 346
4.044446706771851 347
4.059096336364746 347
4.070363521575928 346
4.0834550857543945 344
4.094902992248535 344
4.106558322906494 345
4.116661787033081 346
4.124600648880005 346
4.1340086460113525 346
4.1436121463775635 345
4.157409429550171 344
4.1666176319122314 344
4.175779104232788 345
4.184236526489258 346
4.1928551197052 346
4.201005935668945 346
4.211093902587891 345
4.21992039680481 344
4.228457927703857 344
4.237873554229736 345
4.247830152511597 346
4.255783557891846 346
4.264908313751221 345
4.273688316345215 345
4.282717227935791 344
4.29103946685791 345
4.299848794937134 346
4.308811902999878 346
4.318145513534546 346
4.32650899887085 345
4.335036277770996 345
4.344367504119873 345
4.353596448898315 345
4.361791372299194 345
4.370907783508301 345
4.380239009857178 346
4.388791084289551 346
4.397061586380005 346
4.40477991104126 345
4.414921760559082 345
4.423614025115967 346
4.432926177978516 346
4.442137956619263 346
4.451023578643799 345
4.459794282913208 344
4.469565391540527 344
4.478278636932373 344
4.486628532409668 346
4.494549989700317 346
4.502887487411499 346
4.511904716491699 345
4.521121978759766 344
4.530029058456421 344
4.540625095367432 345
4.549476146697998 346
4.562376022338867 346
4.571996688842773 345
4.583429336547852 344
4.592404842376709 343
4.600640058517456 343
4.609686613082886 343
4.619058847427368 344
4.62755823135376 344
4.636524677276611 343
4.644871234893799 343
4.653674364089966 343
4.662461280822754 343
4.6724278926849365 344
4.6809680461883545 344
4.6896374225616455 344
4.697955846786499 344
4.706739664077759 343
4.71469259262085 343
4.724226474761963 343
4.733671426773071 344
4.742705821990967 344
4.75093412399292 343
4.760284423828125 342
4.76993989944458 342
4.778806209564209 343
4.787466049194336 344
4.794949054718018 344
4.803616046905518 344
4.812601327896118 344
4.822140216827393 344
4.830539226531982 343
4.840972900390625 343
4.8497138023376465 343
4.858114719390869 344
4.866453170776367 344
4.876249551773071 344
4.884112596511841 344
4.89267110824585 343
4.900904655456543 342
4.910409212112427 343
4.918922185897827 344
4.928348064422607 344
4.938837766647339 343
4.947669982910156 342
4.959932088851929 342
4.96843695640564 342
4.9791295528411865 343
4.987716913223267 344
4.995030641555786 343
