0 0
0.016246795654296875 0
0.03590083122253418 0
0.05692148208618164 3
0.0768897533416748 9
0.09539031982421875 16
0.1087043285369873 22
0.11711502075195312 27
0.1257646083831787 31
0.13401174545288086 36
0.142974853515625 42
0.1533980369567871 49
0.1625978946685791 54
0.17083287239074707 61
0.1799631118774414 67
0.18728971481323242 73
0.19593119621276855 78
0.205153226852417 85
0.21447157859802246 91
0.22275686264038086 98
0.23131251335144043 105
0.24027204513549805 111
0.2488117218017578 119
0.25902414321899414 127
0.2668185234069824 133
0.2757704257965088 139
0.28462719917297363 147
0.2928454875946045 154
0.3013319969177246 160
0.31058454513549805 167
0.3197360038757324 175
0.32705020904541016 181
0.33590054512023926 188
0.3446633815765381 196
0.35571956634521484 204
0.36420774459838867 211
0.37257981300354004 217
0.38133835792541504 225
0.3900260925292969 232
0.3972959518432617 239
0.4067087173461914 245
0.41591858863830566 253
0.4241819381713867 260
0.43247175216674805 266
0.4407966136932373 278
0.4559323787689209 286
0.4652261734008789 294
0.47380924224853516 301
0.48262476921081543 308
0.49115657806396484 316
0.4994218349456787 323
0.5086560249328613 331
0.5171685218811035 337
0.525848388671875 344
0.5340301990509033 351
0.5423481464385986 357
0.5510959625244141 366
0.5621564388275146 373
0.5705544948577881 379
0.5801146030426025 384
0.5891165733337402 389
0.5968799591064453 392
0.6052384376525879 394
0.6152732372283936 396
0.6237618923187256 397
0.6323020458221436 397
0.6406359672546387 397
0.6498415470123291 396
0.6587274074554443 394
0.6673436164855957 392
0.675997257232666 389
0.6848578453063965 386
0.6932373046875 382
0.7019400596618652 379
0.7118756771087646 373
0.7201950550079346 369
0.7280397415161133 365
0.7361454963684082 360
0.7449550628662109 354
0.7543642520904541 349
0.7634782791137695 345
0.7720742225646973 343
0.7810826301574707 340
0.7890994548797607 339
0.7968482971191406 338
0.8052332401275635 338
0.8153960704803467 339
0.8234243392944336 340
0.8320369720458984 342
0.8403069972991943 344
0.8553240299224854 350
0.8647861480712891 355
0.8731708526611328 359
0.8823082447052002 363
0.8905127048492432 366
0.898712158203125 370
0.9065291881561279 372
0.9163863658905029 374
0.9247322082519531 375
0.9331247806549072 376
0.942241907119751 375
0.9505057334899902 375
0.9599776268005371 373
0.9690530300140381 370
0.977393388748169 367
0.986069917678833 365
0.9943764209747314 361
1.002629041671753 357
1.0114140510559082 353
1.0207173824310303 349
1.0289099216461182 347
1.0367169380187988 346
1.0458340644836426 345
1.054948329925537 344
1.0631303787231445 345
1.0727055072784424 345
1.0818066596984863 348
1.090294361114502 351
1.100524663925171 353
1.108938455581665 357
1.118074655532837 361
1.1261506080627441 364
1.134434461593628 366
1.143247127532959 368
1.153120517730713 369
1.165257215499878 369
1.1794154644012451 367
1.1908659934997559 365
1.202049970626831 362
1.2131726741790771 357
1.225822925567627 353
1.2399003505706787 348
1.2525694370269775 346
1.262453317642212 345
1.2722322940826416 345
1.281160831451416 347
1.289719581604004 348
1.297142505645752 351
1.305687665939331 353
1.3143506050109863 356
1.3232858180999756 360
1.331885814666748 363
1.3400382995605469 365
1.3488914966583252 367
1.3584892749786377 367
1.3667433261871338 368
1.3765437602996826 367
1.3848447799682617 365
1.3930556774139404 364
1.401808261871338 361
1.4108576774597168 358
1.4189562797546387 355
1.4274520874023438 352
1.4359874725341797 350
1.4448587894439697 348
1.4532077312469482 347
1.4623172283172607 347
1.471747875213623 348
1.4818062782287598 349
1.4900734424591064 351
1.4972846508026123 353
1.5058114528656006 356
1.5145750045776367 359
1.5227165222167969 361
1.5322961807250977 364
1.5412850379943848 365
1.5497846603393555 366
1.5597939491271973 366
1.5671064853668213 365
1.5770251750946045 364
1.5853936672210693 362
1.5937821865081787 360
1.6030299663543701 356
1.6123192310333252 353
1.620527982711792 351
1.6298937797546387 349
1.6372313499450684 348
1.6506733894348145 347
1.6601471900939941 348
1.6674268245697021 349
1.678037166595459 351
1.6861474514007568 354
1.6942644119262695 357
1.7024812698364258 359
1.7117993831634521 362
1.720005989074707 363
1.730184555053711 365
1.7397267818450928 365
1.7489538192749023 364
1.7574398517608643 363
1.7660853862762451 362
1.7757768630981445 359
1.7847492694854736 356
1.7930231094360352 353
1.8014280796051025 351
1.810453176498413 349
1.8186283111572266 348
1.8263888359069824 348
1.8360018730163574 348
1.8447108268737793 349
1.8530936241149902 351
1.8620073795318604 353
1.8701980113983154 355
1.8799121379852295 358
1.8889081478118896 361
1.8967626094818115 362
1.9051380157470703 363
1.914323091506958 364
1.9227604866027832 364
1.9311296939849854 363
1.9410970211029053 361
1.9490370750427246 355
1.9699387550354004 352
1.9786317348480225 349
1.987156867980957 348
1.9960010051727295 347
2.005944013595581 346
2.017186164855957 347
2.0258443355560303 348
2.033841848373413 350
2.0434410572052 353
2.0573015213012695 357
2.065995454788208 360
2.076218605041504 363
2.087341070175171 365
2.0959830284118652 365
2.1041955947875977 365
2.1129963397979736 364
2.121765613555908 363
2.1301233768463135 361
2.1401846408843994 358
2.150357961654663 355
2.1591591835021973 351
2.166857957839966 349
2.1761929988861084 347
2.1851673126220703 346
2.194655179977417 345
2.204329013824463 346
2.2129995822906494 347
2.2214395999908447 349
2.2298343181610107 351
2.2370405197143555 355
2.2466800212860107 357
2.256230354309082 360
2.264420747756958 362
2.273153066635132 363
2.2818498611450195 364
2.291748285293579 364
2.2999868392944336 363
2.3087639808654785 362
2.3166871070861816 360
2.324852228164673 357
2.3329811096191406 355
2.34273624420166 352
2.3511996269226074 349
2.360316038131714 347
2.36848783493042 346
2.3768746852874756 345
2.3852062225341797 346
2.3950014114379883 347
2.403172731399536 348
2.412282705307007 350
2.4204258918762207 352
2.4284982681274414 355
2.436429023742676 357
2.4464173316955566 360
2.4607748985290527 363
2.468977689743042 363
2.4779856204986572 363
2.4862773418426514 362
2.496422529220581 360
2.5049631595611572 357
2.513063430786133 355
2.5213966369628906 352
2.5297586917877197 350
2.5385348796844482 348
2.5472092628479004 346
2.55725359916687 345
2.5659375190734863 346
2.574920892715454 347
2.5831072330474854 348
2.5914881229400635 350
2.601384162902832 353
2.6104655265808105 355
2.6185462474823 358
2.6262810230255127 360
2.634577989578247 361
2.6434900760650635 362
2.6531951427459717 362
2.662426233291626 362
2.671186923980713 361
2.6791059970855713 359
2.686763286590576 357
2.6949100494384766 354
2.7049949169158936 351
2.7150330543518066 349
2.723844289779663 347
2.7324485778808594 346
2.741344451904297 346
2.7506818771362305 346
2.759808301925659 347
2.767035484313965 349
2.7761619091033936 351
2.78424334526062 353
2.7926430702209473 355
2.803063154220581 359
2.8114287853240967 360
2.819833517074585 361
2.8271524906158447 361
2.836372137069702 361
2.8446922302246094 360
2.860433340072632 357
2.8688478469848633 354
2.8766961097717285 353
2.885002851486206 350
2.8931126594543457 348
2.903468132019043 347
2.9122672080993652 346
2.9205105304718018 346
2.9286699295043945 347
2.9369256496429443 347
2.9451491832733154 349
2.955010175704956 352
2.963230609893799 354
2.9721732139587402 356
2.980358123779297 358
2.9880664348602295 359
2.9962244033813477 360
3.0066254138946533 360
3.0148589611053467 359
3.022987127304077 358
3.0314877033233643 356
3.0404584407806396 354
3.048536777496338 352
3.0585927963256836 349
3.066312551498413 347
3.0751497745513916 346
3.0833258628845215 346
3.0921411514282227 346
3.101147174835205 347
3.1107044219970703 349
3.11875319480896 351
3.126467704772949 352
3.1351795196533203 355
3.1431963443756104 357
3.1519598960876465 359
3.1617908477783203 359
3.170586347579956 360
3.1787045001983643 359
3.186418294906616 359
3.1946401596069336 357
3.203274965286255 355
3.2132136821746826 352
3.222573757171631 349
3.232147455215454 347
3.244006395339966 346
3.263045310974121 345
3.275850534439087 347
3.287048816680908 350
3.2989747524261475 353
3.3121774196624756 357
3.323254346847534 359
3.342864990234375 361
3.351771593093872 360
3.3619372844696045 359
3.3705596923828125 357
3.3786823749542236 355
3.3864448070526123 353
3.3948206901550293 350
3.4037532806396484 347
3.4129436016082764 345
3.421721935272217 344
3.429960012435913 344
3.438619613647461 344
3.446446180343628 345
3.455946683883667 347
3.465893507003784 349
3.474052667617798 352
3.4824583530426025 354
3.490661859512329 357
3.4991109371185303 358
3.506918430328369 359
3.5169739723205566 359
3.5254194736480713 359
3.534322738647461 358
3.5425331592559814 356
3.5507102012634277 353
3.5608019828796387 351
3.571103811264038 348
3.579068183898926 346
3.5867676734924316 345
3.594975471496582 344
3.603811264038086 344
3.613020658493042 345
3.6221859455108643 346
3.6304824352264404 349
3.639101982116699 351
3.646772861480713 353
3.6612110137939453 357
3.6710872650146484 358
3.679506778717041 359
3.6870453357696533 359
3.6958677768707275 359
3.7047653198242188 358
3.7129335403442383 356
3.7222609519958496 354
3.7320210933685303 351
3.74202823638916 348
3.750349998474121 346
3.7597572803497314 344
3.7695059776306152 343
3.777070999145508 343
3.7854650020599365 343
3.7938013076782227 345
3.8028013706207275 347
3.8112823963165283 349
3.8204524517059326 351
3.828566551208496 354
3.836784601211548 356
3.844972848892212 358
3.85522723197937 359
3.8644609451293945 359
3.8740930557250977 358
3.882338762283325 357
3.890559434890747 355
3.8997254371643066 353
3.906996011734009 350
3.9152703285217285 348
3.9246060848236084 346
3.933318614959717 344
3.9418609142303467 343
3.9502036571502686 343
3.959097385406494 343
3.969026803970337 345
3.976792573928833 346
3.985030174255371 348
3.9932751655578613 350
4.002317667007446 353
4.010524034500122 354
4.018620491027832 356
4.027150392532349 357
4.03630805015564 357
4.04454231262207 357
4.053077697753906 356
4.067050933837891 353
4.076665878295898 351
4.084961652755737 348
4.093136310577393 346
4.102317810058594 345
4.110633373260498 343
4.11942195892334 343
4.129050970077515 343
4.136939764022827 344
4.145186185836792 346
4.15342378616333 348
4.164029598236084 351
4.173338174819946 353
4.181964159011841 355
4.19012713432312 357
4.198961496353149 357
4.206732511520386 357
4.214990615844727 357
4.224465370178223 356
4.23403000831604 354
4.244488716125488 351
4.25266695022583 348
4.262738466262817 346
4.271104335784912 344
4.2804718017578125 343
4.288776397705078 342
4.297050952911377 342
4.305458307266235 343
4.314655065536499 344
4.322831153869629 346
4.33309006690979 349
4.3414671421051025 351
4.350046873092651 353
4.358931064605713 355
4.367235898971558 357
4.37674355506897 357
4.38513708114624 357
4.394402265548706 357
4.402612924575806 355
4.411102294921875 353
4.419073820114136 351
4.429087162017822 348
4.4369306564331055 346
4.4451539516448975 344
4.45340371131897 342
4.466450214385986 341
4.475157260894775 341
4.484696865081787 343
4.498966217041016 346
4.507328033447266 348
4.515867471694946 351
4.524177312850952 353
4.534297704696655 355
4.544018030166626 357
4.55333137512207 357
4.5638017654418945 357
4.572627305984497 356
4.582006216049194 354
4.590308666229248 353
4.599069118499756 349
4.6086509227752686 347
4.618479013442993 345
4.627138376235962 343
4.636745929718018 342
4.64590311050415 341
4.655964612960815 342
4.664458990097046 343
4.672658681869507 345
4.682074546813965 347
4.690719366073608 350
4.699772596359253 352
4.707021474838257 354
4.715851545333862 355
4.7239463329315186 355
4.7340006828308105 355
4.742243051528931 354
4.750635862350464 352
4.760104656219482 350
4.767321348190308 348
4.776114463806152 346
4.7854204177856445 344
4.794323205947876 343
4.802572965621948 342
4.810754060745239 342
4.818847179412842 343
4.827028512954712 343
4.836655139923096 345
4.845712184906006 347
4.853991508483887 351
4.868027210235596 353
4.876264333724976 354
4.885826826095581 355
4.895025968551636 355
4.903236627578735 354
4.912000894546509 353
4.920185804367065 351
4.92872428894043 349
4.937195062637329 347
4.945811986923218 345
4.95624041557312 343
4.965015172958374 342
4.973194599151611 342
4.98178768157959 342
4.991878032684326 343
5.000043630599976 345
