0 0
0.01204824447631836 0
0.03274250030517578 0
0.05017828941345215 2
0.06935453414916992 6
0.08501052856445312 12
0.0942838191986084 16
0.10800981521606445 24
0.1171274185180664 28
0.12594127655029297 34
0.135603666305542 39
0.14360547065734863 42
0.15303683280944824 47
0.16133379936218262 52
0.17000961303710938 56
0.1790599822998047 60
0.19011330604553223 67
0.20125436782836914 71
0.209763765335083 74
0.21875548362731934 79
0.22771883010864258 83
0.2377462387084961 87
0.2484133243560791 92
0.2569572925567627 96
0.26430225372314453 99
0.27316761016845703 102
0.2819197177886963 107
0.29215383529663086 111
0.3003511428833008 114
0.3089945316314697 117
0.3178994655609131 121
0.32713890075683594 124
0.3350064754486084 127
0.3440713882446289 131
0.35342860221862793 134
0.36191344261169434 138
0.37026071548461914 140
0.37897443771362305 142
0.3890984058380127 146
0.398334264755249 150
0.4068129062652588 153
0.41575169563293457 157
0.42363619804382324 158
0.4328463077545166 161
0.4419693946838379 164
0.4511878490447998 166
0.4595797061920166 169
0.46788668632507324 172
0.47638726234436035 175
0.4855227470397949 178
0.49571895599365234 181
0.5036275386810303 184
0.5181114673614502 186
0.5267984867095947 188
0.5356383323669434 191
0.5443906784057617 194
0.5535554885864258 196
0.5619287490844727 198
0.5703566074371338 200
0.5793704986572266 202
0.5881655216217041 204
0.5980129241943359 207
0.6063859462738037 209
0.6144692897796631 211
0.6233186721801758 213
0.6317744255065918 214
0.6400251388549805 216
0.6500465869903564 219
0.6588268280029297 221
0.6671504974365234 223
0.6750285625457764 224
0.6838042736053467 226
0.6938619613647461 229
0.7023284435272217 230
0.7108616828918457 232
0.7199280261993408 234
0.7284078598022461 236
0.7374944686889648 237
0.7482895851135254 239
0.7572646141052246 240
0.7651124000549316 242
0.7733228206634521 243
0.7821750640869141 245
0.7917013168334961 246
0.8012251853942871 248
0.8097314834594727 249
0.8190157413482666 251
0.8273308277130127 252
0.8360888957977295 254
0.846750020980835 255
0.8541519641876221 256
0.8629090785980225 258
0.8713362216949463 258
0.8803927898406982 260
0.8890173435211182 261
0.8993511199951172 263
0.9117565155029297 265
0.9202690124511719 266
0.9292342662811279 267
0.9376590251922607 268
0.9483904838562012 270
0.9569156169891357 271
0.9642531871795654 272
0.9729471206665039 272
0.9819197654724121 274
0.9905264377593994 274
1.0005114078521729 276
1.009788990020752 277
1.0190010070800781 278
1.028182029724121 279
1.036520004272461 280
1.0455842018127441 281
1.0542681217193604 282
1.0629818439483643 282
1.0721993446350098 283
1.0811078548431396 284
1.089526653289795 286
1.0990049839019775 287
1.1083893775939941 288
1.1176278591156006 288
1.1258373260498047 288
1.1336135864257812 288
1.142216444015503 290
1.152204990386963 291
1.1603939533233643 292
1.1692016124725342 292
1.178185224533081 293
1.1865193843841553 294
1.1961524486541748 294
1.2055323123931885 295
1.214059829711914 296
1.2229185104370117 296
1.2313828468322754 297
1.2397258281707764 298
1.2492997646331787 298
1.259902000427246 299
1.2696056365966797 299
1.2784090042114258 300
1.2871103286743164 300
1.2961640357971191 301
1.305675983428955 302
1.3188891410827637 303
1.327333688735962 303
1.3355464935302734 304
1.3442513942718506 304
1.3543510437011719 304
1.3630166053771973 304
1.3712329864501953 305
1.3797955513000488 306
1.3882832527160645 307
1.3975696563720703 307
1.4072883129119873 308
1.4160737991333008 308
1.42390775680542 308
1.4322724342346191 308
1.4403605461120605 309
1.4496901035308838 310
1.4592101573944092 310
1.467667579650879 310
1.4769525527954102 311
1.4842956066131592 311
1.4937489032745361 312
1.502183198928833 312
1.5123443603515625 312
1.5205214023590088 312
1.5293643474578857 313
1.5376946926116943 313
1.5467395782470703 314
1.5555894374847412 314
1.5642311573028564 314
1.5729172229766846 314
1.5824494361877441 315
1.5932555198669434 315
1.6015677452087402 316
1.6117334365844727 316
1.6200196743011475 315
1.6290795803070068 315
1.6374125480651855 316
1.6468985080718994 317
1.6542532444000244 317
1.6639716625213623 318
1.6782469749450684 318
1.6892480850219727 318
1.7014808654785156 317
1.7203044891357422 318
1.7328095436096191 318
1.745840311050415 320
1.7572593688964844 320
1.771019697189331 320
1.7829604148864746 320
1.794029951095581 320
1.802746295928955 320
1.8128387928009033 320
1.8210813999176025 320
1.8296101093292236 320
1.8380465507507324 321
1.8472206592559814 321
1.8557591438293457 321
1.8643934726715088 321
1.8735690116882324 321
1.8819081783294678 322
1.8904550075531006 321
1.8997642993927002 321
1.9084279537200928 321
1.9178473949432373 321
1.9260611534118652 322
1.9339165687561035 322
1.9433894157409668 322
1.9518442153930664 322
1.9600496292114258 322
1.9695813655853271 322
1.978909969329834 321
1.9872167110443115 322
1.996514081954956 322
2.0070478916168213 322
2.0160422325134277 322
2.0239405632019043 321
2.0322909355163574 321
2.0413758754730225 321
2.0497844219207764 322
2.0582544803619385 322
2.0681324005126953 322
2.077038526535034 322
2.0843143463134766 322
2.0936198234558105 322
2.101895570755005 322
2.115126848220825 322
2.124135732650757 322
2.1331005096435547 322
2.142157554626465 322
2.1502935886383057 322
2.1589550971984863 322
2.1671719551086426 322
2.1775636672973633 322
2.1858267784118652 322
2.196098566055298 322
2.204476833343506 322
2.2130727767944336 322
2.2222394943237305 322
2.2303428649902344 322
2.2394566535949707 322
2.2483367919921875 322
2.257469415664673 322
2.2660462856292725 322
2.276390314102173 322
2.2839882373809814 322
2.293330192565918 322
2.3036046028137207 322
2.312173843383789 322
2.321852684020996 322
2.3301095962524414 322
2.3392410278320312 322
2.34753155708313 322
2.355656862258911 322
2.363409996032715 322
2.3741846084594727 322
2.3828701972961426 322
2.3912971019744873 322
2.400117874145508 322
2.4091432094573975 322
2.4173731803894043 322
2.426978826522827 322
2.4342987537384033 322
2.4435672760009766 322
2.4518420696258545 322
2.460407018661499 322
2.469456434249878 322
2.4794039726257324 322
2.488022804260254 322
2.4972944259643555 322
2.5061206817626953 322
2.5188019275665283 322
2.5281271934509277 322
2.537149667739868 322
2.544487714767456 322
2.5532784461975098 322
2.561555862426758 322
2.5703845024108887 322
2.5802927017211914 322
2.588921070098877 322
2.598151922225952 322
2.6073544025421143 322
2.615499973297119 322
2.6232924461364746 322
2.632929801940918 322
2.6415841579437256 322
2.6498348712921143 322
2.6582703590393066 322
2.6669375896453857 322
2.6757047176361084 322
2.6842808723449707 322
2.693694591522217 322
2.7028286457061768 322
2.7110865116119385 322
2.719451427459717 322
2.729052782058716 322
2.7381505966186523 322
2.7464418411254883 322
2.754026174545288 322
2.7624378204345703 322
2.7715930938720703 322
2.780837059020996 322
2.7894210815429688 322
2.7988240718841553 322
2.808408260345459 322
2.818352460861206 322
2.826963424682617 322
2.8371810913085938 322
2.844484329223633 321
2.8534457683563232 321
2.8617804050445557 321
2.8704464435577393 321
2.87907338142395 321
2.8883490562438965 321
2.8976380825042725 321
2.9071030616760254 321
2.9193081855773926 320
2.927769422531128 320
2.938009262084961 320
2.94612193107605 320
2.9538915157318115 320
2.962460994720459 320
2.9716057777404785 319
2.979907751083374 319
2.9894440174102783 319
2.9989147186279297 319
3.0078091621398926 319
3.016005039215088 318
3.0238735675811768 318
3.033682346343994 318
3.041975498199463 318
3.0501623153686523 318
3.0588760375976562 318
3.067582130432129 318
3.0757625102996826 318
3.0843687057495117 318
3.094510793685913 317
3.10375714302063 316
3.1121861934661865 316
3.120356559753418 316
3.1290199756622314 316
3.1390798091888428 316
3.147446870803833 316
3.155592441558838 316
3.16345477104187 316
3.172133207321167 315
3.1803150177001953 315
3.1897284984588623 314
3.2002875804901123 314
3.2091259956359863 315
3.217528820037842 315
3.2257397174835205 315
3.2340540885925293 314
3.243640184402466 314
3.2520079612731934 314
3.2602574825286865 314
3.273099184036255 313
3.2814371585845947 313
3.2910964488983154 313
3.3008599281311035 313
3.309323310852051 313
3.329319477081299 312
3.339284896850586 312
3.3476998805999756 311
3.3560256958007812 311
3.3644909858703613 311
3.3732192516326904 311
3.3815197944641113 311
3.391767978668213 311
3.401026725769043 310
3.4094889163970947 310
3.4178590774536133 310
3.4260952472686768 310
3.434424638748169 310
3.4439947605133057 310
3.452848434448242 309
3.461115837097168 309
3.470074415206909 309
3.478975534439087 309
3.487217903137207 308
3.49778413772583 308
3.507112503051758 308
3.51444673538208 309
3.523163318634033 309
3.5322022438049316 308
3.5404059886932373 308
3.549900531768799 307
3.5584769248962402 307
3.569723606109619 307
3.5781490802764893 308
3.5864686965942383 308
3.600386142730713 306
3.6097285747528076 306
3.618255853652954 305
3.626955509185791 305
3.6358251571655273 305
3.6444928646087646 305
3.655972719192505 305
3.6645023822784424 304
3.6732254028320312 304
3.681539297103882 304
3.6899240016937256 304
3.7008309364318848 304
3.7103710174560547 303
3.723015069961548 303
3.731875419616699 303
3.740400791168213 303
3.7515153884887695 303
3.763960123062134 303
3.776076316833496 303
3.787346124649048 302
3.801098346710205 302
3.8132684230804443 302
3.8244261741638184 302
3.8372013568878174 302
3.847865104675293 301
3.8561511039733887 301
3.864382266998291 301
3.873243808746338 301
3.881527900695801 300
3.8898701667785645 300
3.901028633117676 300
3.9094746112823486 300
3.9178383350372314 300
3.926105260848999 300
3.9350826740264893 299
3.9433510303497314 299
3.952890634536743 299
3.962183952331543 299
3.9703283309936523 299
3.978996753692627 299
3.987487316131592 298
3.99786114692688 298
4.0074379444122314 298
4.01642107963562 298
4.024020671844482 298
4.0332255363464355 297
4.041538238525391 297
4.051121711730957 297
4.059649229049683 297
4.068906545639038 297
4.077204465866089 296
4.085087060928345 296
4.0955352783203125 296
4.104057788848877 296
4.1133952140808105 296
4.12708044052124 296
4.13446831703186 296
4.143285512924194 295
4.152953386306763 295
4.161978483200073 294
4.170408010482788 295
4.179054498672485 295
4.1873228549957275 295
4.198026895523071 294
4.207348823547363 294
4.215571403503418 294
4.227308750152588 293
4.235521078109741 293
4.2434163093566895 293
4.251769542694092 293
4.261926889419556 292
4.270193099975586 292
4.278992414474487 292
4.287404775619507 292
4.297341585159302 292
4.306899785995483 292
4.314244270324707 292
4.323503732681274 291
4.33225679397583 291
4.340370416641235 291
4.3491692543029785 291
4.359088897705078 291
4.367430210113525 290
4.3756585121154785 290
4.383524417877197 290
4.393177270889282 290
4.4014387130737305 290
4.410860061645508 290
4.4193902015686035 289
4.428954839706421 289
4.437254190444946 289
4.445082187652588 289
4.453325510025024 288
4.463230848312378 288
4.471719026565552 288
4.480021715164185 288
4.4884843826293945 288
4.49770188331604 288
4.505967140197754 288
4.514993190765381 288
4.529463529586792 287
4.538114309310913 286
4.546747922897339 286
4.5542473793029785 286
4.5643322467803955 286
4.572974920272827 286
4.581249237060547 286
4.595670461654663 286
4.6035192012786865 286
4.612981796264648 285
4.621300220489502 285
4.631079196929932 284
4.639519214630127 284
4.648203372955322 285
4.657151699066162 285
4.666515111923218 285
4.674085378646851 284
4.682827472686768 284
4.692280054092407 283
4.700827360153198 283
4.709577322006226 283
4.7189953327178955 283
4.729320764541626 284
4.73813271522522 283
4.7464611530303955 283
4.754073619842529 282
4.764065742492676 282
4.772959470748901 282
4.781342267990112 282
4.790489435195923 282
4.799747943878174 282
4.808200836181641 282
4.817525625228882 282
4.826812028884888 282
4.834161758422852 281
4.842881202697754 281
4.851125717163086 280
4.86028528213501 280
4.86972451210022 281
4.878225803375244 281
4.886881351470947 281
4.896779775619507 281
4.904138565063477 281
4.912968158721924 280
4.927444934844971 280
4.936128377914429 280
4.94405198097229 280
4.953061103820801 280
4.961697816848755 279
4.971227407455444 279
4.97960352897644 278
4.988769054412842 278
4.997785806655884 278
