0 0
0.015916109085083008 0
0.03252077102661133 0
0.048360586166381836 2
0.06687378883361816 6
0.08655714988708496 14
0.09643936157226562 18
0.10494089126586914 23
0.11313176155090332 27
0.1268918514251709 35
0.13774871826171875 42
0.14628171920776367 47
0.15483689308166504 54
0.16382598876953125 59
0.17111968994140625 65
0.18052887916564941 72
0.19051003456115723 79
0.2023763656616211 88
0.2141125202178955 96
0.2389075756072998 116
0.254474401473999 130
0.27794718742370605 148
0.29975199699401855 163
0.3168182373046875 179
0.34030747413635254 195
0.3570678234100342 211
0.37947559356689453 228
0.3982980251312256 246
0.41704487800598145 260
0.4344601631164551 275
0.45809435844421387 291
0.47890186309814453 310
0.4995884895324707 322
0.5169134140014648 334
0.5304677486419678 340
0.5389559268951416 346
0.5489175319671631 350
0.5577700138092041 354
0.5659701824188232 356
0.5742428302764893 359
0.5835897922515869 362
0.5924108028411865 364
0.601060152053833 366
0.6096723079681396 368
0.6177883148193359 369
0.6267292499542236 370
0.6354963779449463 370
0.6436834335327148 371
0.6535091400146484 371
0.6607444286346436 370
0.6691286563873291 370
0.6786658763885498 370
0.6891295909881592 369
0.699601411819458 368
0.7081587314605713 367
0.7183325290679932 366
0.7269001007080078 365
0.7362682819366455 364
0.7459561824798584 363
0.7559945583343506 362
0.7641811370849609 361
0.7722647190093994 360
0.7807011604309082 359
0.789647102355957 358
0.7977795600891113 358
0.8067977428436279 357
0.81553053855896 356
0.8243505954742432 355
0.8324229717254639 354
0.8411669731140137 354
0.8505194187164307 353
0.8594238758087158 352
0.8670790195465088 352
0.8757467269897461 351
0.8855917453765869 350
0.8937304019927979 350
0.9026010036468506 349
0.9103007316589355 349
0.9191305637359619 348
0.9309089183807373 348
0.9397115707397461 348
0.9479324817657471 347
0.957700252532959 346
0.9659731388092041 346
0.9741237163543701 346
0.983410120010376 346
0.9921715259552002 345
1.0000038146972656 345
1.0090110301971436 345
1.017125129699707 344
1.0260040760040283 344
1.0341200828552246 344
1.041806697845459 344
1.049896478652954 343
1.0600759983062744 343
1.0682122707366943 343
1.07639741897583 343
1.0866777896881104 342
1.095024824142456 342
1.1031885147094727 342
1.1122186183929443 342
1.1206614971160889 342
1.1288478374481201 341
1.1380083560943604 341
1.1463029384613037 341
1.1577341556549072 340
1.1690001487731934 340
1.1811747550964355 340
1.1939399242401123 340
1.207045316696167 339
1.220334768295288 339
1.2336947917938232 338
1.24576997756958 338
1.255981683731079 338
1.265129804611206 338
1.2736139297485352 337
1.2834351062774658 337
1.2906773090362549 337
1.2991540431976318 336
1.3082606792449951 336
1.3171019554138184 336
1.3298521041870117 336
1.3380939960479736 336
1.34767746925354 335
1.3576714992523193 335
1.36665940284729 334
1.3749399185180664 334
1.3844633102416992 334
1.3925249576568604 334
1.4001986980438232 334
1.408524513244629 333
1.418440818786621 333
1.4270389080047607 333
1.4355590343475342 332
1.4436962604522705 332
1.4523310661315918 332
1.4607563018798828 332
1.4691343307495117 331
1.485835075378418 331
1.498105525970459 330
1.5062506198883057 330
1.5161480903625488 330
1.52427077293396 330
1.5334811210632324 329
1.5407280921936035 329
1.5501623153686523 329
1.5583033561706543 328
1.5674874782562256 328
1.5757787227630615 328
1.5856409072875977 328
1.5939836502075195 328
1.6011695861816406 327
1.6096789836883545 327
1.6196682453155518 327
1.627734899520874 326
1.6364436149597168 326
1.6445720195770264 326
1.653717279434204 326
1.660923957824707 326
1.6704435348510742 325
1.6797349452972412 325
1.6885547637939453 325
1.6966729164123535 324
1.705094814300537 324
1.714064598083496 324
1.72312593460083 324
1.735713243484497 323
1.743983507156372 323
1.7526981830596924 323
1.7604725360870361 323
1.7698585987091064 322
1.7790203094482422 322
1.7880768775939941 322
1.7963595390319824 322
1.8045523166656494 321
1.8126542568206787 321
1.8224425315856934 321
1.830152988433838 321
1.8390183448791504 320
1.8481385707855225 320
1.8574378490447998 320
1.865739345550537 320
1.8748924732208252 319
1.8851318359375 319
1.893646001815796 319
1.9008276462554932 318
1.9094386100769043 318
1.9191105365753174 318
1.9272043704986572 318
1.9357194900512695 318
1.9438896179199219 317
1.952533483505249 317
1.9603228569030762 317
1.9696803092956543 316
1.9794986248016357 316
1.9876625537872314 316
1.9958536624908447 316
2.0056121349334717 316
2.0142853260040283 315
2.0236976146698 315
2.030876636505127 315
2.0398659706115723 314
2.048581600189209 314
2.0568718910217285 314
2.0651938915252686 314
2.07456636428833 314
2.0845062732696533 313
2.0926103591918945 313
2.1002559661865234 313
2.1084063053131104 313
2.1168055534362793 312
2.1300182342529297 312
2.138444185256958 312
2.1471803188323975 312
2.1558070182800293 312
2.163947820663452 311
2.1711392402648926 311
2.1809868812561035 311
2.189638376235962 311
2.197911500930786 310
2.2060680389404297 310
2.214998245239258 310
2.2241034507751465 310
2.2322237491607666 310
2.2399113178253174 309
2.249025583267212 309
2.2574474811553955 309
2.26572847366333 308
2.2748050689697266 308
2.2844038009643555 308
2.292423963546753 308
2.3000690937042236 308
2.3082327842712402 307
2.3171284198760986 307
2.3264760971069336 307
2.334812879562378 306
2.3428096771240234 306
2.350904703140259 306
2.3595285415649414 306
2.3695051670074463 305
2.3804233074188232 305
2.38861083984375 305
2.3967268466949463 304
2.4050426483154297 304
2.414022445678711 304
2.421192169189453 304
2.4306700229644775 304
2.439131021499634 303
2.4483816623687744 303
2.4565582275390625 303
2.464838981628418 303
2.4727766513824463 302
2.486865520477295 302
2.4955310821533203 302
2.5036938190460205 302
2.5117647647857666 301
2.51981520652771 301
2.5334482192993164 301
2.5406782627105713 300
2.5498013496398926 300
2.5587096214294434 300
2.566861152648926 300
2.5759494304656982 300
2.585867404937744 299
2.59409761428833 299
2.6017203330993652 299
2.6103529930114746 298
2.618661642074585 298
2.626746892929077 298
2.6361331939697266 298
2.644836664199829 298
2.6536924839019775 298
2.6609199047088623 297
2.66947340965271 297
2.6791412830352783 297
2.688225746154785 296
2.696345806121826 296
2.704845905303955 296
2.713836193084717 296
2.7210190296173096 296
2.7295238971710205 296
2.7386832237243652 295
2.7475028038024902 295
2.756180763244629 294
2.764401912689209 294
2.7724249362945557 294
2.782381772994995 294
2.790867328643799 294
2.799544095993042 294
2.80802321434021 293
2.8162314891815186 293
2.82440185546875 293
2.832474708557129 293
2.842510223388672 292
2.8501651287078857 292
2.8584601879119873 292
2.8666181564331055 292
2.8763701915740967 292
2.88645339012146 291
2.894782781600952 291
2.9027254581451416 291
2.9109466075897217 290
2.919661521911621 290
2.9305195808410645 290
2.9423089027404785 290
2.950113534927368 290
2.958455801010132 289
2.9667065143585205 289
2.975680351257324 289
2.9847168922424316 288
2.994029998779297 288
3.001678705215454 288
3.0104777812957764 288
3.0186150074005127 288
3.026718854904175 288
3.035435914993286 287
3.0450313091278076 287
3.053131103515625 287
3.0605695247650146 287
3.06967830657959 286
3.0799925327301025 286
3.089024066925049 286
3.097524642944336 286
3.1063504219055176 286
3.11452317237854 286
3.1225955486297607 285
3.1302742958068848 285
3.138434410095215 285
3.148000955581665 284
3.156315803527832 284
3.164473533630371 284
3.1730713844299316 284
3.181791067123413 284
3.1898434162139893 283
3.198890447616577 283
3.2077600955963135 283
3.216158390045166 283
3.224473237991333 282
3.232588768005371 282
3.2462360858917236 282
3.2569262981414795 282
3.268202066421509 281
3.2803163528442383 281
3.2909326553344727 281
3.3042666912078857 280
3.315645217895508 280
3.323814630508423 280
3.3360190391540527 280
3.3458166122436523 279
3.354257345199585 279
3.362332344055176 279
3.3700015544891357 279
3.379786252975464 278
3.390085458755493 278
3.399646043777466 278
3.4084439277648926 278
3.4165515899658203 278
3.4248266220092773 277
3.432767629623413 277
3.441206455230713 277
3.4505741596221924 277
3.458940267562866 276
3.4669151306152344 276
3.486797571182251 276
3.4951870441436768 276
3.505927801132202 276
3.5142195224761963 275
3.522325038909912 275
3.530104875564575 275
3.5402307510375977 274
3.549987316131592 274
3.5581905841827393 274
3.5664029121398926 274
3.5762157440185547 274
3.5855135917663574 273
3.5942933559417725 273
3.6056079864501953 273
3.613966703414917 273
3.62117862701416 272
3.6296937465667725 272
3.6387035846710205 272
3.646942138671875 272
3.656325578689575 272
3.6645331382751465 271
3.6735482215881348 271
3.682406187057495 271
3.6901280879974365 271
3.6984665393829346 270
3.708317756652832 270
3.7165348529815674 270
3.724841356277466 270
3.7371914386749268 270
3.7460243701934814 269
3.755699634552002 269
3.7638354301452637 269
3.7724967002868652 268
3.78225040435791 268
3.7899701595306396 268
3.798143148422241 268
3.8078980445861816 268
3.816248655319214 268
3.8243844509124756 267
3.832509994506836 267
3.840630292892456 267
3.8488693237304688 267
3.857984781265259 266
3.8662192821502686 266
3.8755717277526855 266
3.885190725326538 266
3.893564462661743 266
3.9008238315582275 266
3.9104743003845215 265
3.9186794757843018 265
3.926769256591797 265
3.936025619506836 264
3.9442331790924072 264
3.9523136615753174 264
3.960860252380371 264
3.9700067043304443 264
3.9789602756500244 264
3.9870007038116455 264
3.9956910610198975 263
4.005787372589111 263
4.013988733291626 263
4.02120304107666 263
4.029714345932007 262
4.038538694381714 262
4.046630620956421 262
4.055062294006348 262
4.064285039901733 262
4.072813272476196 262
4.082766056060791 261
4.0904693603515625 261
4.09862756729126 261
4.110032320022583 260
4.1183857917785645 260
4.126595973968506 260
4.139549493789673 260
4.147782325744629 260
4.1561174392700195 260
4.165614128112793 259
4.174721717834473 259
4.183730840682983 259
4.190959692001343 258
4.200163841247559 258
4.209463834762573 258
4.217190504074097 258
4.225746154785156 258
4.234443664550781 258
4.242520093917847 258
4.250157356262207 257
4.259541273117065 257
4.268561601638794 257
4.276882171630859 257
4.28610897064209 256
4.294409513473511 256
4.303138732910156 256
4.3122639656066895 256
4.319993495941162 256
4.328161239624023 256
4.336742877960205 256
4.3451008796691895 255
4.3536598682403564 255
4.3625993728637695 254
4.370748519897461 254
4.37992262840271 254
4.388086318969727 254
4.396364212036133 254
4.4055495262146 254
4.4148335456848145 253
4.422806262969971 253
4.430466175079346 253
4.439565896987915 253
4.447643756866455 253
4.455893039703369 252
4.465728044509888 252
4.4740235805511475 252
4.483169078826904 252
4.490633964538574 252
4.499748706817627 252
4.5078864097595215 251
4.517040014266968 251
4.525694131851196 251
4.537045001983643 250
4.5465192794799805 250
4.554950952529907 250
4.563405752182007 250
4.572652816772461 250
4.580821752548218 250
4.589147329330444 250
4.598215103149414 249
4.606409072875977 249
4.616761684417725 249
4.626955270767212 248
4.6362340450286865 248
4.64439845085144 248
4.652514219284058 248
4.660436153411865 248
4.670479774475098 248
4.680160045623779 248
4.688839673995972 247
4.697875261306763 247
4.7060630321502686 247
4.7143964767456055 247
4.723747491836548 246
4.732499837875366 246
4.740177154541016 246
4.7483251094818115 246
4.75647759437561 246
4.765861749649048 246
4.775475263595581 246
4.785064458847046 245
4.793462038040161 245
4.802239894866943 245
4.8099658489227295 244
4.818950414657593 244
4.827057838439941 244
4.836335897445679 244
4.8445374965667725 244
4.853482007980347 244
4.860727310180664 243
4.870641231536865 243
4.879856109619141 243
4.887946367263794 243
4.896943807601929 242
4.905510425567627 242
4.9138078689575195 242
4.922784805297852 242
4.930824279785156 242
4.944140672683716 242
4.952171564102173 241
4.960270643234253 241
4.969009160995483 241
4.979539632797241 241
4.987689971923828 240
4.996429443359375 240
