0 0
0.013091087341308594 0
0.033975839614868164 0
0.06864404678344727 6
0.10875630378723145 23
0.11670064926147461 28
0.12681198120117188 34
0.13534164428710938 38
0.14406657218933105 44
0.16186928749084473 56
0.1707618236541748 62
0.18016767501831055 68
0.18845891952514648 75
0.19686555862426758 81
0.2068939208984375 88
0.21564507484436035 94
0.22532010078430176 102
0.23462224006652832 110
0.24700188636779785 119
0.2567565441131592 126
0.26613521575927734 133
0.281005859375 146
0.2998661994934082 160
0.31975817680358887 182
0.3386194705963135 192
0.34659433364868164 197
0.3638627529144287 212
0.3731367588043213 220
0.38253307342529297 226
0.39270448684692383 236
0.4017939567565918 243
0.41125941276550293 251
0.42003440856933594 258
0.4293239116668701 266
0.4370391368865967 272
0.44575023651123047 277
0.45479822158813477 283
0.4639444351196289 288
0.47245144844055176 293
0.48108983039855957 298
0.4902374744415283 302
0.49906396865844727 305
0.5085341930389404 309
0.5165081024169922 311
0.5263509750366211 314
0.5348033905029297 319
0.5432145595550537 322
0.5519580841064453 324
0.5618860721588135 326
0.570263147354126 328
0.5784945487976074 330
0.5867757797241211 333
0.5962164402008057 335
0.6047489643096924 337
0.6319382190704346 339
0.6545219421386719 336
0.6813364028930664 338
0.6922235488891602 340
0.7010118961334229 342
0.7103700637817383 344
0.718682050704956 346
0.7285804748535156 347
0.7380044460296631 347
0.746267557144165 348
0.7546849250793457 348
0.7650418281555176 348
0.7732880115509033 349
0.7821555137634277 350
0.791393518447876 351
0.7998909950256348 352
0.8073081970214844 351
0.8169386386871338 350
0.8271439075469971 350
0.8359227180480957 350
0.844468355178833 350
0.852825403213501 351
0.8627946376800537 352
0.8713114261627197 352
0.8797824382781982 352
0.901219367980957 354
0.9302694797515869 361
0.9486827850341797 364
0.9567375183105469 363
0.9671940803527832 362
0.9759194850921631 362
0.9842195510864258 362
0.9931483268737793 362
1.0033848285675049 361
1.0125863552093506 360
1.0224220752716064 359
1.032393455505371 360
1.0407698154449463 361
1.0539672374725342 362
1.063058614730835 362
1.072744369506836 360
1.0813887119293213 360
1.0903160572052002 360
1.0985229015350342 359
1.12656569480896 358
1.1451911926269531 359
1.1711223125457764 364
1.1806879043579102 364
1.1898605823516846 364
1.1972033977508545 363
1.2066500186920166 362
1.2151482105255127 360
1.2287507057189941 360
1.23661470413208 360
1.2449262142181396 360
1.2531390190124512 360
1.2623395919799805 360
1.2718465328216553 359
1.280353307723999 358
1.2886769771575928 358
1.2969677448272705 358
1.3061208724975586 358
1.3145389556884766 358
1.3252167701721191 358
1.3334004878997803 358
1.3420281410217285 358
1.3504185676574707 357
1.359696388244629 357
1.3745434284210205 358
1.402632713317871 357
1.4111018180847168 356
1.4212737083435059 355
1.450303077697754 357
1.4597067832946777 360
1.4671175479888916 362
1.4768562316894531 363
1.4868526458740234 363
1.495985746383667 362
1.5045804977416992 361
1.5133891105651855 360
1.5241169929504395 360
1.5324969291687012 360
1.5407748222351074 360
1.548964262008667 360
1.557271957397461 360
1.5662410259246826 358
1.5760176181793213 358
1.5843424797058105 358
1.5929234027862549 358
1.6069188117980957 358
1.6159563064575195 358
1.6501073837280273 354
1.6700150966644287 355
1.6929020881652832 358
1.701993465423584 360
1.7105085849761963 361
1.7210404872894287 362
1.7308790683746338 361
1.7406806945800781 359
1.7490384578704834 358
1.7572331428527832 358
1.7659409046173096 358
1.7741467952728271 359
1.7825851440429688 359
1.7925426959991455 358
1.8012421131134033 357
1.8098480701446533 356
1.8185608386993408 356
1.8285086154937744 358
1.8366248607635498 358
1.8579692840576172 358
1.866478681564331 358
1.8748977184295654 357
1.8833305835723877 356
1.8937368392944336 355
1.9039325714111328 355
1.916764736175537 357
1.9310283660888672 358
1.9438838958740234 357
1.9561383724212646 355
1.968787670135498 354
1.9812781810760498 355
1.9950568675994873 358
2.022315740585327 359
2.0445544719696045 354
2.067293882369995 350
2.0762124061584473 348
2.0845816135406494 347
2.0951364040374756 347
2.103876829147339 348
2.1141138076782227 349
2.1230032444000244 350
2.137894630432129 350
2.146949529647827 349
2.1563122272491455 348
2.164865016937256 348
2.1730916500091553 349
2.1833200454711914 351
2.1932225227355957 352
2.2027978897094727 352
2.2112956047058105 351
2.2202634811401367 350
2.2309138774871826 350
2.2389841079711914 351
2.2547519207000732 354
2.263124942779541 355
2.2719647884368896 356
2.2805802822113037 355
2.301356554031372 351
2.3260748386383057 349
2.3430354595184326 351
2.3547019958496094 353
2.3639726638793945 354
2.3724215030670166 355
2.3807387351989746 355
2.3900628089904785 355
2.399916887283325 354
2.425140619277954 356
2.4445078372955322 359
2.4701545238494873 357
2.4798474311828613 355
2.487269401550293 354
2.497020721435547 353
2.506757974624634 353
2.5151031017303467 354
2.5264830589294434 355
2.535769462585449 356
2.5439770221710205 356
2.5523436069488525 354
2.5624358654022217 354
2.570741891860962 353
2.5796926021575928 353
2.5871284008026123 353
2.5962109565734863 354
2.605740547180176 354
2.6141674518585205 354
2.6224489212036133 354
2.6329827308654785 353
2.641951322555542 352
2.655700922012329 354
2.6648006439208984 354
2.673163414001465 354
2.681926965713501 354
2.6902875900268555 353
2.698971748352051 352
2.726715564727783 352
2.7461841106414795 354
2.7697887420654297 358
2.7812716960906982 358
2.790302038192749 357
2.7985944747924805 355
2.8087809085845947 354
2.8167576789855957 354
2.8287065029144287 354
2.836514472961426 354
2.84627628326416 355
2.854581117630005 355
2.8639039993286133 354
2.8725154399871826 354
2.8819241523742676 354
2.8902204036712646 353
2.8985486030578613 353
2.9067978858947754 354
2.9164609909057617 354
2.9260611534118652 354
2.9343197345733643 354
2.943315267562866 353
2.9520280361175537 352
2.9621670246124268 352
2.97041654586792 353
2.9787144660949707 353
2.9868838787078857 353
2.9962644577026367 352
3.004789352416992 352
3.020554304122925 352
3.0393593311309814 352
3.0647623538970947 352
3.077012538909912 352
3.0858397483825684 352
3.094083309173584 352
3.1067235469818115 352
3.120584011077881 351
3.1307435035705566 351
3.139871120452881 351
3.149761438369751 352
3.157031774520874 352
3.166531801223755 351
3.175896167755127 351
3.184293031692505 351
3.1925411224365234 351
3.200887441635132 352
3.209850311279297 352
3.218825340270996 351
3.241884469985962 350
3.2526495456695557 350
3.2612993717193604 350
3.2707056999206543 351
3.280879497528076 352
3.2910327911376953 352
3.316096305847168 350
3.338608741760254 347
3.3600893020629883 348
3.375810146331787 351
3.3858296871185303 354
3.394463300704956 354
3.4047439098358154 355
3.4144680500030518 355
3.425039768218994 354
3.433189630508423 353
3.4419686794281006 353
3.4550251960754395 353
3.4647912979125977 352
3.4744229316711426 352
3.483379602432251 352
3.4920623302459717 352
3.5002708435058594 352
3.5084550380706787 352
3.516669511795044 352
3.5271687507629395 351
3.5522050857543945 350
3.572097063064575 352
3.5960869789123535 358
3.605656623840332 360
3.6142022609710693 362
3.625084400177002 362
3.633357048034668 362
3.6430623531341553 360
3.651914358139038 359
3.661182403564453 358
3.6697638034820557 358
3.6789791584014893 357
3.687929153442383 356
3.6961748600006104 355
3.704606056213379 355
3.7129061222076416 355
3.7225606441497803 355
3.732805013656616 354
3.7417047023773193 354
3.750067710876465 354
3.765070915222168 352
3.7898290157318115 350
3.8113744258880615 348
3.8313281536102295 350
3.8401894569396973 352
3.848464250564575 352
3.8625826835632324 352
3.8721230030059814 352
3.882153034210205 350
3.8908915519714355 350
3.8996336460113525 350
3.9070467948913574 350
3.9158523082733154 350
3.9259393215179443 350
3.93514347076416 350
3.9432666301727295 350
3.951913595199585 349
3.9612438678741455 349
3.9697632789611816 348
3.978677988052368 349
3.9911623001098633 349
4.002184867858887 349
4.020721912384033 348
4.052088975906372 349
4.075997829437256 352
4.102797269821167 352
4.111364841461182 351
4.120081186294556 350
4.131174325942993 348
4.146914720535278 349
4.156966924667358 350
4.165775299072266 351
4.175980806350708 351
4.1851136684417725 351
4.194293022155762 350
4.2028162479400635 349
4.211665391921997 348
4.220038890838623 348
4.230563402175903 350
4.241766452789307 351
4.251100063323975 351
4.264322757720947 351
4.273216247558594 350
4.282045841217041 349
4.292070627212524 349
4.30051851272583 348
4.325875759124756 349
4.346911191940308 354
4.371954917907715 357
4.381704092025757 357
4.391672849655151 355
4.400021314620972 354
4.407927989959717 354
4.416182279586792 354
4.426655530929565 354
4.436330795288086 353
4.444889783859253 352
4.4531989097595215 352
4.462311029434204 352
4.470653295516968 352
4.4788923263549805 352
4.488987922668457 350
4.499014377593994 348
4.50703501701355 347
4.516587257385254 347
4.526737689971924 348
4.542649030685425 348
4.5639519691467285 346
4.58858323097229 342
4.605586767196655 343
4.61487889289856 345
4.625100374221802 346
4.633322477340698 346
4.642719268798828 346
4.6520771980285645 346
4.665996074676514 345
4.67459774017334 345
4.683907985687256 346
4.694354295730591 346
4.702765226364136 347
4.711214065551758 346
4.720223903656006 346
4.729317903518677 346
4.736899375915527 346
4.746617794036865 346
4.755941867828369 346
4.771280765533447 347
4.794511556625366 344
4.816258907318115 342
4.834655284881592 343
4.844370365142822 344
4.853267192840576 346
4.862135887145996 346
4.870416879653931 346
4.878598690032959 346
4.88983416557312 346
4.898910760879517 346
4.906719207763672 346
4.915023565292358 346
4.924696207046509 346
4.932938098907471 346
4.941633701324463 346
4.95173978805542 346
4.9600300788879395 346
4.967373847961426 346
4.9768102169036865 346
4.986149549484253 346
4.995287179946899 346
