0 0
0.01562666893005371 0
0.03601527214050293 0
0.05234813690185547 1
0.06862401962280273 5
0.08559203147888184 10
0.09383893013000488 13
0.10230422019958496 18
0.11010956764221191 21
0.11989951133728027 27
0.12818479537963867 32
0.1377701759338379 37
0.14667129516601562 43
0.1553182601928711 49
0.16361474990844727 54
0.1722579002380371 61
0.18213295936584473 68
0.19003081321716309 73
0.19855308532714844 80
0.20679688453674316 86
0.2161245346069336 93
0.22537827491760254 99
0.23458313941955566 107
0.2428281307220459 113
0.2514936923980713 121
0.2599153518676758 126
0.26827454566955566 133
0.2774076461791992 140
0.2868335247039795 151
0.29942822456359863 157
0.30780720710754395 164
0.31682896614074707 172
0.3260765075683594 179
0.3357663154602051 187
0.3440883159637451 195
0.35317325592041016 201
0.3605921268463135 208
0.36928820610046387 215
0.37888526916503906 223
0.3883030414581299 231
0.3980240821838379 239
0.4074070453643799 246
0.4160189628601074 254
0.4252622127532959 261
0.43372392654418945 269
0.44292354583740234 275
0.4514784812927246 282
0.4596726894378662 289
0.46812891960144043 297
0.47676587104797363 304
0.4866065979003906 312
0.4954981803894043 319
0.5037386417388916 325
0.512493371963501 333
0.5214762687683105 340
0.5296955108642578 347
0.5388360023498535 355
0.5478765964508057 362
0.5562186241149902 369
0.5646791458129883 375
0.572930097579956 380
0.5823066234588623 385
0.5908513069152832 388
0.5996427536010742 391
0.6079392433166504 393
0.6175234317779541 394
0.6264045238494873 395
0.6348776817321777 394
0.6447131633758545 393
0.6531522274017334 391
0.6604783535003662 389
0.6692445278167725 387
0.679119348526001 383
0.6874096393585205 376
0.7007958889007568 372
0.7101731300354004 368
0.7195537090301514 362
0.7277970314025879 357
0.7361056804656982 353
0.7458925247192383 348
0.7542164325714111 344
0.762427806854248 342
0.7702345848083496 340
0.7795445919036865 339
0.7883174419403076 339
0.797950267791748 339
0.8061809539794922 340
0.8153412342071533 342
0.8254115581512451 345
0.8336448669433594 348
0.8434960842132568 352
0.8507194519042969 355
0.8594694137573242 359
0.8676366806030273 363
0.8763351440429688 366
0.8853859901428223 369
0.8946638107299805 371
0.9037196636199951 372
0.9134728908538818 372
0.9224276542663574 371
0.9302456378936768 370
0.9385666847229004 368
0.9481382369995117 365
0.9563038349151611 362
0.9646425247192383 359
0.9725475311279297 356
0.98087477684021 353
0.9901573657989502 351
0.9995782375335693 349
1.0082976818084717 348
1.0166411399841309 347
1.025813102722168 348
1.0341670513153076 349
1.0425963401794434 351
1.0519826412200928 353
1.0597302913665771 355
1.067871332168579 357
1.0767157077789307 361
1.085310935974121 362
1.0988538265228271 365
1.1069374084472656 365
1.116222858428955 365
1.1254618167877197 365
1.1338615417480469 363
1.1467502117156982 361
1.1580784320831299 358
1.1695075035095215 356
1.1820025444030762 353
1.1934685707092285 351
1.2056312561035156 351
1.2242939472198486 352
1.2333147525787354 353
1.242051601409912 355
1.2519326210021973 356
1.2596747875213623 358
1.26786470413208 359
1.2778501510620117 361
1.2867710590362549 361
1.2958805561065674 362
1.3055949211120605 361
1.314532995223999 361
1.3234834671020508 360
1.330674409866333 359
1.3414874076843262 357
1.3505065441131592 356
1.3588645458221436 355
1.3676049709320068 354
1.3763186931610107 353
1.3856840133666992 353
1.3940067291259766 353
1.4039442539215088 354
1.412867784500122 355
1.4219067096710205 355
1.429643154144287 356
1.437800645828247 357
1.4463465213775635 358
1.4559791088104248 359
1.4641332626342773 359
1.4728426933288574 359
1.480325698852539 359
1.4885869026184082 359
1.5007719993591309 357
1.5108232498168945 357
1.520174264907837 356
1.5285594463348389 355
1.5366721153259277 355
1.5458457469940186 355
1.5551891326904297 354
1.563345193862915 354
1.5705764293670654 354
1.5795245170593262 355
1.5876035690307617 355
1.5957095623016357 355
1.6057052612304688 356
1.6139206886291504 356
1.6232225894927979 357
1.6304733753204346 357
1.6397323608398438 357
1.6478643417358398 357
1.6568753719329834 356
1.6654133796691895 356
1.6740028858184814 356
1.6820788383483887 355
1.6898536682128906 355
1.6981449127197266 355
1.7081944942474365 355
1.716336727142334 355
1.7257001399993896 355
1.7338123321533203 355
1.7421953678131104 355
1.7498924732208252 355
1.7593834400177002 355
1.7676441669464111 355
1.7764146327972412 355
1.7848007678985596 355
1.793147325515747 355
1.8003828525543213 355
1.8107635974884033 355
1.8206026554107666 355
1.8292417526245117 355
1.8379950523376465 355
1.8479070663452148 355
1.8614530563354492 355
1.8699867725372314 355
1.8785581588745117 355
1.886552095413208 355
1.8988838195800781 355
1.9080116748809814 355
1.918320655822754 355
1.9265811443328857 355
1.9352943897247314 355
1.944098949432373 355
1.952141523361206 355
1.959815263748169 355
1.9694349765777588 355
1.977703332901001 355
1.985917091369629 355
1.9942264556884766 355
2.003293514251709 355
2.0138821601867676 355
2.0231640338897705 355
2.0304160118103027 355
2.0395750999450684 355
2.047657012939453 355
2.0560858249664307 355
2.0654518604278564 355
2.0741076469421387 355
2.082174301147461 355
2.0898401737213135 355
2.0980069637298584 355
2.1064529418945312 355
2.116590976715088 355
2.1257472038269043 355
2.133932590484619 355
2.142484664916992 355
2.1501595973968506 355
2.1585919857025146 355
2.167799234390259 355
2.1766366958618164 355
2.1849308013916016 355
2.1933062076568604 355
2.2004923820495605 355
2.209196090698242 355
2.2196595668792725 355
2.2278082370758057 355
2.236558198928833 355
2.24491810798645 355
2.253300428390503 355
2.260510206222534 355
2.2703616619110107 355
2.2785935401916504 355
2.2867820262908936 355
2.2993414402008057 355
2.3081681728363037 355
2.318244457244873 355
2.326538324356079 355
2.335904121398926 355
2.344071388244629 355
2.35212779045105 355
2.3607845306396484 355
2.370520830154419 355
2.3787500858306885 355
2.3867831230163574 354
2.395308256149292 354
2.4041035175323486 354
2.4121787548065186 353
2.42217755317688 353
2.429830551147461 353
2.4385929107666016 353
2.446624279022217 353
2.4549198150634766 353
2.4632935523986816 353
2.4733693599700928 353
2.48051118850708 353
2.488739252090454 353
2.4967641830444336 353
2.506009578704834 353
2.5141725540161133 352
2.5248970985412598 352
2.5337765216827393 352
2.5414562225341797 352
2.549680471420288 353
2.5578999519348145 353
2.566675901412964 353
2.5760488510131836 353
2.584235191345215 353
2.592302083969116 352
2.600527763366699 352
2.6087453365325928 352
2.6171703338623047 352
2.6276466846466064 353
2.636406183242798 353
2.6446924209594727 353
2.652599334716797 353
2.660395383834839 352
2.6694447994232178 352
2.678583860397339 352
2.686552047729492 352
2.694934606552124 352
2.7076752185821533 353
2.716114044189453 353
2.7262496948242188 352
2.7352142333984375 352
2.7433133125305176 352
2.7505195140838623 352
2.758826971054077 352
2.7676525115966797 352
2.776822090148926 353
2.785386323928833 353
2.793475389480591 352
2.8021464347839355 352
2.809940814971924 352
2.8200178146362305 352
2.829225778579712 352
2.83839750289917 352
2.846492290496826 353
2.85483717918396 353
2.8637447357177734 352
2.8740830421447754 352
2.8834776878356934 352
2.89068603515625 352
2.8998124599456787 352
2.90795636177063 352
2.91609263420105 353
2.925269603729248 353
2.935762405395508 352
2.94397234916687 352
2.9520423412323 352
2.9598467350006104 352
2.968729019165039 352
2.976809501647949 352
2.986041784286499 352
2.994194507598877 352
3.0029358863830566 352
3.0103909969329834 352
3.019894599914551 352
3.0292680263519287 352
3.0387332439422607 352
3.046755075454712 352
3.055288314819336 352
3.063924551010132 352
3.0719916820526123 352
3.080533981323242 352
3.088895320892334 352
3.101984739303589 352
3.109834909439087 352
3.1192541122436523 352
3.1274666786193848 352
3.138080596923828 352
3.1462109088897705 352
3.15451979637146 352
3.1633167266845703 352
3.1706392765045166 352
3.1791694164276123 352
3.1881439685821533 352
3.197490692138672 352
3.205702304840088 352
3.214630365371704 352
3.237887382507324 352
3.2492644786834717 352
3.260146141052246 352
3.2723307609558105 351
3.2922987937927246 351
3.302459955215454 351
3.3101532459259033 351
3.3195571899414062 350
3.3279178142547607 350
3.3399009704589844 350
3.348170280456543 350
3.3566956520080566 350
3.365570545196533 350
3.373871326446533 350
3.381537437438965 350
3.390420913696289 350
3.399425745010376 350
3.4074630737304688 350
3.415663719177246 350
3.424825668334961 350
3.4338858127593994 350
3.443293571472168 350
3.4504659175872803 350
3.459181785583496 350
3.467721462249756 350
3.475884199142456 350
3.484086275100708 350
3.4936704635620117 350
3.5063583850860596 350
3.5148258209228516 350
3.5241332054138184 350
3.5325284004211426 350
3.5421996116638184 350
3.5504143238067627 350
3.5588884353637695 350
3.567877769470215 350
3.5760512351989746 350
3.5844340324401855 350
3.594163417816162 350
3.6022536754608154 350
3.609975576400757 350
3.6193668842315674 350
3.6281657218933105 350
3.636280059814453 350
3.6457056999206543 350
3.654435396194458 350
3.6634714603424072 350
3.670661211013794 350
3.6794450283050537 350
3.6875240802764893 350
3.6968138217926025 350
3.705627918243408 350
3.7139244079589844 350
3.7232275009155273 350
3.7319557666778564 350
3.7406187057495117 350
3.749175786972046 350
3.757802963256836 350
3.766467809677124 350
3.7748289108276367 350
3.7831814289093018 350
3.7920732498168945 350
3.800443649291992 350
3.8087213039398193 350
3.8184654712677 350
3.827650785446167 350
3.835855007171631 350
3.8461697101593018 350
3.854687213897705 350
3.8639519214630127 350
3.871999740600586 350
3.8797502517700195 349
3.887902021408081 349
3.8974995613098145 349
3.9095969200134277 350
3.919250965118408 350
3.928041934967041 350
3.93623423576355 350
3.945600748062134 349
3.95371675491333 349
3.9633939266204834 349
3.970564842224121 349
3.979339122772217 349
3.9874444007873535 349
3.996807813644409 349
4.005359172821045 349
4.013508081436157 348
4.0223846435546875 348
4.030468702316284 348
4.0391316413879395 348
4.04809308052063 348
4.056259393692017 348
4.0653157234191895 348
4.073459625244141 348
4.080650568008423 348
4.089202642440796 349
4.099284410476685 349
4.107523441314697 349
4.115807294845581 349
4.125836610794067 349
4.1339733600616455 349
4.14208984375 348
4.150590419769287 348
4.159737825393677 348
4.168351650238037 348
4.176795721054077 348
4.18536114692688 348
4.196090459823608 348
4.205867528915405 349
4.214221715927124 349
4.223993301391602 349
4.232102394104004 349
4.2399256229400635 349
4.249347925186157 348
4.258204460144043 348
4.266818523406982 348
4.275548934936523 347
4.283780336380005 347
4.2925097942352295 347
4.305569648742676 347
4.313851833343506 347
4.323641061782837 347
4.330885887145996 347
4.339758396148682 347
4.347895383834839 347
4.359959602355957 348
4.369235277175903 347
4.37737250328064 347
4.38551926612854 347
4.394191026687622 347
4.403543472290039 347
4.410739421844482 347
4.4201765060424805 347
4.429324150085449 347
4.437439918518066 347
4.445679426193237 347
4.4548845291137695 347
4.463816404342651 347
4.472379207611084 347
4.480043649673462 347
4.488204002380371 347
4.497225522994995 347
4.506386995315552 347
4.514875173568726 347
4.524592638015747 347
4.5325093269348145 347
4.5401740074157715 347
4.548341989517212 347
4.5581512451171875 347
4.566327333450317 347
4.575555324554443 347
4.583743572235107 347
4.592462778091431 347
4.600187063217163 347
4.609647750854492 347
4.618005990982056 347
4.627424001693726 347
4.635863304138184 347
4.644088983535767 347
4.652153253555298 347
4.662028789520264 347
4.669711351394653 347
4.678365468978882 347
4.686459064483643 347
4.695708274841309 347
4.708406686782837 347
4.716785907745361 347
4.726599216461182 347
4.735238075256348 347
4.743394613265991 347
4.750597238540649 347
4.760721206665039 347
4.769225597381592 347
4.777865886688232 347
4.78602409362793 347
4.794828414916992 347
4.8032379150390625 347
4.812121868133545 347
4.823431015014648 347
4.830652236938477 347
4.839191198348999 347
4.847187280654907 347
4.855944871902466 347
4.866268873214722 347
4.874803781509399 347
4.883807897567749 347
4.892537832260132 347
4.900198698043823 347
4.90837287902832 347
4.918418645858765 347
4.927487850189209 347
4.9359447956085205 347
4.94412636756897 347
4.952200889587402 347
4.962047576904297 347
4.969727277755737 347
4.97786808013916 347
4.986675262451172 346
4.995465278625488 345
