0 0
0.012104511260986328 0
0.027267932891845703 0
0.0480961799621582 2
0.0684804916381836 7
0.08324885368347168 14
0.09711050987243652 20
0.10516524314880371 24
0.11398863792419434 29
0.12240815162658691 34
0.13067889213562012 40
0.1389176845550537 45
0.1491861343383789 52
0.15801477432250977 57
0.16681289672851562 64
0.17625904083251953 70
0.18401741981506348 76
0.19228291511535645 81
0.20168757438659668 89
0.21052312850952148 95
0.21875667572021484 101
0.2272045612335205 108
0.2359023094177246 114
0.2459120750427246 122
0.25457143783569336 130
0.2630579471588135 136
0.27175307273864746 143
0.2806975841522217 150
0.28905153274536133 157
0.29909396171569824 165
0.30812788009643555 172
0.31645631790161133 178
0.3246145248413086 186
0.3324549198150635 191
0.34174323081970215 199
0.3517768383026123 207
0.362123966217041 215
0.37037110328674316 222
0.3790121078491211 230
0.3877379894256592 236
0.39597368240356445 243
0.40616726875305176 251
0.4166719913482666 261
0.4247593879699707 267
0.4324824810028076 272
0.44144725799560547 280
0.45063066482543945 288
0.45943617820739746 294
0.4734785556793213 305
0.48229312896728516 311
0.4905862808227539 318
0.5000333786010742 323
0.5086209774017334 328
0.5167655944824219 334
0.5248885154724121 338
0.5326023101806641 341
0.5418410301208496 346
0.5510094165802002 350
0.5601789951324463 354
0.5689244270324707 356
0.578500509262085 359
0.5866739749908447 362
0.5947809219360352 364
0.6033186912536621 365
0.6128702163696289 367
0.6218645572662354 368
0.6305060386657715 368
0.6391675472259521 369
0.6477899551391602 370
0.657834529876709 370
0.6667964458465576 370
0.6759138107299805 370
0.6831057071685791 370
0.691838264465332 369
0.6998050212860107 369
0.7094442844390869 368
0.7181656360626221 368
0.72629714012146 367
0.7340083122253418 367
0.7427639961242676 366
0.7509677410125732 365
0.7623605728149414 365
0.7710175514221191 364
0.7792387008666992 363
0.7877893447875977 363
0.7958841323852539 362
0.8058807849884033 362
0.8130760192871094 361
0.8213067054748535 360
0.8305256366729736 360
0.8407261371612549 359
0.8504395484924316 359
0.8612480163574219 358
0.8746306896209717 357
0.8825583457946777 357
0.8908483982086182 356
0.8991878032684326 356
0.9091835021972656 356
0.9184250831604004 356
0.9269928932189941 355
0.9358270168304443 355
0.9430561065673828 355
0.9512872695922852 354
0.9618964195251465 354
0.9711990356445312 354
0.9791953563690186 354
0.9878003597259521 354
0.9959912300109863 354
1.0040080547332764 353
1.0129425525665283 353
1.0213167667388916 353
1.0293357372283936 353
1.0383405685424805 353
1.046541452407837 352
1.0546221733093262 352
1.0646007061004639 352
1.073336124420166 352
1.0819694995880127 352
1.0900049209594727 352
1.0981662273406982 352
1.1074230670928955 352
1.117417573928833 352
1.1284258365631104 352
1.142033338546753 352
1.1530852317810059 352
1.1679940223693848 352
1.179002046585083 352
1.1904637813568115 352
1.2031912803649902 352
1.215921401977539 352
1.2234745025634766 352
1.232393741607666 352
1.2408981323242188 352
1.2490441799163818 352
1.257495641708374 352
1.2727501392364502 352
1.281121015548706 352
1.2891929149627686 351
1.2979063987731934 351
1.3064181804656982 351
1.3159453868865967 350
1.323124885559082 350
1.3319036960601807 350
1.3406383991241455 350
1.348771095275879 350
1.3571102619171143 349
1.3686308860778809 349
1.3770229816436768 348
1.3850321769714355 348
1.392723798751831 348
1.4018044471740723 348
1.409820795059204 348
1.4188220500946045 347
1.4280011653900146 347
1.4379353523254395 347
1.446077585220337 346
1.4532465934753418 346
1.4627656936645508 346
1.472135305404663 346
1.4807162284851074 346
1.4888770580291748 345
1.498105525970459 345
1.5063388347625732 345
1.514033555984497 345
1.5229594707489014 345
1.5319876670837402 344
1.5400505065917969 344
1.548281192779541 344
1.5565085411071777 344
1.5657525062561035 344
1.5747241973876953 344
1.582970380783081 344
1.5913214683532715 344
1.5993270874023438 344
1.6078882217407227 343
1.6161816120147705 343
1.6250896453857422 343
1.6327378749847412 343
1.6409084796905518 343
1.6490302085876465 342
1.6573340892791748 342
1.6664841175079346 342
1.6792683601379395 342
1.6884281635284424 342
1.6967406272888184 342
1.7048237323760986 342
1.7124624252319336 342
1.7219996452331543 342
1.730058193206787 342
1.7384321689605713 342
1.7465829849243164 342
1.7546467781066895 342
1.7629847526550293 342
1.772298812866211 342
1.7804160118103027 342
1.7890145778656006 342
1.7974929809570312 342
1.8058819770812988 342
1.8130848407745361 342
1.822490930557251 342
1.8306477069854736 342
1.842120885848999 342
1.8528900146484375 342
1.8623840808868408 342
1.872323751449585 342
1.8805465698242188 341
1.8892345428466797 341
1.898428201675415 341
1.9074809551239014 340
1.916027307510376 340
1.9249095916748047 340
1.9326012134552002 340
1.9416873455047607 339
1.949394702911377 339
1.9585626125335693 339
1.969419240951538 338
1.979032039642334 338
1.9873933792114258 338
1.9957640171051025 338
2.006138801574707 337
2.0133414268493652 337
2.0219390392303467 337
2.0312530994415283 336
2.0401830673217773 336
2.048297643661499 336
2.056410551071167 336
2.065502405166626 336
2.0789999961853027 335
2.0874996185302734 335
2.0965466499328613 335
2.1059045791625977 334
2.1131203174591064 334
2.1214234828948975 334
2.130619525909424 334
2.1390888690948486 334
2.1474106311798096 334
2.1559269428253174 334
2.164759874343872 334
2.172983407974243 334
2.182727098464966 333
2.1909596920013428 333
2.2003743648529053 333
2.2085824012756348 333
2.216869354248047 333
2.2249042987823486 332
2.2347402572631836 332
2.2425525188446045 332
2.2507221698760986 332
2.2588255405426025 332
2.268770217895508 332
2.277200698852539 332
2.2873926162719727 332
2.295496702194214 332
2.3047068119049072 332
2.3124189376831055 332
2.32071590423584 332
2.328856945037842 332
2.3390328884124756 331
2.347364664077759 331
2.3555068969726562 331
2.3662383556365967 330
2.3734562397003174 330
2.382788896560669 330
2.390976667404175 330
2.4007608890533447 330
2.408912181854248 330
2.4172511100769043 330
2.425168037414551 330
2.434954881668091 329
2.4426217079162598 329
2.4508399963378906 329
2.4592373371124268 329
2.473991870880127 329
2.4830121994018555 329
2.4916930198669434 329
2.5007739067077637 328
2.508937358856201 328
2.5173683166503906 328
2.525783061981201 328
2.5351271629333496 328
2.5431277751922607 328
2.551461696624756 327
2.5598301887512207 327
2.5687577724456787 327
2.5772147178649902 327
2.5863864421844482 327
2.594031810760498 327
2.6025383472442627 326
2.610745429992676 326
2.618838310241699 326
2.6272239685058594 326
2.636460542678833 326
2.6445281505584717 326
2.65259051322937 326
2.6622321605682373 326
2.6723179817199707 326
2.6804566383361816 326
2.6902384757995605 325
2.698575735092163 325
2.7078919410705566 325
2.7164742946624756 325
2.724513292312622 324
2.732219696044922 324
2.741917610168457 324
2.7514030933380127 324
2.7611403465270996 324
2.7707860469818115 324
2.7789077758789062 324
2.787184238433838 324
2.7962634563446045 324
2.803499698638916 324
2.8125076293945312 323
2.820824146270752 323
2.8289172649383545 323
2.839059829711914 323
2.8473989963531494 323
2.857316493988037 322
2.8662688732147217 322
2.881995916366577 322
2.891319751739502 322
2.899416923522949 322
2.9079203605651855 322
2.916642665863037 322
2.926297903060913 322
2.933969736099243 322
2.9466657638549805 322
2.955880880355835 322
2.966085195541382 322
2.973236560821533 322
2.984590768814087 322
2.9958548545837402 322
3.003431558609009 322
3.014392375946045 321
3.0225980281829834 321
3.0312206745147705 321
3.041877269744873 320
3.0513148307800293 320
3.0609030723571777 320
3.0690228939056396 320
3.0784599781036377 320
3.087778329849243 319
3.0979065895080566 319
3.1060421466827393 319
3.114957094192505 319
3.122774124145508 319
3.131765365600586 318
3.1406924724578857 318
3.15000057220459 318
3.1585094928741455 318
3.167818546295166 318
3.176450252532959 318
3.184539794921875 317
3.1922173500061035 317
3.2047064304351807 317
3.21626353263855 317
3.2283096313476562 317
3.239440679550171 317
3.2520978450775146 317
3.2641525268554688 317
3.2802734375 317
3.2917823791503906 317
3.3011183738708496 317
3.3160769939422607 317
3.323322296142578 317
3.3318581581115723 317
3.3398220539093018 317
3.348886013031006 317
3.3574399948120117 317
3.3673222064971924 316
3.3755064010620117 316
3.3829753398895264 316
3.3912875652313232 316
3.400631904602051 316
3.4089324474334717 316
3.417360305786133 315
3.4257631301879883 315
3.4329962730407715 315
3.44199800491333 315
3.450995445251465 314
3.4593417644500732 314
3.4685611724853516 314
3.4768226146698 314
3.4849491119384766 314
3.494490623474121 313
3.502960205078125 313
3.511230945587158 313
3.519258975982666 312
3.5278568267822266 312
3.536219358444214 312
3.543431520462036 312
3.5528295040130615 312
3.562119245529175 312
3.5702455043792725 311
3.5784313678741455 311
3.5866432189941406 311
3.59590220451355 311
3.604781150817871 310
3.6124770641326904 310
3.6206860542297363 310
3.630279302597046 310
3.638519763946533 310
3.6466803550720215 310
3.6564648151397705 310
3.6659560203552246 309
3.678098678588867 309
3.6863620281219482 309
3.6951100826263428 309
3.7029082775115967 309
3.712416648864746 309
3.720726728439331 308
3.730186700820923 308
3.738332509994507 308
3.746474027633667 308
3.7559432983398438 308
3.7674756050109863 308
3.776435375213623 308
3.7844886779785156 308
3.7931203842163086 308
3.8018016815185547 307
3.8107762336730957 307
3.8203678131103516 307
3.831846237182617 307
3.8400843143463135 307
3.8482840061187744 307
3.858023166656494 307
3.866879463195801 307
3.8749887943267822 306
3.8845527172088623 306
3.8927626609802246 306
3.901160955429077 306
3.9103682041168213 306
3.9185309410095215 306
3.9278438091278076 306
3.9365334510803223 306
3.944617986679077 305
3.952349901199341 305
3.962628126144409 305
3.9707887172698975 305
3.9789021015167236 305
3.987978219985962 304
3.996148109436035 304
4.003349781036377 304
4.012769460678101 304
4.021960258483887 304
4.030049800872803 304
4.038780212402344 304
4.047095060348511 304
4.056620359420776 304
4.066710948944092 304
4.078664779663086 304
4.087995529174805 304
4.096289396286011 304
4.103983640670776 303
4.112989664077759 303
4.121984958648682 303
4.130089998245239 303
4.138934373855591 302
4.147274494171143 302
4.156313419342041 302
4.166341304779053 302
4.174029111862183 302
4.182102203369141 302
4.190914869308472 302
4.199175596237183 302
4.207483768463135 302
4.216667413711548 301
4.225847244262695 301
4.233033180236816 301
4.242003679275513 301
4.2501983642578125 300
4.2592995166778564 300
4.269187927246094 300
4.277728796005249 300
4.286233901977539 300
4.293451309204102 300
4.3019938468933105 300
4.310075044631958 300
4.3204357624053955 300
4.328660488128662 299
4.336785554885864 299
4.3458356857299805 299
4.3534159660339355 299
4.363421678543091 299
4.372650146484375 299
4.380959749221802 299
4.39197564125061 299
4.4006171226501465 299
4.408802270889282 299
4.418681621551514 299
4.4270179271698 299
4.435009717941284 298
4.442838907241821 298
4.4525651931762695 298
4.461759805679321 298
4.4707512855529785 298
4.482784271240234 298
4.491760015487671 297
4.500097274780273 297
4.50843358039856 297
4.516631603240967 297
4.526177167892456 296
4.533379077911377 296
4.541898012161255 296
4.550000190734863 296
4.559132814407349 296
4.569088697433472 296
4.577851057052612 296
4.5863165855407715 296
4.59396505355835 295
4.602108716964722 295
4.610177278518677 295
4.6203107833862305 295
4.628552436828613 295
4.636708736419678 294
4.644785642623901 294
4.653046131134033 294
4.662281274795532 294
4.6714112758636475 294
4.679795742034912 294
4.688754558563232 294
4.69700026512146 294
4.704958200454712 294
4.712784051895142 294
4.722782373428345 294
4.7309112548828125 294
4.739186763763428 294
4.747783660888672 294
4.761800527572632 294
4.769834280014038 294
4.778991937637329 293
4.788267612457275 293
4.796595811843872 293
4.80467677116394 293
4.812344551086426 293
4.820949554443359 292
4.830327749252319 292
4.838624954223633 292
4.8468077182769775 292
4.8566436767578125 292
4.865776538848877 292
4.8747172355651855 292
4.887911319732666 292
4.896389484405518 291
4.905765533447266 291
4.91300368309021 291
4.9220945835113525 291
4.930969715118408 290
4.939089775085449 290
4.947402238845825 290
4.9563868045806885 290
4.96626091003418 290
4.973477363586426 290
4.983387231826782 290
4.991960048675537 289
5.000062942504883 289
