0 0
0.016658782958984375 0
0.0311126708984375 0
0.053385257720947266 2
0.07058167457580566 6
0.08057832717895508 10
0.08893132209777832 13
0.09733366966247559 18
0.10684680938720703 22
0.11603569984436035 26
0.1252601146697998 30
0.1335296630859375 32
0.1456773281097412 37
0.15427827835083008 40
0.16170144081115723 43
0.17039203643798828 46
0.18046212196350098 49
0.1888105869293213 52
0.1972644329071045 55
0.2067420482635498 58
0.21596097946166992 62
0.22908949851989746 66
0.2375636100769043 70
0.24731135368347168 72
0.25592613220214844 75
0.26454782485961914 78
0.2718997001647949 80
0.28259801864624023 84
0.29083967208862305 86
0.29988622665405273 90
0.30831170082092285 92
0.3174726963043213 94
0.3259158134460449 96
0.33569812774658203 100
0.34472227096557617 103
0.353374719619751 106
0.361285924911499 108
0.3698306083679199 110
0.38001155853271484 113
0.38854336738586426 116
0.39709019660949707 118
0.406552791595459 120
0.41533327102661133 123
0.4235680103302002 125
0.4326159954071045 128
0.44085192680358887 130
0.4497954845428467 133
0.4591360092163086 135
0.46751832962036133 137
0.47671937942504883 139
0.4860391616821289 142
0.49469494819641113 144
0.5036423206329346 146
0.5120236873626709 148
0.52085280418396 150
0.5291624069213867 152
0.5385558605194092 154
0.5472152233123779 156
0.5565178394317627 158
0.5648722648620605 160
0.5731208324432373 163
0.583319902420044 165
0.5912034511566162 166
0.601315975189209 168
0.6105771064758301 170
0.6188440322875977 172
0.6309404373168945 175
0.6406819820404053 177
0.6509521007537842 179
0.6600315570831299 181
0.6685032844543457 182
0.6774981021881104 184
0.6869745254516602 185
0.6956586837768555 188
0.705035924911499 190
0.7136533260345459 192
0.7214632034301758 194
0.7298457622528076 195
0.739351749420166 196
0.7486269474029541 198
0.7572541236877441 199
0.7664191722869873 201
0.7753322124481201 203
0.7836627960205078 205
0.7931280136108398 207
0.8016703128814697 208
0.8110206127166748 209
0.8194890022277832 210
0.827829122543335 212
0.8387961387634277 214
0.8509728908538818 216
0.863994836807251 217
0.8759229183197021 219
0.8886001110076904 221
0.9008572101593018 224
0.9135887622833252 225
0.9248864650726318 227
0.9368069171905518 228
0.9478309154510498 229
0.9565415382385254 231
0.9653253555297852 232
0.9745774269104004 234
0.9819495677947998 235
0.9914674758911133 237
1.0056452751159668 238
1.01493239402771 238
1.0232248306274414 239
1.0364327430725098 241
1.0465784072875977 243
1.0551159381866455 244
1.0640387535095215 245
1.0725929737091064 246
1.0814790725708008 248
1.0909717082977295 248
1.100494384765625 250
1.1093518733978271 250
1.11793851852417 252
1.1266350746154785 252
1.1353249549865723 254
1.1457006931304932 255
1.1544673442840576 256
1.164884090423584 257
1.174454927444458 258
1.1818413734436035 259
1.1905617713928223 260
1.200843334197998 261
1.2097446918487549 262
1.2179522514343262 263
1.2265844345092773 264
1.2351646423339844 264
1.2451939582824707 266
1.2534635066986084 266
1.2613108158111572 267
1.2697162628173828 268
1.278984546661377 269
1.2872400283813477 270
1.296811819076538 271
1.3070123195648193 271
1.3153038024902344 272
1.32356595993042 273
1.3314104080200195 274
1.3406453132629395 275
1.3497283458709717 276
1.3580379486083984 276
1.3667004108428955 277
1.3764419555664062 278
1.3847439289093018 278
1.39262056350708 279
1.4031713008880615 280
1.4116487503051758 280
1.4204812049865723 281
1.433645486831665 284
1.442673921585083 285
1.4517195224761963 286
1.4605209827423096 286
1.468773603439331 286
1.478656530380249 286
1.4870491027832031 288
1.4953885078430176 289
1.5065059661865234 290
1.5147719383239746 291
1.5226290225982666 291
1.5308609008789062 292
1.54034423828125 292
1.5495095252990723 293
1.5578172206878662 294
1.5665204524993896 295
1.5752098560333252 296
1.5843806266784668 296
1.5917203426361084 296
1.6042869091033936 296
1.6116437911987305 297
1.6204214096069336 298
1.6286611557006836 300
1.6375799179077148 300
1.6463499069213867 300
1.6557106971740723 300
1.6644682884216309 301
1.6745445728302002 302
1.6832008361816406 303
1.6910183429718018 304
1.7011852264404297 304
1.709869623184204 304
1.7183918952941895 304
1.7268474102020264 304
1.7351019382476807 305
1.74399995803833 306
1.7533066272735596 307
1.7611660957336426 308
1.770456075668335 308
1.7788386344909668 308
1.787674903869629 307
1.7964935302734375 308
1.8069813251495361 308
1.815281629562378 310
1.8235533237457275 310
1.8374218940734863 310
1.846005916595459 310
1.8553051948547363 310
1.86354398727417 311
1.8718595504760742 312
1.880533218383789 312
1.889341115951538 313
1.8979530334472656 313
1.9089851379394531 314
1.9173545837402344 314
1.9259426593780518 314
1.9344263076782227 314
1.9431967735290527 315
1.9510855674743652 315
1.9606831073760986 316
1.9694244861602783 316
1.9776403903961182 316
1.9863085746765137 316
1.995098352432251 317
2.007617950439453 318
2.016495943069458 319
2.0247879028320312 319
2.0325779914855957 319
2.0413498878479004 319
2.0497210025787354 320
2.0592732429504395 320
2.0683698654174805 320
2.076983690261841 321
2.085273027420044 322
2.0944573879241943 322
2.1044809818267822 322
2.1136744022369385 321
2.1216042041778564 322
2.13045597076416 322
2.139296293258667 323
2.1475958824157715 324
2.1563401222229004 324
2.1655664443969727 324
2.1750199794769287 324
2.1855714321136475 324
2.194798707962036 324
2.204658031463623 325
2.2136731147766113 326
2.22149658203125 326
2.235023021697998 326
2.243203639984131 327
2.251204252243042 327
2.260911226272583 327
2.2697582244873047 327
2.2779042720794678 327
2.286574125289917 328
2.295381784439087 328
2.3052353858947754 328
2.314910411834717 328
2.3230643272399902 329
2.331374406814575 330
2.3404204845428467 330
2.3486456871032715 330
2.356950521469116 330
2.368370771408081 330
2.3779795169830322 330
2.3869550228118896 330
2.3952994346618652 331
2.4046971797943115 332
2.4139599800109863 332
2.423182487487793 332
2.433426856994629 331
2.4414045810699463 331
2.450624942779541 332
2.458860158920288 332
2.4688634872436523 333
2.477234125137329 333
2.4856603145599365 332
2.494412899017334 332
2.50352144241333 332
2.5112807750701904 333
2.5208044052124023 334
2.529116630554199 334
2.537980079650879 334
2.546592950820923 333
2.5551278591156006 333
2.563371181488037 334
2.5734610557556152 334
2.581472396850586 335
2.589890718460083 335
2.5998809337615967 335
2.608016014099121 335
2.6176273822784424 335
2.6263365745544434 335
2.638566732406616 336
2.647118091583252 336
2.6556577682495117 336
2.6636905670166016 336
2.6736321449279785 337
2.6816065311431885 337
2.6913483142852783 338
2.701458692550659 338
2.710728883743286 337
2.7204360961914062 337
2.7286407947540283 337
2.7375826835632324 338
2.7460670471191406 338
2.7550179958343506 339
2.763214111328125 338
2.7732205390930176 338
2.7810022830963135 338
2.789245128631592 339
2.799954652786255 340
2.8090507984161377 340
2.817326068878174 340
2.826718807220459 340
2.8358354568481445 339
2.8443191051483154 340
2.851698160171509 340
2.860565662384033 341
2.869290351867676 340
2.8787736892700195 340
2.8870861530303955 340
2.895373582839966 340
2.905284881591797 340
2.914705753326416 340
2.9272513389587402 341
2.940441131591797 341
2.9512274265289307 341
2.9644432067871094 341
2.977609395980835 341
2.98883318901062 342
3.0012378692626953 342
3.013261079788208 342
3.021088123321533 341
3.0365703105926514 341
3.0451431274414062 342
3.05336856842041 342
3.061293125152588 343
3.0706825256347656 343
3.079746961593628 342
3.087904930114746 342
3.0973825454711914 342
3.106856346130371 342
3.115140199661255 343
3.123417615890503 344
3.1331958770751953 344
3.14100980758667 343
3.1494526863098145 342
3.1579551696777344 342
3.1672756671905518 343
3.176828145980835 344
3.1850802898406982 344
3.193274736404419 344
3.2053139209747314 343
3.213522434234619 342
3.221857786178589 343
3.2326064109802246 344
3.2408244609832764 345
3.249203681945801 345
3.2575082778930664 345
3.2668192386627197 344
3.2752411365509033 344
3.2845804691314697 344
3.291928291320801 345
3.301798105239868 346
3.310497522354126 346
3.3188233375549316 346
3.328612804412842 344
3.3371925354003906 344
3.345576763153076 345
3.3536925315856934 346
3.3687331676483154 346
3.377134084701538 346
3.3864598274230957 345
3.395698070526123 344
3.4047932624816895 345
3.4130475521087646 346
3.421326160430908 346
3.4314513206481934 346
3.444997549057007 346
3.4531970024108887 346
3.4618003368377686 346
3.4708878993988037 346
3.479144334793091 346
3.4886367321014404 346
3.497270345687866 346
3.506646156311035 346
3.5150701999664307 346
3.523285150527954 346
3.5332236289978027 346
3.541045665740967 346
3.5492961406707764 346
3.5575177669525146 346
3.566796064376831 346
3.5752320289611816 346
3.584718942642212 346
3.5919933319091797 346
3.602050304412842 346
3.6106648445129395 346
3.6190435886383057 346
3.6279683113098145 346
3.6375105381011963 346
3.645932674407959 346
3.654416084289551 346
3.6630547046661377 346
3.6708602905273438 346
3.6791114807128906 346
3.6885697841644287 346
3.6978089809417725 346
3.7079625129699707 346
3.7166216373443604 346
3.725642204284668 346
3.7354209423065186 346
3.743640661239624 346
3.7515456676483154 346
3.7607784271240234 346
3.76908540725708 346
3.7773327827453613 346
3.786855936050415 346
3.795940637588501 346
3.8052008152008057 346
3.8133928775787354 346
3.821408271789551 346
3.8309504985809326 346
3.844799757003784 346
3.8525655269622803 346
3.861522674560547 346
3.8703577518463135 346
3.8788092136383057 346
3.88785457611084 346
3.8971962928771973 346
3.906520128250122 346
3.9148104190826416 346
3.922600746154785 346
3.931211233139038 346
3.949472427368164 346
3.9751410484313965 346
3.984997272491455 346
3.996882200241089 346
4.016432762145996 346
4.03197717666626 346
4.042041540145874 346
4.051779508590698 346
4.061015367507935 346
4.069327354431152 346
4.077566385269165 346
4.085989952087402 346
4.096004247665405 346
4.105098724365234 346
4.11337947845459 346
4.12141227722168 346
4.130319356918335 346
4.139232635498047 346
4.148654222488403 346
4.157456874847412 346
4.165886163711548 346
4.174487113952637 346
4.181779384613037 346
4.190972328186035 346
4.201170921325684 346
4.209464073181152 346
4.217620849609375 346
4.226619482040405 346
4.238658666610718 346
4.248596906661987 346
4.257622718811035 346
4.266827344894409 346
4.275110244750977 346
4.28327751159668 346
4.291409969329834 346
4.301615238189697 346
4.310030937194824 346
4.318072080612183 346
4.327342510223389 346
4.3357532024383545 346
4.3446667194366455 346
4.353647232055664 346
4.362563610076904 346
4.3707804679870605 346
4.379013776779175 346
4.38723087310791 346
4.397373199462891 346
4.406756639480591 346
4.415115594863892 346
4.42443585395813 346
4.4317381381988525 346
4.440338850021362 346
4.449991941452026 346
4.458861827850342 346
4.467116117477417 346
4.475701808929443 346
4.4837236404418945 346
4.49258017539978 346
4.502578496932983 346
4.510793685913086 346
4.51902437210083 346
4.527922868728638 346
4.536684274673462 346
4.54502010345459 346
4.555091142654419 346
4.5653605461120605 346
4.5735673904418945 346
4.581376075744629 346
4.590586185455322 346
4.601218938827515 346
4.609492540359497 346
4.617673397064209 346
4.626673221588135 346
4.634894132614136 346
4.647108554840088 346
4.657627820968628 346
4.666425943374634 346
4.674658536911011 346
4.68191123008728 346
4.690946578979492 346
4.700381755828857 346
4.709425926208496 346
4.71773099899292 346
4.727018594741821 346
4.7353174686431885 346
4.743502378463745 346
4.753662109375 346
4.761439800262451 346
4.769707679748535 346
4.777908563613892 346
4.7871177196502686 346
4.79536247253418 346
4.805422306060791 346
4.813568115234375 346
4.821906805038452 346
4.8305344581604 346
4.838930606842041 346
4.847174406051636 346
4.85712742805481 346
4.865401983261108 346
4.873558044433594 346
4.881298065185547 346
4.890580415725708 346
4.8998122215271 346
4.909173250198364 346
4.917537450790405 346
4.926470518112183 346
4.934732913970947 346
4.9419801235198975 346
4.950580358505249 346
4.960755348205566 346
4.968968152999878 346
4.977541208267212 346
4.986846208572388 346
4.995315790176392 346
