0 0
0.013325929641723633 0
0.033255815505981445 0
0.05045914649963379 1
0.06974124908447266 5
0.08429622650146484 11
0.09344840049743652 15
0.10176658630371094 20
0.10973024368286133 23
0.11819672584533691 28
0.12738609313964844 33
0.13687682151794434 39
0.14542055130004883 44
0.1539444923400879 51
0.16821622848510742 60
0.17683672904968262 66
0.1863105297088623 74
0.19575238227844238 79
0.20429587364196777 86
0.21291255950927734 93
0.22034263610839844 99
0.2296597957611084 105
0.2392113208770752 112
0.2475748062133789 119
0.2562854290008545 126
0.2669072151184082 134
0.27554774284362793 141
0.284212589263916 149
0.293912410736084 157
0.30247020721435547 163
0.3101513385772705 170
0.31906914710998535 176
0.32792067527770996 184
0.337552547454834 190
0.34592604637145996 199
0.3554248809814453 208
0.3683466911315918 217
0.38005924224853516 226
0.3945035934448242 238
0.40599608421325684 248
0.4173769950866699 258
0.42950940132141113 268
0.43991899490356445 276
0.44910407066345215 282
0.45911502838134766 291
0.46755146980285645 297
0.4759035110473633 306
0.48450446128845215 312
0.4951589107513428 320
0.5035405158996582 327
0.5118813514709473 336
0.5198166370391846 340
0.5289690494537354 349
0.5372881889343262 355
0.5468897819519043 362
0.557518720626831 370
0.5743403434753418 375
0.5830683708190918 378
0.5933437347412109 380
0.6016695499420166 381
0.6095926761627197 381
0.6202466487884521 380
0.6295151710510254 379
0.6379077434539795 377
0.647834062576294 374
0.6588261127471924 370
0.6670961380004883 367
0.677086591720581 363
0.6855180263519287 360
0.6954081058502197 356
0.7037973403930664 354
0.7121267318725586 352
0.7199923992156982 352
0.7293205261230469 352
0.7379128932952881 353
0.7473371028900146 354
0.7574427127838135 356
0.7657573223114014 358
0.7741653919219971 360
0.78243088722229 361
0.7910809516906738 362
0.8002285957336426 362
0.8090202808380127 362
0.8173329830169678 361
0.825977087020874 360
0.8343935012817383 360
0.8428528308868408 360
0.8518664836883545 359
0.8680102825164795 359
0.8880612850189209 360
0.9074382781982422 360
0.9172530174255371 361
0.9270796775817871 361
0.935596227645874 361
0.9438385963439941 360
0.9533782005310059 360
0.9831333160400391 359
0.9929430484771729 360
1.002026081085205 360
1.0099194049835205 360
1.0182440280914307 359
1.0274875164031982 359
1.037292242050171 359
1.0462911128997803 359
1.0564992427825928 360
1.06630539894104 360
1.0749144554138184 360
1.0831854343414307 359
1.0920374393463135 359
1.1030242443084717 359
1.1103036403656006 359
1.1189899444580078 360
1.1279139518737793 360
1.136073112487793 360
1.1444594860076904 360
1.1544394493103027 359
1.1652226448059082 359
1.1733992099761963 359
1.181553602218628 359
1.190009355545044 359
1.1989467144012451 360
1.2080276012420654 360
1.216346025466919 360
1.2254931926727295 359
1.2338080406188965 359
1.241997480392456 359
1.250535488128662 360
1.260441541671753 360
1.2696442604064941 360
1.2782154083251953 360
1.2873942852020264 359
1.2957074642181396 359
1.305161714553833 359
1.3133389949798584 359
1.321819543838501 360
1.329784870147705 360
1.3382220268249512 360
1.3463664054870605 360
1.356285572052002 359
1.369786024093628 359
1.3782765865325928 359
1.3873693943023682 360
1.3959217071533203 360
1.4053895473480225 360
1.413593053817749 359
1.4228458404541016 359
1.4301729202270508 359
1.4388830661773682 359
1.4470560550689697 359
1.4576702117919922 360
1.4659576416015625 360
1.4743471145629883 360
1.4828262329101562 359
1.4915354251861572 359
1.4993398189544678 359
1.508756160736084 359
1.5177299976348877 360
1.5260112285614014 360
1.5344491004943848 360
1.5429208278656006 359
1.5517010688781738 359
1.5621423721313477 359
1.5699188709259033 359
1.5784904956817627 359
1.5877552032470703 360
1.5960254669189453 360
1.605381727218628 359
1.6160104274749756 359
1.625051498413086 359
1.6333684921264648 359
1.6410953998565674 359
1.6492500305175781 359
1.6596460342407227 359
1.6678798198699951 359
1.6768603324890137 359
1.6858594417572021 359
1.6943480968475342 359
1.7028248310089111 359
1.7117516994476318 359
1.720268726348877 359
1.7288930416107178 359
1.7371325492858887 359
1.7454290390014648 359
1.7548680305480957 359
1.7649989128112793 359
1.777153730392456 359
1.7858383655548096 359
1.7944114208221436 359
1.80289888381958 359
1.8118789196014404 359
1.820415735244751 359
1.8290228843688965 359
1.8372457027435303 359
1.8456108570098877 359
1.8550512790679932 359
1.8652546405792236 359
1.8736140727996826 359
1.8833050727844238 359
1.8910448551177979 359
1.8992671966552734 359
1.907517671585083 359
1.9173781871795654 359
1.9257004261016846 359
1.9343407154083252 359
1.9425606727600098 359
1.9510385990142822 359
1.9599549770355225 359
1.9694323539733887 359
1.9778532981872559 359
1.9863035678863525 359
1.995121955871582 359
2.0033674240112305 359
2.0132319927215576 359
2.023115634918213 359
2.030360460281372 359
2.038961172103882 359
2.0471107959747314 359
2.056328296661377 359
2.0664329528808594 359
2.075059652328491 359
2.083505153656006 359
2.0916569232940674 359
2.0993924140930176 359
2.107781410217285 359
2.1336758136749268 359
2.1592652797698975 358
2.183509349822998 358
2.197516679763794 359
2.215339183807373 360
2.2331480979919434 359
2.251922607421875 358
2.2716524600982666 357
2.2804031372070312 358
2.2890844345092773 358
2.2989208698272705 358
2.3071205615997314 358
2.3233866691589355 359
2.3445069789886475 359
2.36833119392395 358
2.3781862258911133 358
2.3881900310516357 358
2.402984380722046 358
2.410285234451294 358
2.421764850616455 359
2.431117057800293 359
2.4429657459259033 358
2.4552083015441895 358
2.4674718379974365 358
2.481196165084839 358
2.4936463832855225 358
2.505192279815674 358
2.5170700550079346 359
2.5296266078948975 358
2.542210578918457 358
2.554384708404541 358
2.6053106784820557 359
2.62831974029541 359
2.6436753273010254 359
2.653779983520508 359
2.6632895469665527 359
2.6712005138397217 358
2.6830832958221436 358
2.690365791320801 358
2.699481964111328 358
2.7077362537384033 358
2.716418504714966 358
2.725062608718872 358
2.7342963218688965 358
2.742465019226074 358
2.7510554790496826 358
2.7599539756774902 358
2.7682571411132812 358
2.778083086013794 358
2.7862977981567383 358
2.794961452484131 358
2.80373215675354 358
2.8130247592926025 358
2.820310592651367 358
2.829829216003418 358
2.8383188247680664 358
2.8474345207214355 358
2.855682611465454 358
2.865013837814331 358
2.873220682144165 358
2.883388042449951 358
2.8911688327789307 358
2.89951491355896 358
2.9082632064819336 358
2.9174137115478516 358
2.9257004261016846 358
2.9350953102111816 358
2.9438321590423584 358
2.9520463943481445 358
2.961156129837036 358
2.9815404415130615 358
3.003654718399048 358
3.0256738662719727 358
3.036252737045288 358
3.0522139072418213 358
3.0619819164276123 358
3.0698938369750977 358
3.079699754714966 358
3.0917391777038574 358
3.0999104976654053 358
3.1094272136688232 358
3.1180920600891113 358
3.127002239227295 358
3.1362311840057373 358
3.1454355716705322 358
3.153679370880127 358
3.1637325286865234 358
3.1719017028808594 358
3.18005633354187 358
3.189521312713623 358
3.1978728771209717 358
3.2060844898223877 358
3.2153286933898926 358
3.2235686779022217 358
3.231724500656128 358
3.240286350250244 358
3.2492785453796387 358
3.2585036754608154 358
3.2664949893951416 358
3.2756831645965576 358
3.2839419841766357 358
3.293501377105713 358
3.301640748977661 358
3.309964656829834 358
3.3192098140716553 358
3.32741117477417 358
3.3356432914733887 358
3.3456292152404785 358
3.3538410663604736 358
3.3632731437683105 358
3.370539426803589 358
3.3843564987182617 358
3.3937346935272217 358
3.401970386505127 358
3.4102375507354736 358
3.4193546772003174 358
3.4275894165039062 358
3.435957193374634 358
3.446047782897949 358
3.4544310569763184 358
3.46351957321167 358
3.471677303314209 358
3.4800848960876465 358
3.4884891510009766 358
3.4978063106536865 358
3.506810188293457 358
3.5152394771575928 358
3.524059295654297 358
3.5321314334869385 358
3.5420541763305664 358
3.5498762130737305 358
3.559845209121704 358
3.5680716037750244 358
3.5765221118927 358
3.5850908756256104 358
3.5962812900543213 358
3.6074984073638916 358
3.6159653663635254 358
3.631690502166748 358
3.6404078006744385 358
3.6498653888702393 358
3.6590051651000977 358
3.6674423217773438 358
3.676438808441162 358
3.685077428817749 358
3.694308280944824 358
3.7028467655181885 358
3.711697816848755 358
3.7194817066192627 358
3.7283287048339844 358
3.7368664741516113 358
3.7465567588806152 358
3.7551915645599365 358
3.7644221782684326 358
3.776829242706299 358
3.7855091094970703 358
3.795206308364868 358
3.8035659790039062 358
3.8124372959136963 358
3.82004714012146 358
3.829000949859619 358
3.838376522064209 358
3.847691774368286 358
3.856846809387207 358
3.8661224842071533 358
3.8750600814819336 358
3.8833301067352295 358
3.8911328315734863 358
3.900129795074463 358
3.909327745437622 358
3.917815685272217 358
3.9261529445648193 358
3.935296058654785 358
3.9441754817962646 358
3.9535367488861084 358
3.9629104137420654 358
3.971656560897827 358
3.979609727859497 358
3.9879086017608643 358
3.9961118698120117 358
4.0061469078063965 358
4.014892101287842 358
4.023114442825317 358
4.031698703765869 358
4.04011607170105 358
4.049649000167847 358
4.059282064437866 358
4.067520380020142 358
4.076402425765991 358
4.085001707077026 358
4.093387842178345 358
4.103470325469971 358
4.112919807434082 358
4.120220184326172 358
4.128899335861206 358
4.138472557067871 358
4.146499156951904 358
4.158528089523315 358
4.167282342910767 358
4.180020570755005 357
4.188908576965332 357
4.197277069091797 357
4.207144737243652 357
4.217015266418457 357
4.226140022277832 357
4.2359299659729 357
4.244386434555054 357
4.254194498062134 357
4.265465259552002 357
4.27528715133667 357
4.283910036087036 357
4.292145490646362 357
4.299890756607056 357
4.309842348098755 357
4.3183324337005615 357
4.3264241218566895 357
4.335863828659058 357
4.344303846359253 357
4.3525168895721436 357
4.362965822219849 357
4.371604919433594 357
4.379361391067505 357
4.387598276138306 357
4.395961284637451 357
4.405739068984985 357
4.414196968078613 357
4.422468423843384 357
4.4300596714019775 357
4.4391865730285645 357
4.447579622268677 357
4.457240581512451 357
4.4660561084747314 357
4.475287675857544 357
4.48355770111084 357
4.4916791915893555 357
4.4994707107543945 357
4.509332656860352 357
4.519617080688477 357
4.531690359115601 357
4.544515609741211 357
4.5633790493011475 357
4.575550317764282 357
4.593305826187134 357
4.605349540710449 357
4.615556240081787 357
4.6238744258880615 357
4.632086753845215 357
4.641037225723267 357
4.649817228317261 357
4.659213304519653 357
4.6690661907196045 357
4.6774139404296875 357
4.685683965682983 357
4.69423508644104 357
4.70348048210144 357
4.7129082679748535 357
4.720223426818848 357
4.728865146636963 357
4.737656831741333 357
4.745866537094116 357
4.754403114318848 357
4.764399528503418 357
4.773898601531982 357
4.782154321670532 357
4.793125152587891 357
4.801910161972046 357
4.809690952301025 357
4.81930685043335 357
4.827561378479004 357
4.836301565170288 357
4.844970464706421 357
4.853711128234863 357
4.863150358200073 357
4.873333930969238 357
4.881118535995483 357
4.889249563217163 357
4.897502660751343 357
4.9061665534973145 357
4.915621757507324 357
4.924075603485107 357
4.933142423629761 357
4.940450668334961 357
4.949068307876587 357
4.958957195281982 357
4.968928813934326 357
4.977236986160278 357
4.989804983139038 357
4.999309301376343 357
