0 0
0.012660741806030273 0
0.03119182586669922 0
0.045412302017211914 2
0.06604170799255371 6
0.08550381660461426 14
0.09804272651672363 18
0.10979175567626953 24
0.12197041511535645 31
0.13492894172668457 40
0.1470634937286377 47
0.1599864959716797 56
0.17141985893249512 64
0.18029403686523438 70
0.19102883338928223 78
0.1998426914215088 84
0.20879006385803223 92
0.21811580657958984 98
0.2260756492614746 104
0.23434829711914062 111
0.2441256046295166 118
0.25319766998291016 125
0.2614405155181885 132
0.2738626003265381 141
0.2846090793609619 151
0.2943565845489502 157
0.30296969413757324 165
0.31128740310668945 172
0.3204529285430908 178
0.3288431167602539 186
0.3383517265319824 192
0.3483459949493408 202
0.35803794860839844 209
0.36547017097473145 216
0.37428855895996094 222
0.38443493843078613 230
0.39447546005249023 238
0.40297603607177734 246
0.4113943576812744 253
0.4206836223602295 260
0.4292747974395752 268
0.43790388107299805 275
0.447113037109375 281
0.4554462432861328 287
0.46431875228881836 293
0.4726543426513672 300
0.48280858993530273 306
0.4923069477081299 310
0.5020575523376465 314
0.5105247497558594 317
0.5198898315429688 320
0.5282230377197266 322
0.5365660190582275 326
0.5453903675079346 329
0.554919958114624 332
0.563340425491333 334
0.5719964504241943 336
0.580359697341919 338
0.5910813808441162 340
0.6000351905822754 342
0.6083331108093262 342
0.617793083190918 343
0.6251564025878906 344
0.6338708400726318 346
0.6430561542510986 348
0.6521964073181152 348
0.6607444286346436 348
0.6740150451660156 349
0.683840274810791 351
0.6932110786437988 352
0.7017779350280762 353
0.7102248668670654 353
0.7200615406036377 354
0.7284572124481201 354
0.7387738227844238 354
0.749351978302002 354
0.758206844329834 355
0.7668757438659668 356
0.774714469909668 356
0.7854063510894775 357
0.7980129718780518 356
0.8053598403930664 355
0.8166482448577881 355
0.8253161907196045 356
0.8340284824371338 357
0.8426260948181152 358
0.8526556491851807 357
0.8610258102416992 356
0.8698358535766602 355
0.8782103061676025 355
0.8888404369354248 356
0.8991372585296631 357
0.9074690341949463 358
0.9165682792663574 358
0.9244353771209717 357
0.9329888820648193 356
0.9413232803344727 356
0.9509706497192383 357
0.9598796367645264 358
0.9683430194854736 358
0.9765679836273193 358
0.9854907989501953 358
0.9946744441986084 357
1.0042610168457031 357
1.0151846408843994 357
1.024080753326416 358
1.0323281288146973 358
1.0406959056854248 358
1.0506792068481445 358
1.0592224597930908 358
1.0718348026275635 358
1.0812766551971436 358
1.0906896591186523 358
1.1008281707763672 358
1.1092629432678223 358
1.118025302886963 358
1.1253163814544678 358
1.1339433193206787 358
1.1423051357269287 358
1.1522839069366455 358
1.1605966091156006 358
1.1688735485076904 358
1.1771090030670166 358
1.1869730949401855 358
1.19486403465271 358
1.2049853801727295 358
1.214294672012329 358
1.2225940227508545 358
1.230823040008545 358
1.239250898361206 358
1.248448133468628 358
1.2580649852752686 358
1.2653398513793945 358
1.2740087509155273 358
1.2860958576202393 358
1.2950477600097656 358
1.3048815727233887 358
1.3142485618591309 358
1.32267427444458 358
1.3309111595153809 358
1.3403029441833496 358
1.3498406410217285 358
1.3590149879455566 358
1.3671128749847412 358
1.374908685684204 358
1.3849170207977295 358
1.3932836055755615 358
1.4049162864685059 358
1.4143218994140625 358
1.4225959777832031 358
1.430877685546875 358
1.4394471645355225 358
1.4484999179840088 358
1.4580464363098145 358
1.4653360843658447 358
1.4788093566894531 358
1.4883248805999756 358
1.496504306793213 358
1.5046229362487793 358
1.5145046710968018 358
1.5227928161621094 358
1.5310204029083252 358
1.5394868850708008 358
1.5486173629760742 358
1.5582282543182373 358
1.5660278797149658 358
1.5742926597595215 358
1.58420729637146 358
1.592437505722046 358
1.6007134914398193 358
1.6112396717071533 358
1.6200835704803467 358
1.6283471584320068 358
1.6365306377410889 358
1.6448752880096436 358
1.6532230377197266 358
1.6625845432281494 358
1.670828104019165 358
1.6799440383911133 358
1.689121961593628 357
1.6975314617156982 357
1.7051000595092773 358
1.7153003215789795 358
1.7239964008331299 358
1.7322580814361572 358
1.7408177852630615 357
1.7502152919769287 357
1.7585313320159912 357
1.7682335376739502 357
1.7767233848571777 357
1.7850675582885742 357
1.793736219406128 356
1.8022816181182861 356
1.8153738975524902 357
1.824899673461914 358
1.8332619667053223 358
1.8420698642730713 358
1.8506762981414795 358
1.859290361404419 358
1.8694720268249512 356
1.8843441009521484 356
1.892732858657837 356
1.901097059249878 356
1.910445213317871 357
1.9207420349121094 357
1.9301044940948486 357
1.9400033950805664 356
1.948838233947754 356
1.9571185111999512 356
1.9648633003234863 356
1.975111484527588 356
1.9847769737243652 356
1.9931609630584717 356
2.0012948513031006 356
2.011827230453491 356
2.0209543704986572 355
2.0297744274139404 355
2.0381579399108887 355
2.047492265701294 356
2.055081605911255 356
2.064150810241699 355
2.0734829902648926 355
2.0834720134735107 355
2.091803789138794 356
2.1006083488464355 356
2.1094672679901123 356
2.117950916290283 356
2.1279404163360596 356
2.1352853775024414 355
2.144754648208618 355
2.1531717777252197 355
2.163813591003418 356
2.1778604984283447 356
2.1899447441101074 356
2.2011404037475586 355
2.2130258083343506 354
2.227149486541748 354
2.239138126373291 356
2.2512686252593994 358
2.2600760459899902 358
2.2683775424957275 358
2.2828476428985596 357
2.2912397384643555 356
2.30018949508667 356
2.308906316757202 356
2.317112922668457 357
2.3271243572235107 357
2.3349127769470215 357
2.3443243503570557 356
2.352667808532715 356
2.361050844192505 355
2.3698766231536865 355
2.3797688484191895 356
2.3890292644500732 356
2.3977854251861572 356
2.4051334857940674 356
2.4142892360687256 356
2.4237141609191895 356
2.432518482208252 356
2.442613363265991 356
2.45088791847229 356
2.459418535232544 356
2.467909097671509 356
2.4778945446014404 355
2.4867329597473145 354
2.4948768615722656 354
2.503342628479004 355
2.51224684715271 356
2.5208232402801514 356
2.5309486389160156 355
2.5402097702026367 354
2.548635959625244 354
2.5568625926971436 354
2.564645528793335 354
2.5738449096679688 355
2.584334373474121 355
2.5926284790039062 355
2.600890874862671 355
2.6100189685821533 354
2.6184868812561035 354
2.6279067993164062 354
2.636537790298462 354
2.645120143890381 354
2.653881788253784 355
2.662095308303833 354
2.670628309249878 354
2.685375928878784 354
2.6942014694213867 355
2.702873945236206 355
2.712257146835327 356
2.724461555480957 354
2.737070322036743 353
2.746013879776001 352
2.754441976547241 353
2.7629945278167725 354
2.772282600402832 354
2.7817726135253906 354
2.7908713817596436 353
2.7994449138641357 352
2.808701276779175 352
2.8169496059417725 353
2.8250341415405273 354
2.8344650268554688 355
2.844011068344116 355
2.852263927459717 354
2.860696792602539 354
2.869123697280884 353
2.878568172454834 354
2.8905956745147705 354
2.899052381515503 356
2.9082305431365967 356
2.9161324501037598 355
2.9243361949920654 355
2.933858633041382 355
2.945371389389038 355
2.9540505409240723 354
2.962437391281128 354
2.9805126190185547 354
2.9983062744140625 355
3.015522003173828 354
3.035029411315918 352
3.056795835494995 353
3.0771422386169434 357
3.0994529724121094 357
3.121314764022827 354
3.142091989517212 351
3.159165620803833 351
3.180513381958008 354
3.1991753578186035 356
3.220937490463257 353
3.2394890785217285 348
3.25925350189209 346
3.2710537910461426 347
3.284442901611328 348
3.2991390228271484 349
3.3082563877105713 349
3.316012144088745 349
3.324359178543091 349
3.3325858116149902 349
3.3452181816101074 350
3.35483455657959 351
3.363906145095825 352
3.3728768825531006 352
3.381274938583374 351
3.391329050064087 351
3.4020273685455322 352
3.4104630947113037 352
3.41888165473938 353
3.42743182182312 353
3.436549186706543 353
3.4452383518218994 352
3.4570465087890625 352
3.4655189514160156 352
3.474578380584717 353
3.489240884780884 353
3.4987926483154297 353
3.508284568786621 352
3.5165693759918213 352
3.5244643688201904 352
3.5328853130340576 352
3.542794942855835 352
3.551039457321167 352
3.566127061843872 352
3.5748772621154785 352
3.5840115547180176 352
3.5922820568084717 352
3.6024837493896484 352
3.6108169555664062 353
3.6194519996643066 353
3.6279847621917725 353
3.6367013454437256 352
3.645495653152466 352
3.654247999191284 352
3.6641833782196045 353
3.674740791320801 354
3.68428635597229 353
3.69266939163208 352
3.702812433242798 351
3.7111446857452393 352
3.72013521194458 352
3.7284188270568848 353
3.737828254699707 353
3.746868371963501 353
3.7547128200531006 352
3.7640035152435303 352
3.7726409435272217 352
3.781219959259033 352
3.790377378463745 352
3.800395965576172 352
3.8087639808654785 352
3.8170149326324463 353
3.824928045272827 353
3.8341076374053955 353
3.84275221824646 352
3.852297067642212 352
3.860626697540283 353
3.8700485229492188 353
3.884075880050659 353
3.8926236629486084 352
3.9033498764038086 352
3.9143660068511963 351
3.923247814178467 352
3.9322562217712402 353
3.940781354904175 353
3.95023512840271 353
3.9587042331695557 352
3.9691855907440186 352
3.9774253368377686 351
3.986811637878418 352
3.9948017597198486 352
4.004713296890259 352
4.013001441955566 352
4.021365165710449 352
4.0300514698028564 351
4.039262771606445 351
4.047947406768799 351
4.057116270065308 351
4.0669920444488525 352
4.07483983039856 352
4.0842602252960205 351
4.092697858810425 351
4.102632761001587 351
4.110934495925903 351
4.119364976882935 351
4.1278977394104 352
4.136885643005371 352
4.1448915004730225 352
4.154408931732178 351
4.1627442836761475 351
4.172584533691406 351
4.181147575378418 351
4.190606594085693 352
4.199985980987549 352
4.209407806396484 351
4.217931747436523 351
4.225317716598511 351
4.2344982624053955 351
4.24517035484314 351
4.258506536483765 351
4.271265983581543 350
4.294909238815308 352
4.309384346008301 354
4.3212666511535645 354
4.333799362182617 352
4.342223167419434 351
4.350635766983032 350
4.360283374786377 350
4.369265556335449 350
4.378333806991577 351
4.387915134429932 352
4.396209239959717 352
4.404504776000977 352
4.414002180099487 351
4.4239232540130615 350
4.4328789710998535 350
4.441432952880859 350
4.450541019439697 351
4.460131645202637 352
4.469046354293823 352
4.478133678436279 351
4.486998081207275 350
4.4960243701934814 350
4.504819631576538 350
4.514304161071777 351
4.522781133651733 352
4.532116651535034 352
4.540500164031982 351
4.549109220504761 350
4.5579023361206055 350
4.568204402923584 350
4.576049089431763 351
4.586092710494995 351
4.5949866771698 351
4.603702783584595 350
4.613003969192505 349
4.6222405433654785 350
4.6310272216796875 350
4.639880418777466 351
4.6482062339782715 351
4.6560046672821045 351
4.666528701782227 350
4.674458026885986 350
4.689983129501343 350
4.699197769165039 350
4.7078351974487305 350
4.716818571090698 350
4.724896669387817 350
4.734126091003418 350
4.742562770843506 350
4.750929832458496 350
4.759376049041748 350
4.7697529792785645 350
4.778066158294678 350
4.78787636756897 350
4.796135663986206 350
4.804490566253662 350
4.812866449356079 350
4.822264671325684 350
4.831031799316406 349
4.8399035930633545 349
4.84822154045105 349
4.855527639389038 349
4.866591215133667 350
4.874525785446167 350
4.8851282596588135 349
4.894541263580322 348
4.90299654006958 348
4.91124415397644 348
4.921058416366577 350
4.931171894073486 350
4.940741777420044 349
4.949347972869873 348
4.958044052124023 348
4.968057155609131 348
4.975359916687012 348
4.986504077911377 349
4.99607515335083 349
