0 0
0.0158083438873291 0
0.035284996032714844 0
0.05866861343383789 3
0.07772707939147949 10
0.09636855125427246 18
0.11410140991210938 27
0.13040447235107422 36
0.13915061950683594 42
0.14947748184204102 47
0.15791630744934082 54
0.16624164581298828 59
0.17564606666564941 65
0.18522381782531738 72
0.1935899257659912 79
0.20196318626403809 85
0.2109837532043457 91
0.21934008598327637 97
0.2278134822845459 105
0.2381143569946289 113
0.24867796897888184 121
0.2579810619354248 128
0.2664484977722168 135
0.2757422924041748 142
0.2854301929473877 149
0.2939574718475342 157
0.30307435989379883 163
0.31233954429626465 171
0.32006335258483887 178
0.3293135166168213 186
0.3394508361816406 192
0.34890127182006836 200
0.35733485221862793 207
0.3675224781036377 217
0.379565954208374 225
0.3932836055755615 236
0.4058687686920166 248
0.41742920875549316 256
0.42876315116882324 266
0.4501829147338867 286
0.4614400863647461 294
0.46949052810668945 299
0.4788832664489746 307
0.4882040023803711 315
0.4964113235473633 322
0.5062525272369385 331
0.5160689353942871 339
0.5256288051605225 345
0.5340898036956787 353
0.5442748069763184 359
0.5534889698028564 363
0.5619101524353027 368
0.5699539184570312 371
0.5790445804595947 373
0.589449405670166 375
0.598252534866333 376
0.6089725494384766 376
0.6174061298370361 375
0.6258561611175537 373
0.6343865394592285 371
0.6449360847473145 368
0.654179573059082 365
0.6626667976379395 363
0.6710140705108643 361
0.6792128086090088 359
0.6888725757598877 359
0.6971542835235596 358
0.7061948776245117 358
0.7148973941802979 359
0.7232189178466797 359
0.7314407825469971 359
0.740337610244751 359
0.7497336864471436 360
0.7582135200500488 360
0.7662856578826904 360
0.7757253646850586 360
0.7847564220428467 360
0.7943637371063232 360
0.8035833835601807 360
0.8131375312805176 361
0.8209607601165771 361
0.8291735649108887 361
0.8381967544555664 360
0.8529129028320312 360
0.8602011203765869 361
0.8710331916809082 361
0.8798282146453857 361
0.8881649971008301 360
0.8976438045501709 360
0.9062235355377197 359
0.9154112339019775 359
0.924830436706543 359
0.9337520599365234 359
0.9460737705230713 360
0.9557251930236816 360
0.9642107486724854 360
0.9731500148773193 360
0.9804351329803467 360
0.9900293350219727 360
0.9995086193084717 360
1.0087108612060547 360
1.0174334049224854 360
1.0256998538970947 360
1.0342047214508057 360
1.045483112335205 360
1.0555078983306885 360
1.0637664794921875 360
1.0729172229766846 361
1.080237627029419 361
1.0889215469360352 361
1.0981674194335938 360
1.1071982383728027 360
1.1155104637145996 360
1.1237521171569824 361
1.13204026222229 361
1.1402995586395264 361
1.1514277458190918 360
1.159287691116333 360
1.1687474250793457 360
1.1769473552703857 360
1.185338020324707 360
1.1935889720916748 360
1.2032966613769531 360
1.2114291191101074 360
1.219799280166626 361
1.2283430099487305 360
1.2374391555786133 360
1.2500934600830078 360
1.2596280574798584 360
1.2688789367675781 360
1.277191162109375 360
1.2856578826904297 361
1.294206142425537 361
1.3043413162231445 360
1.3128819465637207 360
1.3202149868011475 359
1.329442024230957 359
1.3387131690979004 360
1.3479273319244385 360
1.357241153717041 360
1.3655314445495605 360
1.3754146099090576 360
1.3837225437164307 360
1.3919110298156738 360
1.4016633033752441 361
1.4097025394439697 361
1.4179842472076416 360
1.4272489547729492 360
1.4360272884368896 360
1.4447567462921143 360
1.4555468559265137 361
1.4641573429107666 360
1.4732937812805176 360
1.481475591659546 360
1.4892334938049316 360
1.4975111484527588 361
1.507681131362915 361
1.515923261642456 360
1.5248727798461914 360
1.5340874195098877 360
1.542121410369873 360
1.5510756969451904 360
1.5619065761566162 360
1.570361614227295 360
1.5790653228759766 361
1.5874881744384766 361
1.595794439315796 360
1.6057324409484863 360
1.614131212234497 360
1.622351884841919 361
1.6299641132354736 361
1.6392295360565186 360
1.6529548168182373 360
1.6620545387268066 360
1.6704294681549072 360
1.6792259216308594 361
1.6876699924468994 361
1.6959648132324219 361
1.7067759037017822 360
1.715228796005249 360
1.7234654426574707 360
1.732083797454834 360
1.7398416996002197 360
1.7492737770080566 360
1.7587683200836182 359
1.7678146362304688 359
1.776130199432373 359
1.784785270690918 359
1.7930004596710205 360
1.8018629550933838 360
1.810429573059082 360
1.8192131519317627 360
1.827667236328125 359
1.837052345275879 359
1.8453867435455322 359
1.858856201171875 359
1.8677256107330322 359
1.8759362697601318 359
1.8848590850830078 359
1.8931293487548828 359
1.9017245769500732 359
1.9133977890014648 359
1.9215922355651855 359
1.9293549060821533 359
1.9382514953613281 359
1.9476864337921143 359
1.9558837413787842 359
1.9672691822052002 359
1.9755597114562988 359
1.9838128089904785 359
1.992060661315918 359
2.0017757415771484 359
2.0131351947784424 359
2.0220446586608887 359
2.0304179191589355 359
2.038989782333374 359
2.0529818534851074 359
2.0636935234069824 359
2.0719714164733887 359
2.079932689666748 359
2.0882606506347656 359
2.0974643230438232 359
2.105978012084961 359
2.1153430938720703 359
2.1247777938842773 359
2.133683204650879 359
2.1426761150360107 359
2.1514883041381836 359
2.1592605113983154 359
2.1691689491271973 359
2.1774065494537354 359
2.185851812362671 359
2.194270372390747 359
2.20348858833313 359
2.2116942405700684 359
2.2202534675598145 359
2.229217052459717 359
2.237473487854004 359
2.2460219860076904 359
2.2553062438964844 359
2.264153003692627 359
2.2734973430633545 359
2.281646251678467 359
2.289375066757202 359
2.298182725906372 359
2.30642032623291 359
2.315014600753784 359
2.3243048191070557 359
2.3334896564483643 359
2.3416025638580322 359
2.3499960899353027 359
2.3584110736846924 359
2.368277072906494 359
2.3764357566833496 359
2.385061264038086 359
2.393277406692505 359
2.401909112930298 359
2.4096803665161133 359
2.419123649597168 359
2.4281163215637207 359
2.4362099170684814 359
2.446091890335083 359
2.4660255908966064 359
2.4795074462890625 359
2.491889476776123 359
2.504258155822754 359
2.5155041217803955 359
2.5283687114715576 359
2.539584159851074 359
2.5501058101654053 359
2.5587759017944336 359
2.5676803588867188 359
2.577162265777588 359
2.5854196548461914 359
2.594815254211426 359
2.6031813621520996 359
2.6109840869903564 359
2.6191349029541016 359
2.6290953159332275 359
2.6373424530029297 359
2.645570993423462 359
2.6555063724517822 359
2.6649539470672607 359
2.673825740814209 359
2.6820173263549805 359
2.6959192752838135 359
2.7043373584747314 359
2.7128307819366455 359
2.720144271850586 359
2.731565475463867 359
2.7393109798431396 359
2.7487220764160156 359
2.7575042247772217 359
2.7662336826324463 359
2.77567720413208 359
2.784207582473755 359
2.793184757232666 359
2.800442934036255 359
2.809154748916626 359
2.817368507385254 359
2.8274085521698 359
2.8356480598449707 359
2.844147205352783 359
2.857318878173828 359
2.865985155105591 359
2.8754470348358154 359
2.8839662075042725 359
2.8928415775299072 359
2.900129795074463 359
2.9088871479034424 359
2.9171335697174072 359
2.926961898803711 359
2.935300588607788 359
2.943500518798828 359
2.9528770446777344 359
2.962833881378174 359
2.9701218605041504 359
2.9795682430267334 359
2.987962007522583 359
2.997920274734497 359
3.006068229675293 359
3.014724016189575 359
3.0230612754821777 359
3.0329320430755615 359
3.0401899814605713 359
3.049536943435669 359
3.0587196350097656 359
3.067474365234375 359
3.07570481300354 359
3.085378885269165 359
3.0943331718444824 359
3.1028237342834473 359
3.1100707054138184 359
3.1188597679138184 359
3.1277713775634766 359
3.137042760848999 359
3.1455330848693848 359
3.1549084186553955 359
3.1636407375335693 359
3.1718647480010986 359
3.1804466247558594 359
3.1891040802001953 359
3.1979758739471436 359
3.2063026428222656 359
3.214902639389038 359
3.223623275756836 359
3.2331364154815674 359
3.240406036376953 359
3.2498512268066406 359
3.263666868209839 359
3.272864818572998 359
3.280186414718628 359
3.2903666496276855 359
3.2989463806152344 359
3.3071515560150146 359
3.315483570098877 359
3.3242359161376953 359
3.3334593772888184 359
3.3416786193847656 359
3.350264549255371 359
3.35953426361084 359
3.3678057193756104 359
3.38417387008667 359
3.3931636810302734 359
3.4009830951690674 359
3.409217596054077 359
3.4174723625183105 359
3.426377058029175 359
3.4358108043670654 359
3.4444222450256348 359
3.454230785369873 359
3.4632887840270996 359
3.4714372158050537 359
3.4792513847351074 359
3.489276885986328 359
3.497551441192627 359
3.507751703262329 359
3.5164241790771484 359
3.5254130363464355 359
3.5337460041046143 359
3.5432357788085938 359
3.5526957511901855 359
3.560976505279541 359
3.569308042526245 359
3.577570915222168 359
3.5916943550109863 359
3.599506139755249 359
3.6077868938446045 359
3.6160688400268555 359
3.625126361846924 359
3.633502721786499 359
3.643643617630005 359
3.657303810119629 359
3.6656992435455322 359
3.675217866897583 359
3.6842751502990723 359
3.694162130355835 359
3.7028403282165527 359
3.7132184505462646 359
3.722018003463745 359
3.7297825813293457 359
3.7381224632263184 359
3.7489078044891357 359
3.7578065395355225 359
3.7660939693450928 359
3.774803638458252 359
3.783487319946289 359
3.79339599609375 359
3.801586627960205 359
3.809556484222412 359
3.8178274631500244 359
3.8276660442352295 359
3.8359484672546387 359
3.8560049533843994 359
3.8655953407287598 359
3.87414813041687 359
3.883620262145996 359
3.893707752227783 359
3.9019384384155273 359
3.911600112915039 359
3.9199700355529785 359
3.929131269454956 359
3.9374072551727295 359
3.9470129013061523 359
3.956326961517334 359
3.966130256652832 359
3.975606679916382 359
3.985826253890991 359
3.995635747909546 359
4.004051446914673 359
4.012991666793823 359
4.021524906158447 359
4.029533386230469 359
4.03788423538208 359
4.048418045043945 359
4.061865329742432 359
4.069770574569702 359
4.0782084465026855 359
4.087827205657959 359
4.099803686141968 359
4.108737945556641 359
4.11694860458374 359
4.125821113586426 359
4.134270668029785 359
4.142971992492676 359
4.15442967414856 359
4.163042783737183 359
4.170389175415039 359
4.179044485092163 359
4.187762498855591 359
4.196399450302124 359
4.207652807235718 359
4.216301918029785 359
4.2271568775177 359
4.236101150512695 359
4.244797706604004 359
4.255671739578247 359
4.264141798019409 359
4.273425340652466 359
4.2820374965667725 359
4.294235706329346 359
4.303586006164551 359
4.3117835521698 359
4.319915056228638 359
4.328372240066528 359
4.336436986923218 359
4.345243453979492 359
4.355724096298218 359
4.364187002182007 359
4.372668266296387 359
4.3800249099731445 359
4.389261960983276 359
4.397923707962036 359
4.407497406005859 359
4.417187690734863 359
4.4255383014678955 359
4.433780193328857 359
4.4420225620269775 359
4.457725286483765 359
4.466270208358765 359
4.475018501281738 359
4.483685255050659 359
4.492810249328613 359
4.500114679336548 359
4.509557485580444 359
4.518894672393799 359
4.529623985290527 359
4.5403687953948975 359
4.555765390396118 359
4.566793203353882 359
4.586025953292847 359
4.601907253265381 359
4.614721298217773 359
4.626687288284302 359
4.637337923049927 359
4.645727872848511 359
4.6570093631744385 359
4.665377140045166 359
4.673768520355225 359
4.682006597518921 359
4.690072774887085 359
4.701946496963501 359
4.711493492126465 359
4.719935655593872 359
4.7283408641815186 359
4.736422300338745 359
4.745084524154663 359
4.754994630813599 359
4.764315128326416 359
4.772810220718384 359
4.780167579650879 359
4.789438962936401 359
4.797724485397339 359
4.807403564453125 359
4.817487716674805 359
4.8258514404296875 359
4.834902763366699 359
4.843184232711792 359
4.8537375926971436 359
4.866772890090942 359
4.87531590461731 359
4.884181499481201 359
4.89243221282959 359
4.899985074996948 359
4.908404350280762 359
4.918816328048706 359
4.9270312786102295 359
4.935530662536621 359
4.944107294082642 359
4.953826189041138 359
4.963410139083862 359
4.971586465835571 359
4.979376792907715 359
4.988649845123291 359
4.996736764907837 359
