0 0
0.01526641845703125 0
0.03227424621582031 0
0.05532360076904297 2
0.07246208190917969 8
0.08757138252258301 13
0.09659838676452637 18
0.1058201789855957 22
0.11414480209350586 27
0.12659263610839844 34
0.13634252548217773 40
0.1457653045654297 44
0.15407371520996094 48
0.16222000122070312 51
0.17144155502319336 56
0.17975354194641113 60
0.1899557113647461 65
0.19829058647155762 69
0.2075192928314209 72
0.21595501899719238 76
0.224290132522583 80
0.23210883140563965 84
0.24293828010559082 90
0.2516002655029297 94
0.260040283203125 97
0.26891565322875977 101
0.27780842781066895 104
0.28764939308166504 108
0.295931339263916 111
0.3045780658721924 115
0.3123891353607178 118
0.32074975967407227 121
0.32927656173706055 124
0.34033942222595215 129
0.3485896587371826 132
0.35741615295410156 135
0.3665146827697754 139
0.3746652603149414 142
0.3825056552886963 144
0.39223217964172363 147
0.40171241760253906 150
0.41002416610717773 153
0.41835665702819824 156
0.42682456970214844 159
0.4360675811767578 161
0.44636034965515137 165
0.45459771156311035 168
0.4627079963684082 170
0.4717733860015869 172
0.4801790714263916 176
0.48969030380249023 178
0.498668909072876 180
0.5074162483215332 183
0.5160114765167236 185
0.5279545783996582 188
0.53731369972229 190
0.5476438999176025 194
0.5561773777008057 196
0.5654397010803223 198
0.5728416442871094 201
0.5817282199859619 203
0.5913112163543701 205
0.6024346351623535 208
0.6112360954284668 209
0.6195406913757324 210
0.6279740333557129 212
0.6374235153198242 215
0.6477363109588623 218
0.6560304164886475 219
0.6646153926849365 221
0.6724362373352051 223
0.6808066368103027 224
0.689255952835083 226
0.7001118659973145 229
0.7084448337554932 231
0.7169802188873291 232
0.7255027294158936 234
0.7344334125518799 235
0.7449512481689453 237
0.7525644302368164 238
0.761432409286499 240
0.7700510025024414 242
0.778508186340332 244
0.7924070358276367 247
0.8159668445587158 248
0.8328280448913574 250
0.8574874401092529 255
0.8758578300476074 259
0.8841149806976318 261
0.9103994369506836 264
0.9197931289672852 264
0.9325647354125977 266
0.9423830509185791 268
0.9512813091278076 269
0.9606397151947021 270
0.971435546875 271
0.9797253608703613 272
0.9880986213684082 272
0.9973845481872559 274
1.0073471069335938 275
1.0156404972076416 276
1.0229830741882324 277
1.0354866981506348 278
1.045503854751587 279
1.0528864860534668 280
1.06355619430542 281
1.0717830657958984 282
1.0801177024841309 282
1.0883841514587402 283
1.0975959300994873 284
1.1068053245544434 286
1.115502119064331 286
1.1228678226470947 287
1.1322932243347168 287
1.141735553741455 288
1.1500976085662842 289
1.1595959663391113 290
1.168506383895874 290
1.177393913269043 291
1.1856951713562012 292
1.1935219764709473 292
1.2022790908813477 293
1.2122349739074707 294
1.2206223011016846 294
1.2295958995819092 295
1.2381529808044434 296
1.2473790645599365 296
1.255739688873291 297
1.2658774852752686 297
1.2740893363952637 298
1.2819411754608154 298
1.290271282196045 299
1.299482822418213 300
1.308614730834961 301
1.3174359798431396 301
1.3300750255584717 302
1.3387141227722168 302
1.348212718963623 302
1.3568603992462158 303
1.3672764301300049 304
1.3755457401275635 304
1.382859230041504 304
1.3915207386016846 305
1.400214433670044 305
1.408456802368164 306
1.4185426235198975 306
1.428011417388916 307
1.4363362789154053 307
1.445495843887329 308
1.4528923034667969 308
1.480234146118164 308
1.4986572265625 308
1.5186724662780762 308
1.5385785102844238 310
1.5628046989440918 312
1.5755317211151123 313
1.582855463027954 313
1.5921745300292969 312
1.6013362407684326 312
1.6095764636993408 313
1.618730068206787 313
1.6278190612792969 314
1.6361522674560547 314
1.6455535888671875 314
1.6528193950653076 314
1.6622991561889648 314
1.6717734336853027 314
1.6820018291473389 314
1.6954646110534668 315
1.7067041397094727 316
1.7197580337524414 316
1.7377324104309082 315
1.7589964866638184 314
1.7882320880889893 316
1.8095781803131104 319
1.8313241004943848 319
1.8406527042388916 318
1.85650634765625 317
1.8757402896881104 317
1.883535385131836 318
1.8924908638000488 319
1.9013257026672363 319
1.9099400043487549 319
1.9190013408660889 319
1.928926944732666 318
1.9375982284545898 318
1.9469032287597656 319
1.9556348323822021 319
1.9642620086669922 319
1.9728782176971436 319
1.9814951419830322 319
1.9923796653747559 318
2.0009312629699707 318
2.0113120079040527 319
2.0204999446868896 319
2.0296738147735596 319
2.038335084915161 319
2.0483968257904053 318
2.0578155517578125 318
2.0660979747772217 318
2.0757923126220703 319
2.0839943885803223 319
2.0921876430511475 319
2.1004295349121094 319
2.108682155609131 318
2.117377996444702 318
2.1274666786193848 319
2.140367031097412 320
2.148747444152832 320
2.1581482887268066 319
2.16666579246521 318
2.1760458946228027 318
2.1842916011810303 318
2.192655324935913 319
2.201620101928711 319
2.210054397583008 319
2.218303680419922 319
2.2283787727355957 318
2.2368617057800293 318
2.2461445331573486 318
2.254450559616089 318
2.2625539302825928 318
2.271311044692993 318
2.2803471088409424 318
2.2895452976226807 318
2.2979016304016113 318
2.3062093257904053 317
2.314537525177002 317
2.322922468185425 317
2.3324227333068848 318
2.3423361778259277 318
2.3506579399108887 318
2.359750270843506 317
2.3681187629699707 317
2.377784252166748 317
2.3860721588134766 317
2.395382881164551 317
2.4027152061462402 316
2.4114394187927246 316
2.419722557067871 316
2.429696559906006 316
2.43814754486084 316
2.4474849700927734 316
2.4560749530792236 316
2.464282512664795 316
2.472238302230835 316
2.4819509983062744 316
2.490802764892578 316
2.500495195388794 316
2.508760452270508 316
2.517422914505005 315
2.5263378620147705 315
2.542118549346924 315
2.5505218505859375 316
2.56837797164917 315
2.5768585205078125 315
2.5869460105895996 314
2.5956265926361084 314
2.6029648780822754 314
2.6116747856140137 314
2.6206717491149902 313
2.628849983215332 313
2.638278007507324 313
2.6480939388275146 313
2.657362461090088 313
2.6656038761138916 312
2.672978639602661 312
2.6825978755950928 312
2.691927433013916 312
2.70023512840271 312
2.7084977626800537 312
2.7169625759124756 312
2.72603440284729 312
2.735619068145752 312
2.744605779647827 312
2.753535270690918 312
2.7617523670196533 312
2.7701101303100586 311
2.778409004211426 311
2.7884416580200195 311
2.7973592281341553 311
2.805629014968872 310
2.812971830368042 310
2.8224034309387207 310
2.830777645111084 310
2.8413937091827393 310
2.8495802879333496 310
2.858686923980713 310
2.8673596382141113 309
2.8758206367492676 309
2.885685682296753 308
2.893531084060669 308
2.901815414428711 308
2.910106658935547 309
2.919524908065796 309
2.927924871444702 309
2.9427731037139893 308
2.9519832134246826 307
2.960454225540161 307
2.968679666519165 306
2.9775288105010986 306
2.9876551628112793 306
2.995936155319214 306
3.0041351318359375 306
3.0149571895599365 306
3.0234763622283936 306
3.0317349433898926 306
3.0425350666046143 305
3.051927089691162 305
3.0608067512512207 304
3.06925106048584 304
3.077688694000244 304
3.0863306522369385 304
3.0959439277648926 304
3.104116916656494 304
3.1119513511657715 304
3.1213347911834717 303
3.1295864582061768 302
3.138925552368164 302
3.148284912109375 302
3.1576991081237793 303
3.16601300239563 303
3.174259901046753 302
3.1821327209472656 302
3.1919379234313965 302
3.2002246379852295 302
3.2084906101226807 301
3.218003034591675 301
3.22632098197937 300
3.234600067138672 300
3.2443344593048096 301
3.2526638507843018 300
3.2614119052886963 300
3.26973819732666 300
3.2781691551208496 299
3.2874937057495117 299
3.2967724800109863 298
3.305325746536255 298
3.312650203704834 299
3.321974754333496 299
3.330254316329956 298
3.345424175262451 298
3.3541994094848633 298
3.362159252166748 298
3.3706514835357666 297
3.3801987171173096 297
3.390151023864746 298
3.399831533432007 298
3.4081497192382812 298
3.417296886444092 297
3.4255995750427246 296
3.4329488277435303 296
3.4520103931427 296
3.460453748703003 297
3.4695637226104736 297
3.477937698364258 296
3.487661838531494 296
3.500033140182495 295
3.5100836753845215 295
3.5200917720794678 295
3.5283939838409424 295
3.5368127822875977 295
3.547316312789917 294
3.5649993419647217 294
3.5726330280303955 293
3.5819602012634277 293
3.590322494506836 292
3.5998854637145996 292
3.6082639694213867 292
3.6173698902130127 292
3.6256422996520996 293
3.6329751014709473 292
3.6426408290863037 292
3.6525754928588867 292
3.6612751483917236 292
3.669527530670166 291
3.677940845489502 290
3.687276601791382 290
3.695739507675171 290
3.705244541168213 290
3.712639331817627 290
3.7217118740081787 290
3.7299723625183105 290
3.742645740509033 289
3.752676010131836 288
3.7655060291290283 288
3.776869535446167 288
3.7889459133148193 288
3.8018319606781006 287
3.8154776096343994 287
3.8268773555755615 286
3.8381173610687256 286
3.8503963947296143 286
3.859832286834717 286
3.868138313293457 286
3.87672758102417 286
3.885535478591919 286
3.892824411392212 286
3.9016733169555664 286
3.911390542984009 285
3.920334815979004 284
3.9287807941436768 284
3.9376189708709717 284
3.947705030441284 284
3.957271099090576 284
3.9654934406280518 284
3.9728128910064697 283
3.9825942516326904 283
3.9913229942321777 282
3.999816417694092 282
4.00882363319397 282
4.018232107162476 282
4.026784181594849 282
4.03527569770813 282
4.045781135559082 282
4.05400013923645 281
4.062753200531006 280
4.072568416595459 280
4.081977605819702 280
4.09030818939209 280
4.098576545715332 280
4.108126878738403 280
4.117495775222778 280
4.125819683074951 279
4.134031772613525 278
4.147836923599243 278
4.157530784606934 278
4.165919780731201 278
4.174119472503662 278
4.182737112045288 277
4.191488981246948 277
4.199786186218262 276
4.208848476409912 276
4.218075513839722 276
4.22651481628418 276
4.234650373458862 276
4.244544506072998 276
4.252390384674072 276
4.262007474899292 276
4.270327806472778 276
4.278996467590332 275
4.287837028503418 274
4.296304941177368 274
4.304560422897339 274
4.314980745315552 274
4.322559356689453 274
4.331257104873657 274
4.340233087539673 273
4.348739147186279 273
4.357991456985474 272
4.368911981582642 272
4.378129005432129 272
4.38698410987854 272
4.395466327667236 272
4.402809381484985 272
4.412778854370117 271
4.421696662902832 270
4.429966449737549 270
4.438279151916504 270
4.4487144947052 270
4.457787275314331 270
4.467274904251099 270
4.475643634796143 270
4.484488010406494 269
4.492404937744141 268
4.500791311264038 268
4.509767055511475 268
4.518883228302002 268
4.527544975280762 268
4.535954475402832 268
4.549917459487915 268
4.5583250522613525 268
4.567986011505127 267
4.577868461608887 267
4.58784031867981 266
4.596323490142822 266
4.604592323303223 266
4.614573001861572 266
4.622435808181763 266
4.630785226821899 266
4.639339208602905 266
4.648863077163696 265
4.657719373703003 265
4.666999578475952 264
4.67601203918457 264
4.6843039989471436 265
4.692634105682373 265
4.7013609409332275 264
4.71036434173584 264
4.719969987869263 264
4.728290557861328 263
4.736773252487183 263
4.746511220932007 263
4.754649639129639 263
4.762463331222534 263
4.772035360336304 262
4.78143572807312 262
4.789740800857544 262
4.798444509506226 261
4.807896614074707 261
4.816237688064575 261
4.825721740722656 261
4.833534002304077 260
4.843605279922485 260
4.851828098297119 260
4.86013126373291 260
4.869580984115601 260
4.878322601318359 260
4.886831283569336 259
4.895520925521851 258
4.902852535247803 258
4.912130117416382 258
4.921659231185913 259
4.929965257644653 259
4.938369989395142 258
4.951430082321167 258
4.960130453109741 258
4.968547821044922 257
4.978267431259155 257
4.986935138702393 256
4.99550199508667 256
