0 0
0.027432918548583984 0
0.05162787437438965 0
0.07105469703674316 2
0.08926081657409668 6
0.09933018684387207 10
0.10778117179870605 14
0.11689949035644531 18
0.12595415115356445 24
0.1354832649230957 28
0.1450514793395996 34
0.15341687202453613 39
0.16176748275756836 45
0.17009973526000977 50
0.17886829376220703 56
0.18828225135803223 62
0.19892454147338867 70
0.20734024047851562 76
0.2161712646484375 83
0.23203682899475098 94
0.24174022674560547 102
0.24996066093444824 108
0.25886106491088867 114
0.26774144172668457 122
0.2761361598968506 128
0.2849295139312744 135
0.2955613136291504 143
0.30426883697509766 151
0.312885046005249 157
0.32031726837158203 164
0.3296623229980469 170
0.33814287185668945 178
0.3477170467376709 186
0.3562173843383789 192
0.36547207832336426 199
0.37395358085632324 207
0.3826737403869629 214
0.3928368091583252 224
0.40283942222595215 230
0.4103124141693115 236
0.4191575050354004 243
0.4295504093170166 251
0.43794679641723633 260
0.44759583473205566 267
0.4559977054595947 273
0.46523618698120117 279
0.47362232208251953 286
0.48206448554992676 290
0.49175524711608887 296
0.501915454864502 300
0.5098252296447754 303
0.5182332992553711 307
0.5264372825622559 310
0.5360362529754639 315
0.5449919700622559 319
0.5543067455291748 321
0.5636224746704102 324
0.5718975067138672 327
0.5798346996307373 329
0.5893878936767578 331
0.5995995998382568 332
0.6082143783569336 333
0.6169536113739014 335
0.6253871917724609 338
0.6391606330871582 341
0.6486728191375732 342
0.6570529937744141 344
0.6663143634796143 346
0.6750710010528564 347
0.6833734512329102 348
0.6932084560394287 348
0.7028436660766602 348
0.7102475166320801 348
0.7190694808959961 348
0.7282812595367432 350
0.7373342514038086 351
0.7458598613739014 352
0.7555150985717773 352
0.7648165225982666 352
0.7731785774230957 352
0.7809922695159912 354
0.7903006076812744 356
0.8004484176635742 358
0.8092784881591797 358
0.8175978660583496 358
0.8267331123352051 358
0.8351433277130127 358
0.844214677810669 358
0.8535375595092773 358
0.8626649379730225 358
0.8700144290924072 359
0.8789565563201904 358
0.8882758617401123 358
0.8972766399383545 358
0.9067039489746094 358
0.9151468276977539 359
0.9235613346099854 359
0.93294358253479 359
0.9437408447265625 358
0.9533898830413818 358
0.9628384113311768 358
0.9701793193817139 358
0.9788682460784912 359
0.9879603385925293 359
0.9967226982116699 359
1.0060594081878662 358
1.0148999691009521 358
1.0234851837158203 358
1.0361647605895996 358
1.045461654663086 358
1.055044174194336 358
1.0639843940734863 358
1.0720694065093994 358
1.0798604488372803 358
1.0894992351531982 358
1.0988552570343018 358
1.1079576015472412 358
1.1161892414093018 358
1.1254510879516602 358
1.1339645385742188 358
1.142052412033081 358
1.1503968238830566 358
1.160221815109253 358
1.1688745021820068 358
1.1771509647369385 358
1.185499668121338 358
1.195601224899292 358
1.2041926383972168 358
1.213503122329712 358
1.2216362953186035 358
1.2299957275390625 358
1.2384090423583984 358
1.2473559379577637 358
1.2556028366088867 358
1.2657780647277832 358
1.274224042892456 358
1.282689094543457 358
1.292736291885376 358
1.300156831741333 358
1.309675693511963 358
1.3179690837860107 358
1.3269321918487549 358
1.3352265357971191 358
1.343494176864624 358
1.352403163909912 358
1.36287522315979 358
1.3701629638671875 358
1.3788652420043945 358
1.389484167098999 358
1.3979623317718506 358
1.4061696529388428 358
1.4156653881072998 358
1.424896001815796 358
1.436950922012329 358
1.446923017501831 358
1.4564158916473389 358
1.4660146236419678 358
1.4747397899627686 358
1.483008623123169 358
1.4928431510925293 358
1.5002121925354004 358
1.50913667678833 358
1.5182716846466064 358
1.5272397994995117 357
1.5356919765472412 357
1.5441412925720215 357
1.5524260997772217 357
1.563124656677246 358
1.571474313735962 358
1.579373836517334 357
1.5890040397644043 356
1.597416639328003 356
1.6056897640228271 357
1.6154592037200928 358
1.6243999004364014 359
1.63297438621521 358
1.6403679847717285 358
1.6490414142608643 357
1.6582112312316895 357
1.667764663696289 357
1.675971269607544 358
1.6849660873413086 358
1.6939668655395508 358
1.7020976543426514 357
1.7099897861480713 356
1.7196342945098877 356
1.7288846969604492 356
1.7371265888214111 356
1.7457506656646729 357
1.7550733089447021 357
1.7637996673583984 357
1.7733118534088135 357
1.7815155982971191 356
1.799565076828003 356
1.8082149028778076 356
1.8176867961883545 356
1.827195167541504 356
1.8391337394714355 356
1.8496897220611572 356
1.85896897315979 356
1.8682703971862793 356
1.8763768672943115 356
1.885401725769043 356
1.895139455795288 356
1.9043784141540527 356
1.9160428047180176 356
1.9297683238983154 356
1.9417297840118408 356
1.953733205795288 356
1.9650440216064453 356
1.977755069732666 356
1.991769552230835 356
2.003012180328369 356
2.0130255222320557 356
2.0228774547576904 356
2.0301620960235596 356
2.03887939453125 356
2.047300338745117 356
2.0560219287872314 356
2.064751625061035 356
2.074740171432495 356
2.0829615592956543 356
2.0924181938171387 356
2.0999865531921387 356
2.1087257862091064 356
2.116962194442749 356
2.12677001953125 356
2.1352272033691406 356
2.1439552307128906 356
2.1528425216674805 356
2.1601595878601074 356
2.1689648628234863 356
2.179009199142456 356
2.18894362449646 356
2.197220802307129 356
2.2055513858795166 356
2.2139759063720703 356
2.224278211593628 356
2.2361574172973633 356
2.2450129985809326 356
2.253727436065674 356
2.2619822025299072 356
2.270009994506836 355
2.279417037963867 355
2.289583683013916 356
2.297881603240967 356
2.3062148094177246 356
2.3148927688598633 356
2.323680877685547 355
2.3331024646759033 355
2.340430736541748 355
2.3492982387542725 355
2.3582687377929688 355
2.408703565597534 354
2.441073417663574 355
2.480443000793457 359
2.5137453079223633 356
2.561072826385498 348
2.589235782623291 349
2.5976686477661133 350
2.6075878143310547 352
2.6169216632843018 354
2.6460609436035156 352
2.6717529296875 345
2.7055270671844482 340
2.721545934677124 344
2.739367723464966 346
2.755836248397827 350
2.7649645805358887 351
2.773465156555176 351
2.788860559463501 350
2.7973058223724365 350
2.8070600032806396 350
2.8170533180236816 352
2.8257641792297363 353
2.835448980331421 352
2.8438336849212646 352
2.853086233139038 351
2.8610119819641113 351
2.8702549934387207 352
2.879817485809326 352
2.889838457107544 353
2.8984122276306152 353
2.9070467948913574 353
2.916006565093994 352
2.9248483180999756 352
2.934150457382202 352
2.9472179412841797 352
2.9650886058807373 354
2.9734995365142822 354
2.9834213256835938 353
2.993267059326172 352
3.0014288425445557 352
3.009385585784912 352
3.0186595916748047 352
3.0269150733947754 352
3.0396783351898193 353
3.0490787029266357 353
3.057469367980957 352
3.0660817623138428 352
3.0747573375701904 352
3.0853095054626465 352
3.0947601795196533 353
3.1032981872558594 353
3.1114606857299805 354
3.1199986934661865 353
3.128955841064453 353
3.138174533843994 352
3.146399974822998 352
3.155810832977295 353
3.164339303970337 354
3.1729257106781006 354
3.1802730560302734 353
3.1929450035095215 352
3.2003750801086426 352
3.2090201377868652 352
3.218151569366455 353
3.230132818222046 354
3.23993182182312 354
3.2488749027252197 353
3.2580795288085938 352
3.2663331031799316 352
3.2749791145324707 352
3.2832443714141846 353
3.2941973209381104 354
3.3029191493988037 354
3.3102312088012695 353
3.3194429874420166 352
3.3278844356536865 352
3.3361270427703857 352
3.3457398414611816 353
3.3549578189849854 353
3.3633854389190674 353
3.3715732097625732 353
3.3826799392700195 353
3.393686532974243 353
3.4028236865997314 353
3.410147190093994 353
3.4188339710235596 352
3.4279439449310303 352
3.4361653327941895 352
3.4497272968292236 352
3.458242416381836 352
3.46732759475708 352
3.476745843887329 352
3.4853081703186035 352
3.497314691543579 352
3.5060975551605225 352
3.514815330505371 352
3.524064064025879 352
3.5333120822906494 352
3.543658971786499 352
3.551884412765503 352
3.559699773788452 352
3.5689847469329834 352
3.5771961212158203 352
3.5855469703674316 352
3.595714807510376 352
3.6056196689605713 352
3.6140706539154053 352
3.6223301887512207 352
3.629927158355713 352
3.646294116973877 352
3.6549265384674072 352
3.6634249687194824 352
3.672771453857422 352
3.680136203765869 352
3.6895906925201416 352
3.6991183757781982 352
3.708869457244873 352
3.7171711921691895 352
3.735518217086792 352
3.747323989868164 352
3.7556264400482178 352
3.7640573978424072 352
3.772130250930786 352
3.785433053970337 351
3.814368724822998 350
3.8330540657043457 351
3.8475735187530518 354
3.856159210205078 356
3.8652117252349854 356
3.8734841346740723 356
3.894904851913452 354
3.924290180206299 346
3.9330220222473145 344
3.9404168128967285 343
3.951723337173462 342
3.9596877098083496 342
3.968247890472412 344
3.9769558906555176 345
3.9892148971557617 345
4.003280878067017 343
4.014195442199707 343
4.025812387466431 344
4.037200212478638 346
4.047875165939331 348
4.060230016708374 348
4.072881698608398 347
4.082704067230225 346
4.0923566818237305 346
4.101665496826172 346
4.1095404624938965 347
4.118102788925171 349
4.127544164657593 350
4.13596773147583 350
4.144841194152832 350
4.154959678649902 349
4.1632890701293945 349
4.171510934829712 350
4.1794726848602295 350
4.1888954639434814 350
4.197173595428467 350
4.206310987472534 350
4.2149951457977295 350
4.224313974380493 350
4.232842206954956 350
4.245404958724976 350
4.255188465118408 350
4.264850854873657 350
4.273225545883179 350
4.281049966812134 350
4.2914979457855225 350
4.299332618713379 350
4.308874845504761 350
4.317133665084839 350
4.326778411865234 350
4.335235834121704 350
4.343485355377197 350
4.351690292358398 350
4.36159610748291 350
4.369365453720093 350
4.377685070037842 350
4.387908697128296 350
4.399015188217163 350
4.408944368362427 350
4.4172117710113525 350
4.42592453956604 350
4.4352641105651855 350
4.44366192817688 350
4.45188570022583 350
4.460925340652466 350
4.469828844070435 350
4.478178024291992 350
4.486446142196655 350
4.495744943618774 350
4.505134582519531 350
4.514723062515259 350
4.522987604141235 350
4.532386064529419 350
4.539977073669434 350
4.548721075057983 350
4.556947231292725 350
4.567378759384155 350
4.575683116912842 350
4.5840959548950195 349
4.593549489974976 349
4.602859735488892 350
4.611960172653198 350
4.619758129119873 350
4.6292266845703125 350
4.637986183166504 349
4.6503355503082275 348
4.660040855407715 348
4.669367551803589 349
4.67796516418457 350
4.687008380889893 350
4.695996522903442 350
4.705286979675293 349
4.714894533157349 348
4.723144054412842 349
4.731922149658203 349
4.7403340339660645 348
4.74934720993042 348
4.757674694061279 348
4.76715874671936 349
4.776245594024658 349
4.785386800765991 349
4.794437646865845 348
4.804291009902954 348
4.813632011413574 348
4.821873188018799 348
4.829702854156494 349
4.839540243148804 349
4.847893476486206 349
4.856168746948242 348
4.865933656692505 348
4.875372648239136 348
4.883673667907715 348
4.893089771270752 349
4.901087284088135 349
4.911529541015625 348
4.920300245285034 348
4.929116725921631 348
4.938921213150024 348
4.947955846786499 348
4.956960678100586 348
4.966178894042969 348
4.975344896316528 348
4.984313011169434 348
4.994245767593384 348
