0 0
0.028989791870117188 0
0.050132036209106445 0
0.08725333213806152 5
0.11600589752197266 19
0.15139245986938477 39
0.17175507545471191 52
0.1979982852935791 70
0.2191314697265625 83
0.23430800437927246 97
0.25405049324035645 112
0.27756500244140625 129
0.31818103790283203 167
0.3756256103515625 208
0.4111642837524414 235
0.43806004524230957 262
0.47682762145996094 290
0.5054597854614258 315
0.5417070388793945 335
0.5729498863220215 341
0.598137378692627 339
0.6297152042388916 339
0.6620776653289795 345
0.7102928161621094 365
0.7589881420135498 368
0.7841598987579346 359
0.8219549655914307 345
0.8786728382110596 342
0.9017038345336914 349
0.9397940635681152 368
0.9626431465148926 375
0.9863133430480957 379
1.0038938522338867 378
1.0283219814300537 373
1.0533692836761475 365
1.067864179611206 359
1.0895168781280518 357
1.1092321872711182 358
1.1268203258514404 361
1.1441993713378906 364
1.16349196434021 363
1.1889564990997314 357
1.2372808456420898 360
1.2875256538391113 380
1.2959396839141846 383
1.3076026439666748 387
1.3180961608886719 389
1.327467918395996 389
1.3487472534179688 388
1.369729995727539 382
1.389500379562378 376
1.4067480564117432 370
1.4273078441619873 365
1.452244758605957 365
1.4712505340576172 368
1.4878625869750977 371
1.5091407299041748 368
1.5242919921875 364
1.546607494354248 361
1.5636787414550781 363
1.581730604171753 366
1.6001718044281006 367
1.6200764179229736 365
1.6436834335327148 359
1.6602208614349365 357
1.6835219860076904 356
1.7030179500579834 360
1.7237591743469238 364
1.7493271827697754 367
1.7662856578826904 365
1.7836172580718994 361
1.802140474319458 357
1.8234469890594482 359
1.8428874015808105 363
1.8582267761230469 365
1.8773798942565918 364
1.894261121749878 361
1.9128239154815674 357
1.9300580024719238 356
1.9494349956512451 357
1.967355489730835 361
1.9891471862792969 362
2.009331464767456 360
2.037102699279785 353
2.0573618412017822 348
2.0855445861816406 349
2.101722240447998 353
2.1268017292022705 359
2.1548690795898438 359
2.171337604522705 357
2.1880781650543213 353
2.209284543991089 351
2.2329208850860596 354
2.262946367263794 364
2.2827470302581787 370
2.299865961074829 372
2.319664478302002 370
2.3429441452026367 365
2.3599071502685547 360
2.3778438568115234 359
2.3987550735473633 361
2.4140820503234863 364
2.437001943588257 364
2.459016799926758 361
2.479567050933838 356
2.498969078063965 353
2.516730546951294 353
2.5339512825012207 357
2.555525302886963 359
2.5801448822021484 357
2.5996997356414795 351
2.618251323699951 347
2.6456034183502197 348
2.663214921951294 351
2.6817209720611572 356
2.700880527496338 357
2.718317985534668 356
2.7414541244506836 352
2.767416477203369 353
2.7942216396331787 359
2.827510356903076 359
2.861119270324707 350
2.8873744010925293 346
2.909686803817749 348
2.930816888809204 353
2.952871561050415 355
2.9711732864379883 354
2.987701654434204 350
3.008812189102173 348
3.026989221572876 349
3.0485966205596924 354
3.0636985301971436 358
3.081709861755371 359
3.099640130996704 357
3.1173899173736572 353
3.1370649337768555 351
3.15663480758667 351
3.174083948135376 356
3.1940646171569824 359
3.21339750289917 358
3.2316646575927734 355
3.2513983249664307 352
3.2770626544952393 353
3.294057607650757 357
3.3172292709350586 360
3.337285041809082 359
3.359624147415161 354
3.3813064098358154 352
3.400179862976074 353
3.427173376083374 360
3.447347640991211 363
3.478259563446045 361
3.513246536254883 351
3.5433664321899414 344
3.5772480964660645 345
3.601750135421753 353
3.6363303661346436 359
3.6673946380615234 357
3.6940667629241943 347
3.728628158569336 343
3.753797769546509 346
3.787137031555176 355
3.807915687561035 361
3.8334484100341797 361
3.852623462677002 357
3.8701000213623047 352
3.891136646270752 349
3.9115471839904785 351
3.9398488998413086 357
3.9694647789001465 360
4.004099607467651 353
4.042959690093994 338
4.069688320159912 330
4.110814094543457 333
4.13813853263855 345
4.172877550125122 353
4.201085090637207 354
4.227635860443115 348
4.253814697265625 343
4.282121658325195 343
4.31381368637085 351
4.345554828643799 360
4.373034477233887 361
4.4012603759765625 357
4.428101062774658 346
4.454063177108765 341
4.491535425186157 345
4.520135879516602 353
4.551520824432373 358
4.579469203948975 357
4.611807584762573 346
4.643984794616699 344
4.679029226303101 349
4.703620433807373 359
4.737431287765503 367
4.7675299644470215 363
4.803013324737549 352
4.849703788757324 347
4.900309085845947 359
4.93380880355835 367
4.9657042026519775 366
4.993329048156738 360
