0 0
0.017761945724487305 0
0.03534960746765137 0
0.05454897880554199 1
0.07143950462341309 9
0.10129785537719727 17
0.11946582794189453 29
0.14243292808532715 41
0.16277337074279785 54
0.1844923496246338 69
0.20289278030395508 83
0.22187328338623047 99
0.24053192138671875 111
0.26117634773254395 127
0.28319692611694336 147
0.3046088218688965 162
0.32173728942871094 178
0.34142422676086426 194
0.359220027923584 209
0.37592291831970215 222
0.3854556083679199 229
0.3998291492462158 240
0.40860867500305176 247
0.4175844192504883 255
0.42563509941101074 262
0.43445324897766113 268
0.4428374767303467 277
0.4530622959136963 283
0.4613921642303467 289
0.46997880935668945 295
0.4820094108581543 305
0.4917945861816406 309
0.5015323162078857 315
0.5109250545501709 318
0.5193021297454834 322
0.5275886058807373 325
0.538682222366333 328
0.5475356578826904 331
0.5619442462921143 335
0.5712270736694336 337
0.5810751914978027 338
0.5914807319641113 339
0.6011297702789307 341
0.6104447841644287 344
0.6190366744995117 346
0.6273820400238037 348
0.6390097141265869 348
0.6527974605560303 349
0.6643824577331543 350
0.6785457134246826 353
0.6907649040222168 354
0.703441858291626 353
0.7158937454223633 352
0.7258517742156982 352
0.734583854675293 352
0.7434444427490234 353
0.7519299983978271 354
0.7613649368286133 355
0.769951343536377 356
0.7805092334747314 355
0.7889022827148438 355
0.8025920391082764 354
0.812678337097168 354
0.8212051391601562 355
0.8297610282897949 357
0.8383536338806152 357
0.8472435474395752 357
0.8558206558227539 357
0.8645591735839844 357
0.8750579357147217 358
0.883770227432251 359
0.8926920890808105 359
0.9010460376739502 359
0.9117560386657715 358
0.9212992191314697 357
0.9300112724304199 358
0.9386632442474365 359
0.9476604461669922 359
0.9554872512817383 359
0.9649372100830078 358
0.9749374389648438 358
0.9833705425262451 358
0.9918525218963623 359
1.0011482238769531 360
1.0111885070800781 360
1.0196120738983154 359
1.02809476852417 358
1.035757064819336 358
1.044889211654663 358
1.0535047054290771 359
1.0629730224609375 359
1.0712025165557861 359
1.0814921855926514 359
1.0899879932403564 360
1.0998101234436035 360
1.1112239360809326 359
1.1203455924987793 358
1.1287128925323486 358
1.1360173225402832 358
1.1454832553863525 359
1.1538739204406738 359
1.163261890411377 359
1.1718010902404785 359
1.1814208030700684 359
1.1898448467254639 359
1.203368902206421 359
1.2145881652832031 360
1.224717617034912 360
1.2332704067230225 359
1.242682933807373 359
1.2510325908660889 359
1.2592623233795166 359
1.2688636779785156 359
1.2776453495025635 359
1.2872052192687988 360
1.2951862812042236 360
1.3035914897918701 359
1.3144073486328125 359
1.3226792812347412 360
1.3311693668365479 360
1.3404715061187744 360
1.3488893508911133 360
1.3572099208831787 359
1.3658654689788818 359
1.375685453414917 360
1.3845322132110596 360
1.3928215503692627 360
1.4012675285339355 360
1.411353349685669 359
1.4207782745361328 359
1.4290084838867188 359
1.437215805053711 360
1.4455711841583252 360
1.4540457725524902 360
1.462402105331421 359
1.4737768173217773 359
1.4819297790527344 359
1.4905223846435547 359
1.4988346099853516 360
1.5086679458618164 360
1.5176827907562256 360
1.5256271362304688 359
1.5345025062561035 359
1.543309211730957 359
1.5515756607055664 359
1.5600271224975586 359
1.5697553157806396 360
1.5798375606536865 360
1.5885248184204102 359
1.5960123538970947 359
1.610910177230835 359
1.6209461688995361 361
1.629612684249878 361
1.6385819911956787 360
1.6460018157958984 359
1.6549322605133057 359
1.6634228229522705 359
1.6745655536651611 360
1.6830620765686035 361
1.691378116607666 361
1.6997895240783691 361
1.7090394496917725 361
1.7173879146575928 360
1.7259647846221924 359
1.7347848415374756 360
1.7434687614440918 360
1.7518250942230225 360
1.7604701519012451 360
1.768864393234253 359
1.7797513008117676 359
1.7883954048156738 359
1.7957086563110352 359
1.8049287796020508 359
1.8131992816925049 359
1.8231959342956543 359
1.8317909240722656 359
1.841017484664917 359
1.8492789268493652 358
1.8576881885528564 358
1.8654627799987793 359
1.8773183822631836 359
1.885176658630371 359
1.8936245441436768 359
1.9019136428833008 358
1.9233453273773193 358
1.9318478107452393 359
1.941486120223999 359
1.9504923820495605 360
1.9588899612426758 360
1.9670741558074951 360
1.9783656597137451 359
1.9857361316680908 359
1.994379997253418 359
2.0104217529296875 358
2.0194079875946045 358
2.029141426086426 359
2.0386104583740234 359
2.045931577682495 359
2.0546882152557373 359
2.0629661083221436 359
2.071760416030884 359
2.0828046798706055 359
2.0911600589752197 359
2.099398136138916 360
2.1088550090789795 360
2.117157220840454 359
2.1296064853668213 359
2.1386172771453857 359
2.145901679992676 360
2.154633045196533 360
2.162885904312134 360
2.1720197200775146 359
2.182072401046753 358
2.1910488605499268 358
2.199368476867676 359
2.2086894512176514 359
2.215996503829956 359
2.22515869140625 359
2.235164165496826 359
2.2434375286102295 359
2.2518320083618164 359
2.260524034500122 359
2.2691407203674316 359
2.2785606384277344 359
2.2876322269439697 359
2.295459508895874 359
2.3046059608459473 359
2.3190765380859375 359
2.327662229537964 359
2.337738275527954 359
2.3455469608306885 359
2.3538668155670166 359
2.362060308456421 359
2.3711225986480713 359
2.380438804626465 359
2.3897459506988525 359
2.3979830741882324 359
2.4107699394226074 359
2.4191489219665527 359
2.4273083209991455 359
2.4385650157928467 359
2.4458634853363037 359
2.4545342922210693 359
2.4628052711486816 359
2.4807276725769043 359
2.490447521209717 359
2.4994306564331055 359
2.5076851844787598 359
2.515608787536621 359
2.5240180492401123 359
2.535569190979004 359
2.5439064502716064 359
2.552659749984741 359
2.5610287189483643 359
2.5705196857452393 359
2.5800933837890625 359
2.5904910564422607 359
2.6011226177215576 359
2.609774589538574 359
2.6180472373962402 358
2.6257710456848145 358
2.637305736541748 358
2.645139455795288 359
2.6535680294036865 359
2.6617751121520996 359
2.671278476715088 359
2.680582284927368 358
2.6900131702423096 357
2.6991219520568848 357
2.7073097229003906 358
2.718960762023926 359
2.730616331100464 360
2.74448561668396 359
2.7557601928710938 358
2.76897931098938 357
2.7815651893615723 358
2.794755220413208 360
2.8106529712677 362
2.819136619567871 362
2.8274104595184326 362
2.8359999656677246 361
2.8459956645965576 360
2.854865312576294 360
2.8632395267486572 361
2.873124361038208 361
2.8814239501953125 361
2.8908255100250244 360
2.8998584747314453 359
2.908618211746216 358
2.915997266769409 359
2.9248127937316895 359
2.9335741996765137 359
2.943404197692871 359
2.951726198196411 359
2.960516929626465 359
2.970087766647339 359
2.9793801307678223 359
2.988450527191162 359
2.998432159423828 358
3.0059092044830322 358
3.014577865600586 358
3.0228488445281982 358
3.032601833343506 359
3.041074275970459 359
3.0510494709014893 359
3.059824228286743 358
3.0688488483428955 357
3.0794267654418945 357
3.088693141937256 357
3.0991368293762207 359
3.108999252319336 359
3.1171953678131104 358
3.125582695007324 357
3.1350009441375732 357
3.1444919109344482 357
3.153446912765503 358
3.163130283355713 359
3.1715054512023926 358
3.1810333728790283 358
3.189467430114746 357
3.1994025707244873 358
3.2126758098602295 359
3.221400499343872 359
3.230551242828369 358
3.2390410900115967 357
3.2491295337677 357
3.2573366165161133 357
3.2657933235168457 358
3.275303602218628 358
3.283780097961426 359
3.29191517829895 358
3.3031632900238037 357
3.311523199081421 357
3.319941759109497 357
3.3290462493896484 358
3.337433099746704 359
3.3453288078308105 359
3.3548943996429443 358
3.3648040294647217 357
3.374359130859375 357
3.38259220123291 357
3.391016721725464 358
3.4010725021362305 359
3.4096033573150635 359
3.417701005935669 358
3.425615072250366 357
3.434821605682373 357
3.4432411193847656 357
3.4528090953826904 358
3.461693048477173 359
3.4705474376678467 359
3.4798452854156494 358
3.488469362258911 357
3.4974515438079834 357
3.5060441493988037 357
3.514866352081299 358
3.523353338241577 359
3.531989812850952 359
3.5406222343444824 358
3.549013614654541 357
3.5585834980010986 357
3.567228078842163 357
3.5829339027404785 358
3.5920631885528564 359
3.607090473175049 358
3.6193735599517822 358
3.6287636756896973 358
3.6365926265716553 358
3.644850254058838 358
3.6540043354034424 358
3.6635372638702393 358
3.6719863414764404 358
3.6813151836395264 358
3.690087080001831 358
3.6989190578460693 358
3.7084438800811768 358
3.7157809734344482 358
3.7244482040405273 358
3.733381748199463 358
3.741795778274536 358
3.7506444454193115 358
3.7612416744232178 358
3.7697370052337646 358
3.778932809829712 358
3.7871694564819336 358
3.7956314086914062 358
3.8043344020843506 358
3.8136072158813477 358
3.8218815326690674 358
3.8312768936157227 358
3.8396735191345215 358
3.8477203845977783 358
3.857174873352051 358
3.8653109073638916 358
3.875396728515625 358
3.8837690353393555 358
3.8930277824401855 358
3.901299238204956 358
3.911015748977661 358
3.9192917346954346 358
3.9286811351776123 358
3.9359967708587646 358
3.944695234298706 358
3.952993154525757 358
3.96293306350708 358
3.97126841545105 358
3.980525016784668 358
3.98893141746521 358
3.99837327003479 358
4.0114288330078125 358
4.02000093460083 358
4.029113054275513 358
4.0372560024261475 358
4.045040607452393 358
4.053459167480469 358
4.063213109970093 358
4.073712110519409 358
4.081916570663452 358
4.0910046100616455 358
4.099287271499634 358
4.107542276382446 358
4.117112874984741 358
4.127405881881714 358
4.135416746139526 358
4.143727540969849 358
4.151946306228638 358
4.160875082015991 358
4.171021223068237 358
4.180066108703613 358
4.188588857650757 358
4.1972877979278564 358
4.205096244812012 358
4.214613199234009 358
4.223330736160278 358
4.231790542602539 358
4.240511655807495 358
4.248817682266235 358
4.257552146911621 358
4.26713228225708 358
4.276704549789429 358
4.28487491607666 358
4.294360876083374 358
4.302607774734497 358
4.310949325561523 358
4.320469379425049 358
4.329179048538208 357
4.337625980377197 357
4.345463752746582 357
4.35439920425415 357
4.363336086273193 358
4.3740153312683105 358
4.382427215576172 357
4.391610383987427 357
4.400080680847168 356
4.412660837173462 356
4.423217296600342 357
4.431598424911499 357
4.440401077270508 358
4.448923826217651 358
4.4583704471588135 357
4.473527669906616 357
4.483027935028076 357
4.4920995235443115 357
4.500711679458618 357
4.509912490844727 357
4.520469427108765 357
4.529611825942993 357
4.537704706192017 357
4.545475006103516 357
4.554590225219727 357
4.5628252029418945 357
4.572005987167358 357
4.58282732963562 357
4.591795444488525 357
4.601292371749878 357
4.6107096672058105 357
4.621762752532959 357
4.632678031921387 357
4.642576217651367 357
4.651842355728149 357
4.661756753921509 357
4.6712939739227295 357
4.680627346038818 357
4.6898956298828125 357
4.698439121246338 357
4.7057785987854 357
4.714595317840576 357
4.724430799484253 357
4.732649087905884 357
4.7410218715667725 357
4.749263763427734 357
4.758532285690308 357
4.7658491134643555 357
4.777129411697388 357
4.785111904144287 357
4.797966957092285 357
4.81436562538147 357
4.828916788101196 357
4.840638160705566 357
4.851859092712402 357
4.86391806602478 357
4.878097295761108 357
4.889045715332031 357
4.897260427474976 357
4.905054569244385 357
4.91347599029541 357
4.922690391540527 357
4.931807041168213 357
4.940498113632202 357
4.948923349380493 357
4.957720756530762 357
4.965878486633301 357
4.9766457080841064 357
4.985310077667236 357
4.994602203369141 357
