0 0
0.013887405395507812 0
0.035443782806396484 0
0.05034470558166504 2
0.06707119941711426 6
0.08436965942382812 12
0.09708380699157715 18
0.10638952255249023 22
0.1148681640625 28
0.1236717700958252 34
0.13422775268554688 40
0.1426699161529541 45
0.15115022659301758 50
0.15957379341125488 56
0.16824936866760254 62
0.17608213424682617 66
0.18562078475952148 74
0.193922758102417 80
0.20286774635314941 87
0.21160149574279785 93
0.21998262405395508 99
0.23016810417175293 107
0.23999738693237305 114
0.24817347526550293 120
0.25598907470703125 127
0.2644820213317871 135
0.2757565975189209 142
0.2855687141418457 150
0.2937743663787842 157
0.30268287658691406 165
0.31114768981933594 171
0.31980156898498535 178
0.32877326011657715 186
0.3387882709503174 194
0.34658384323120117 201
0.3553805351257324 207
0.3636496067047119 214
0.37264204025268555 222
0.3814854621887207 228
0.3905653953552246 236
0.39951252937316895 243
0.4068624973297119 250
0.4155411720275879 256
0.4246385097503662 264
0.4337937831878662 271
0.44300222396850586 279
0.4515500068664551 285
0.4597458839416504 292
0.4682340621948242 299
0.47595882415771484 304
0.4842562675476074 309
0.4995410442352295 320
0.507023811340332 325
0.5157017707824707 330
0.5246748924255371 336
0.5342013835906982 340
0.5430819988250732 344
0.5515954494476318 348
0.5599102973937988 351
0.5686006546020508 355
0.5762934684753418 357
0.5844581127166748 360
0.5937778949737549 361
0.6023833751678467 363
0.6107978820800781 365
0.61875319480896 366
0.6282484531402588 367
0.6364655494689941 368
0.6458475589752197 368
0.6539645195007324 368
0.6621448993682861 368
0.6710906028747559 368
0.6796247959136963 368
0.6868960857391357 368
0.6962378025054932 367
0.7046382427215576 366
0.7127656936645508 366
0.7211198806762695 366
0.7301456928253174 365
0.7394659519195557 364
0.7483217716217041 363
0.7559916973114014 363
0.764540433883667 362
0.772672176361084 361
0.7820005416870117 360
0.7905035018920898 360
0.8007662296295166 359
0.8086988925933838 358
0.8163986206054688 358
0.8258042335510254 357
0.8345696926116943 357
0.844357967376709 356
0.8525588512420654 356
0.8609750270843506 355
0.8699493408203125 354
0.8771300315856934 354
0.8856930732727051 354
0.8945040702819824 353
0.9071152210235596 353
0.9157876968383789 352
0.9251384735107422 352
0.934105634689331 352
0.9422550201416016 351
0.9522347450256348 351
0.9603650569915771 350
0.9695479869842529 350
0.976738691329956 350
0.9854707717895508 350
0.9935050010681152 350
1.0030608177185059 350
1.0116055011749268 349
1.0197346210479736 349
1.02950119972229 348
1.0367116928100586 348
1.045534610748291 348
1.0545108318328857 348
1.0635206699371338 348
1.0718581676483154 348
1.0799877643585205 348
1.087183952331543 347
1.0961332321166992 347
1.1055915355682373 347
1.1136701107025146 347
1.1218540668487549 347
1.1317715644836426 346
1.1402521133422852 346
1.1531944274902344 346
1.165710210800171 346
1.1768300533294678 345
1.1887760162353516 345
1.2020907402038574 345
1.2131481170654297 344
1.2263505458831787 344
1.2371790409088135 344
1.245685338973999 344
1.2554974555969238 344
1.2642767429351807 343
1.272402286529541 343
1.280846357345581 343
1.2887845039367676 343
1.304417371749878 342
1.312671422958374 342
1.321169376373291 342
1.3309788703918457 342
1.3395016193389893 342
1.3467178344726562 342
1.3566582202911377 341
1.365814447402954 341
1.373932123184204 341
1.38218092918396 341
1.390493392944336 340
1.3995802402496338 340
1.4084665775299072 340
1.4161770343780518 340
1.425405502319336 340
1.4341673851013184 340
1.4423227310180664 340
1.4504992961883545 339
1.461507797241211 339
1.4696595668792725 338
1.4768719673156738 338
1.4853825569152832 338
1.4939985275268555 338
1.5022361278533936 338
1.5116078853607178 338
1.5199687480926514 337
1.529977560043335 337
1.5371451377868652 337
1.5456769466400146 337
1.553786039352417 337
1.5640699863433838 336
1.5721778869628906 336
1.5805225372314453 336
1.5885987281799316 336
1.596921443939209 336
1.605447769165039 335
1.6143043041229248 335
1.622438669204712 335
1.6323225498199463 335
1.6408350467681885 334
1.648726224899292 334
1.6564741134643555 334
1.666717529296875 334
1.6751346588134766 334
1.6830649375915527 334
1.6915669441223145 333
1.7030754089355469 333
1.7136294841766357 333
1.721975564956665 332
1.7318346500396729 332
1.740016222000122 332
1.7477025985717773 332
1.755835771560669 332
1.7660794258117676 332
1.7742555141448975 331
1.7825605869293213 331
1.790867805480957 331
1.7999682426452637 331
1.8090770244598389 330
1.8181917667388916 330
1.8268427848815918 330
1.8353796005249023 330
1.8434350490570068 330
1.8517184257507324 330
1.8601398468017578 329
1.8699877262115479 329
1.8776655197143555 329
1.8859131336212158 329
1.8945472240447998 328
1.9026567935943604 328
1.911163330078125 328
1.9203310012817383 328
1.9296348094940186 328
1.9368267059326172 327
1.9455277919769287 327
1.9536573886871338 327
1.9623336791992188 327
1.9722480773925781 327
1.9804675579071045 326
1.9886107444763184 326
1.9968690872192383 326
2.0068359375 326
2.0161471366882324 326
2.025941848754883 326
2.0341362953186035 325
2.0423989295959473 325
2.050523519515991 325
2.059816360473633 325
2.068840980529785 324
2.076517343521118 324
2.0846004486083984 324
2.0941314697265625 324
2.106170654296875 324
2.114475727081299 324
2.125683069229126 323
2.1338648796081543 323
2.1419825553894043 323
2.150183916091919 322
2.1591405868530273 322
2.1665961742401123 322
2.1760075092315674 322
2.1919755935668945 322
2.2001593112945557 322
2.208191156387329 322
2.2159011363983154 321
2.2281627655029297 321
2.2358968257904053 321
2.2442140579223633 320
2.252380609512329 320
2.2611727714538574 320
2.269547462463379 320
2.278857707977295 320
2.286560297012329 320
2.2956719398498535 320
2.303992748260498 319
2.3131844997406006 319
2.3255231380462646 318
2.3335094451904297 318
2.3419249057769775 318
2.3500726222991943 318
2.3586361408233643 318
2.3664705753326416 318
2.375775098800659 318
2.3844053745269775 317
2.392878532409668 317
2.4011852741241455 317
2.4095351696014404 317
2.416736602783203 317
2.4283013343811035 316
2.4361233711242676 316
2.444302558898926 316
2.452457904815674 316
2.461573839187622 316
2.4697258472442627 315
2.4786880016326904 315
2.486901044845581 315
2.4956634044647217 315
2.507089853286743 314
2.5157859325408936 314
2.5261878967285156 314
2.534477472305298 314
2.542729139328003 314
2.5510470867156982 314
2.5600547790527344 313
2.567749500274658 313
2.5766069889068604 313
2.5856025218963623 313
2.5943596363067627 312
2.60261607170105 312
2.6109230518341064 312
2.6190707683563232 312
2.6299569606781006 312
2.6371243000030518 312
2.6456916332244873 312
2.6542789936065674 311
2.662578821182251 311
2.6708438396453857 311
2.680140256881714 311
2.6894357204437256 310
2.696672201156616 310
2.7049243450164795 310
2.7129154205322266 310
2.72202730178833 310
2.731930732727051 310
2.7401533126831055 310
2.7481777667999268 310
2.756551742553711 309
2.7648255825042725 309
2.7728099822998047 309
2.7822225093841553 308
2.791619062423706 308
2.7997772693634033 308
2.8069732189178467 308
2.8154780864715576 308
2.8261802196502686 308
2.8355581760406494 307
2.8437771797180176 307
2.8526313304901123 307
2.8610126972198486 307
2.869119167327881 307
2.8765945434570312 307
2.886380672454834 306
2.894540548324585 306
2.90275239944458 306
2.9150025844573975 306
2.925121307373047 306
2.9344425201416016 305
2.9425883293151855 305
2.951040029525757 305
2.960129737854004 305
2.9681785106658936 304
2.975909948348999 304
2.9858908653259277 304
2.9940197467803955 304
3.002166986465454 304
3.010326385498047 304
3.018695116043091 304
3.0270981788635254 303
3.0365090370178223 303
3.044644832611084 303
3.0535125732421875 303
3.06178879737854 302
3.0699172019958496 302
3.0770928859710693 302
3.087705612182617 302
3.095789670944214 302
3.103895425796509 302
3.1120753288269043 302
3.120694398880005 302
3.1300230026245117 301
3.1388442516326904 301
3.1466457843780518 301
3.1557841300964355 300
3.1638598442077637 300
3.172034740447998 300
3.1802027225494385 300
3.189997673034668 300
3.1985111236572266 300
3.2063589096069336 300
3.214653730392456 300
3.227179527282715 299
3.2403969764709473 299
3.261812448501587 298
3.272897481918335 298
3.2844667434692383 298
3.297013759613037 298
3.3115499019622803 297
3.3207907676696777 297
3.3302929401397705 297
3.3417861461639404 297
3.350400686264038 296
3.3585336208343506 296
3.366151809692383 296
3.3743085861206055 296
3.3834877014160156 296
3.392569065093994 296
3.400907278060913 296
3.408853054046631 295
3.4170751571655273 295
3.4263546466827393 295
3.4344615936279297 295
3.4437415599823 294
3.4524097442626953 294
3.4606776237487793 294
3.468669891357422 294
3.476494312286377 294
3.485664129257202 294
3.494666576385498 294
3.502967596054077 293
3.5115020275115967 293
3.5201187133789062 293
3.529189348220825 293
3.536665439605713 292
3.545992374420166 292
3.5546107292175293 292
3.562871217727661 292
3.5714573860168457 292
3.579596996307373 292
3.587796926498413 292
3.5967061519622803 292
3.605855941772461 291
3.6139256954193115 291
3.630568265914917 291
3.638641834259033 290
3.6491000652313232 290
3.656559467315674 290
3.664685010910034 290
3.672842502593994 290
3.6823782920837402 290
3.6911284923553467 290
3.7003605365753174 289
3.712183952331543 289
3.7211802005767822 289
3.7306692600250244 288
3.738713502883911 288
3.750868558883667 288
3.7587766647338867 288
3.7664363384246826 288
3.774623394012451 288
3.783684015274048 288
3.7919697761535645 287
3.801583766937256 287
3.809753894805908 287
3.8181650638580322 287
3.8264079093933105 287
3.8346071243286133 287
3.8427302837371826 286
3.852626085281372 286
3.8611412048339844 286
3.8695435523986816 286
3.87677264213562 286
3.885938882827759 286
3.894122362136841 285
3.90293288230896 285
3.9114937782287598 285
3.9204769134521484 285
3.929776430130005 284
3.9397222995758057 284
3.948448419570923 284
3.9568676948547363 284
3.9654440879821777 284
3.97348690032959 284
3.98211932182312 284
3.9904558658599854 284
3.9985947608947754 283
4.007055044174194 283
4.016296148300171 283
4.02613377571106 283
4.034300088882446 282
4.042597532272339 282
4.05241060256958 282
4.060766696929932 282
4.0687127113342285 282
4.076412200927734 282
4.085550785064697 282
4.093660354614258 282
4.102771043777466 281
4.115962028503418 281
4.125423192977905 281
4.13366961479187 281
4.142002582550049 281
4.150701284408569 280
4.160127878189087 280
4.168177366256714 280
4.175903558731079 280
4.184370994567871 280
4.19251012802124 280
4.200827598571777 280
4.210022211074829 280
4.218605995178223 279
4.228781223297119 279
4.236459255218506 279
4.245617628097534 278
4.25600528717041 278
4.264148712158203 278
4.272324562072754 278
4.281151056289673 278
4.289509534835815 278
4.296715497970581 277
4.3061299324035645 277
4.314856767654419 277
4.32440447807312 277
4.332546234130859 277
4.341073989868164 276
4.35001015663147 276
4.359081268310547 276
4.366598844528198 276
4.374859809875488 276
4.38396954536438 276
4.392175197601318 276
4.400506973266602 275
4.410334348678589 275
4.4186015129089355 275
4.428257465362549 274
4.435970783233643 274
4.4445483684539795 274
4.452716112136841 274
4.4622602462768555 274
4.470462083816528 274
4.479662895202637 274
4.486886978149414 274
4.495803594589233 273
4.503933668136597 273
4.517712354660034 273
4.526678085327148 273
4.5353758335113525 272
4.544328212738037 272
4.5524821281433105 272
4.5617828369140625 272
4.5699684619903564 272
4.578689098358154 272
4.58651065826416 272
4.594693899154663 272
4.602766990661621 272
4.612476825714111 272
4.620785713195801 271
4.629941701889038 271
4.637129783630371 271
4.646488666534424 271
4.654656410217285 270
4.66403603553772 270
4.67225193977356 270
4.680966854095459 270
4.689103603363037 270
4.696603775024414 270
4.704994201660156 270
4.714909791946411 270
4.723059177398682 269
4.7324793338775635 269
4.740884780883789 269
4.749748229980469 268
4.756938695907593 268
4.769570350646973 268
4.778167009353638 268
4.785913467407227 268
4.794119834899902 268
4.802312850952148 268
4.811051607131958 267
4.820504903793335 267
4.829846620559692 267
4.838432312011719 267
4.846701145172119 267
4.854935884475708 266
4.864171266555786 266
4.8723766803741455 266
4.881700277328491 266
4.889855146408081 266
4.897043228149414 266
4.905767440795898 266
4.919712543487549 265
4.9283411502838135 265
4.936168909072876 265
4.945953607559204 265
4.954129934310913 265
4.9623167514801025 264
4.971710443496704 264
4.98030161857605 264
4.988396883010864 264
4.996079921722412 264
