0 0
0.015225887298583984 0
0.03190350532531738 0
0.047980546951293945 2
0.0664515495300293 7
0.08521580696105957 13
0.09425854682922363 17
0.10310959815979004 21
0.11654829978942871 29
0.12928199768066406 36
0.14314866065979004 45
0.15454435348510742 53
0.16656279563903809 61
0.17852258682250977 70
0.1900637149810791 79
0.19906091690063477 85
0.20835137367248535 92
0.21823573112487793 99
0.22761797904968262 105
0.2371208667755127 113
0.24562335014343262 119
0.2541072368621826 127
0.2634563446044922 133
0.27178287506103516 141
0.27979183197021484 146
0.28990817070007324 156
0.2992861270904541 162
0.3088381290435791 170
0.31725597381591797 177
0.3264279365539551 185
0.33519625663757324 191
0.3448770046234131 199
0.35344481468200684 206
0.36248779296875 214
0.3702125549316406 221
0.3790438175201416 227
0.39433860778808594 241
0.4031252861022949 247
0.41210389137268066 255
0.42014646530151367 262
0.42946696281433105 269
0.437877893447876 277
0.44772768020629883 285
0.45703601837158203 291
0.46557044982910156 298
0.4739353656768799 307
0.48223304748535156 313
0.49301958084106445 320
0.500380277633667 325
0.5138473510742188 333
0.5230545997619629 336
0.5304341316223145 339
0.5391926765441895 341
0.5484035015106201 343
0.5578153133392334 345
0.5677657127380371 347
0.5773086547851562 349
0.5856747627258301 351
0.5961716175079346 352
0.6049492359161377 353
0.6145267486572266 353
0.6244380474090576 353
0.6333255767822266 354
0.6416780948638916 356
0.650331974029541 357
0.659614086151123 357
0.6679713726043701 357
0.6762449741363525 357
0.6850712299346924 357
0.6956436634063721 358
0.7040951251983643 358
0.7134113311767578 358
0.7219629287719727 359
0.7299799919128418 359
0.7383673191070557 359
0.7479228973388672 359
0.7568845748901367 359
0.7653303146362305 359
0.773608922958374 359
0.7818424701690674 359
0.7950689792633057 359
0.8048417568206787 359
0.8142378330230713 359
0.8229544162750244 360
0.8304333686828613 360
0.8391072750091553 360
0.8482675552368164 359
0.8575317859649658 359
0.8659765720367432 359
0.8745837211608887 360
0.8832046985626221 361
0.8920583724975586 360
0.9020493030548096 359
0.9105408191680908 359
0.9192001819610596 359
0.9283552169799805 359
0.9364469051361084 359
0.9450483322143555 359
0.9552280902862549 360
0.9636104106903076 360
0.9717750549316406 360
0.9796488285064697 360
0.9891088008880615 359
0.9973471164703369 359
1.008409023284912 360
1.0170516967773438 361
1.0261566638946533 360
1.0350446701049805 359
1.0435760021209717 358
1.0536394119262695 358
1.0619146823883057 359
1.0697205066680908 359
1.0782318115234375 360
1.087416648864746 360
1.0958778858184814 359
1.1062407493591309 359
1.115880012512207 360
1.125302791595459 361
1.1344542503356934 360
1.1444520950317383 359
1.1544387340545654 358
1.1631591320037842 358
1.1704983711242676 359
1.1793162822723389 360
1.193579912185669 361
1.2035191059112549 359
1.2132480144500732 359
1.221940040588379 358
1.237903356552124 359
1.2496051788330078 361
1.261960744857788 361
1.2699711322784424 360
1.2785298824310303 359
1.287710428237915 358
1.2960593700408936 359
1.305933952331543 359
1.315636396408081 360
1.3249249458312988 360
1.3332407474517822 359
1.3411853313446045 359
1.3494889736175537 359
1.359297752380371 359
1.3675742149353027 360
1.3759276866912842 360
1.3850395679473877 360
1.3934597969055176 359
1.40181303024292 359
1.4132683277130127 359
1.4220540523529053 359
1.4298601150512695 359
1.4380862712860107 360
1.4464495182037354 360
1.4555842876434326 360
1.4651494026184082 359
1.4735512733459473 359
1.4817287921905518 359
1.4901142120361328 359
1.4985496997833252 359
1.5088577270507812 359
1.5175702571868896 360
1.5261471271514893 360
1.5345780849456787 360
1.5430846214294434 359
1.551990032196045 359
1.5611352920532227 359
1.5693442821502686 359
1.5776100158691406 360
1.587066650390625 360
1.5993125438690186 360
1.609731674194336 359
1.6190929412841797 359
1.6276111602783203 359
1.6359105110168457 360
1.6454639434814453 360
1.6552777290344238 360
1.664550542831421 359
1.6731410026550293 359
1.6804845333099365 358
1.6894924640655518 359
1.6979408264160156 360
1.7065367698669434 360
1.7180910110473633 359
1.726388931274414 359
1.7350306510925293 359
1.7432758808135986 359
1.7519936561584473 359
1.7598025798797607 359
1.769397258758545 359
1.7776916027069092 359
1.7865808010101318 359
1.7951955795288086 359
1.803420066833496 359
1.813608169555664 359
1.823518991470337 359
1.8316898345947266 359
1.8395092487335205 359
1.8477988243103027 359
1.8564453125 359
1.8659257888793945 359
1.874328851699829 359
1.883277177810669 359
1.890589714050293 359
1.8993628025054932 359
1.9088630676269531 359
1.9189567565917969 359
1.9277315139770508 359
1.9359982013702393 359
1.9445860385894775 359
1.9537155628204346 359
1.9619112014770508 359
1.9705054759979248 359
1.9791080951690674 359
1.9876141548156738 359
2.0002195835113525 359
2.0121688842773438 359
2.022524833679199 359
2.030099630355835 359
2.0388271808624268 359
2.047802448272705 359
2.056084394454956 359
2.065012216567993 359
2.0742971897125244 359
2.083350419998169 359
2.091110944747925 359
2.099306344985962 359
2.109402656555176 359
2.119408369064331 359
2.1277949810028076 359
2.1360177993774414 359
2.1445014476776123 359
2.153607130050659 359
2.163910150527954 359
2.1735010147094727 359
2.1831562519073486 359
2.194535732269287 359
2.205583095550537 359
2.2197420597076416 359
2.2331395149230957 359
2.2448182106018066 359
2.256375789642334 359
2.266284704208374 359
2.275852918624878 359
2.285130739212036 359
2.293409824371338 359
2.301572322845459 359
2.310408353805542 359
2.3193516731262207 359
2.328805446624756 359
2.336895704269409 359
2.3452792167663574 359
2.35433030128479 359
2.362999677658081 359
2.3703625202178955 359
2.3801560401916504 359
2.3888535499572754 359
2.401155710220337 359
2.4101316928863525 359
2.4194905757904053 359
2.4292194843292236 359
2.438056468963623 359
2.4471869468688965 359
2.4555294513702393 359
2.463789939880371 359
2.472028970718384 359
2.481985330581665 359
2.489926815032959 359
2.4982662200927734 359
2.5163118839263916 359
2.5258948802948 359
2.5344228744506836 359
2.543727159500122 359
2.552870512008667 359
2.560222864151001 359
2.5699880123138428 359
2.5800890922546387 359
2.5885491371154785 359
2.5968422889709473 359
2.6054131984710693 359
2.6150338649749756 359
2.6236014366149902 359
2.6350650787353516 359
2.644536256790161 359
2.653057813644409 359
2.6603505611419678 359
2.6691598892211914 359
2.6788554191589355 359
2.6870949268341064 359
2.695607900619507 359
2.7038657665252686 359
2.7138566970825195 359
2.722055196762085 359
2.7315945625305176 359
2.7394893169403076 359
2.749239444732666 359
2.757460832595825 359
2.765735387802124 359
2.77409029006958 359
2.7841989994049072 359
2.795956611633301 359
2.8045201301574707 359
2.8149914741516113 359
2.8235650062561035 359
2.8330812454223633 359
2.840420961380005 359
2.8499786853790283 359
2.858367443084717 359
2.8664541244506836 359
2.875084638595581 359
2.885185718536377 359
2.893449544906616 359
2.901655673980713 359
2.911868095397949 359
2.9196865558624268 359
2.9279661178588867 359
2.93746280670166 359
2.9461007118225098 359
2.95491361618042 359
2.9632861614227295 359
2.971651792526245 358
2.980116128921509 359
2.9897429943084717 359
2.9980623722076416 359
3.0064446926116943 359
3.0161044597625732 359
3.0250329971313477 358
3.0343167781829834 358
3.043316602706909 358
3.0510997772216797 358
3.0593183040618896 358
3.067554235458374 358
3.076296091079712 359
3.0861003398895264 359
3.094836711883545 359
3.103208303451538 358
3.113600015640259 358
3.1230204105377197 359
3.1304492950439453 359
3.141997814178467 359
3.149948835372925 358
3.158524513244629 357
3.16706919670105 357
3.1759486198425293 358
3.1845829486846924 358
3.198521852493286 359
3.2080845832824707 358
3.217073917388916 357
3.22566294670105 357
3.2340826988220215 357
3.243882894515991 358
3.2522597312927246 359
3.2605371475219727 359
3.2693469524383545 359
3.278407096862793 357
3.286897897720337 357
3.2960987091064453 357
3.304899215698242 358
3.3139607906341553 359
3.322240114212036 359
3.33017635345459 358
3.3401613235473633 358
3.3492517471313477 358
3.357908010482788 358
3.3729231357574463 359
3.381981134414673 359
3.391599416732788 359
3.3995540142059326 358
3.409590005874634 358
3.418055772781372 357
3.426342248916626 358
3.4351391792297363 359
3.445223093032837 359
3.453558921813965 359
3.461775064468384 359
3.469595432281494 358
3.4789175987243652 357
3.487319231033325 357
3.4964327812194824 358
3.5100059509277344 359
3.5184082984924316 359
3.526869297027588 359
3.5355424880981445 358
3.5456840991973877 357
3.5542638301849365 357
3.5634100437164307 358
3.57171893119812 359
3.5800514221191406 359
3.5885229110717773 359
3.6039702892303467 357
3.614330291748047 357
3.6231634616851807 357
3.6305127143859863 358
3.6397159099578857 359
3.6519033908843994 359
3.659743309020996 358
3.6682960987091064 357
3.6773641109466553 357
3.6858370304107666 357
3.695293426513672 358
3.7037556171417236 359
3.7137560844421387 359
3.7220423221588135 358
3.729985475540161 358
3.7394940853118896 357
3.749173641204834 358
3.7576181888580322 359
3.765964984893799 359
3.775041341781616 359
3.7833237648010254 358
3.791649580001831 357
3.8004541397094727 357
3.810431718826294 357
3.819096326828003 358
3.8274974822998047 359
3.8359155654907227 359
3.8451852798461914 359
3.8545334339141846 358
3.863304376602173 357
3.87292742729187 357
3.880289077758789 357
3.8889753818511963 357
3.898036241531372 357
3.9082841873168945 357
3.9164395332336426 358
3.92541766166687 358
3.9337308406829834 357
3.942829132080078 357
3.9518260955810547 357
3.96010422706604 357
3.968513250350952 357
3.978116989135742 358
3.9865152835845947 358
4.00028657913208 357
4.010402679443359 357
4.019287586212158 358
4.027832508087158 359
4.0371692180633545 359
4.045724391937256 358
4.055398464202881 357
4.063799858093262 357
4.073653697967529 357
4.081871271133423 358
4.089816093444824 358
4.098335027694702 358
4.10989236831665 357
4.1182708740234375 357
4.126842737197876 357
4.135272741317749 357
4.144331216812134 357
4.154324293136597 358
4.163480520248413 358
4.1721556186676025 358
4.180569887161255 357
4.189302921295166 357
4.197587251663208 357
4.208283424377441 357
4.216424226760864 357
4.225197076797485 357
4.233645915985107 358
4.242965459823608 357
4.250445365905762 357
4.260097026824951 357
4.272512674331665 357
4.284441947937012 357
4.295773506164551 357
4.309624195098877 357
4.320325136184692 357
4.3321616649627686 357
4.344413757324219 357
4.356372594833374 357
4.369353771209717 357
4.377774953842163 357
4.386888027191162 357
4.39534854888916 357
4.410015821456909 357
4.4188597202301025 357
4.427254676818848 357
4.436100482940674 357
4.444575786590576 357
4.453031539916992 357
4.462085723876953 357
4.470446825027466 357
4.479095935821533 357
4.487810850143433 357
4.496049642562866 357
4.505289793014526 357
4.515583753585815 357
4.524087905883789 357
4.532210111618042 357
4.540585041046143 357
4.549303293228149 357
4.557555675506592 357
4.567422151565552 357
4.575715065002441 357
4.584993839263916 357
4.593267202377319 357
4.602099895477295 357
4.612850189208984 357
4.620258808135986 357
4.628995895385742 357
4.637814521789551 357
4.64624810218811 357
4.654927968978882 357
4.66499924659729 357
4.6755146980285645 357
4.683842182159424 357
4.692051887512207 357
4.700493574142456 357
4.710100173950195 357
4.719585657119751 357
4.727936267852783 357
4.736863374710083 357
4.745355129241943 357
4.753677129745483 357
4.761865139007568 357
4.772180080413818 357
4.780064821243286 357
4.7885284423828125 357
4.802863359451294 357
4.8119423389434814 357
4.821071147918701 357
4.829569578170776 357
4.8387792110443115 357
4.846895217895508 357
4.855309724807739 357
4.863607406616211 357
4.873553514480591 357
4.881734371185303 357
4.889728307723999 357
4.899317502975464 357
4.908543586730957 357
4.91772198677063 357
4.926028490066528 357
4.935065984725952 357
4.943475008010864 357
4.9517035484313965 357
4.959491729736328 357
4.969532012939453 357
4.977859258651733 357
4.986079931259155 357
4.996039152145386 357
