0 0
0.013743162155151367 0
0.030576229095458984 0
0.0500640869140625 1
0.07042932510375977 7
0.08515167236328125 12
0.09460997581481934 17
0.10377907752990723 21
0.11228370666503906 25
0.12083959579467773 31
0.12924957275390625 36
0.13985562324523926 42
0.14779067039489746 48
0.1560671329498291 53
0.16544055938720703 60
0.17406201362609863 65
0.18246960639953613 72
0.1926562786102295 80
0.20217251777648926 86
0.21059131622314453 93
0.2191481590270996 99
0.22688651084899902 106
0.23619532585144043 112
0.24572348594665527 119
0.2540874481201172 126
0.2626073360443115 134
0.27251338958740234 140
0.2811281681060791 148
0.29186487197875977 156
0.30490684509277344 167
0.31368350982666016 174
0.3224930763244629 180
0.3312208652496338 188
0.3415100574493408 196
0.3499472141265869 203
0.3582487106323242 210
0.3670809268951416 218
0.3758816719055176 224
0.3870985507965088 234
0.39675021171569824 242
0.4060649871826172 249
0.4145393371582031 257
0.42296433448791504 264
0.43178367614746094 270
0.4411497116088867 279
0.4505648612976074 287
0.45914387702941895 294
0.4686777591705322 302
0.4766271114349365 308
0.4860081672668457 315
0.4956340789794922 323
0.5046415328979492 330
0.5129475593566895 336
0.5217900276184082 340
0.5300788879394531 344
0.53920578956604 348
0.548640251159668 352
0.5566396713256836 354
0.5659706592559814 354
0.5749144554138184 355
0.5835449695587158 355
0.5925648212432861 356
0.6025662422180176 356
0.6110796928405762 357
0.6197714805603027 357
0.62711501121521 358
0.636366605758667 358
0.6457958221435547 358
0.6540918350219727 358
0.6623854637145996 358
0.6716129779815674 358
0.6800565719604492 358
0.689166784286499 358
0.7024061679840088 358
0.7109761238098145 358
0.7196402549743652 358
0.7269744873046875 358
0.7363898754119873 359
0.7449069023132324 359
0.7544364929199219 358
0.7626674175262451 358
0.7719089984893799 358
0.780287504196167 358
0.7903885841369629 359
0.8003168106079102 359
0.8085424900054932 358
0.8165097236633301 358
0.8248777389526367 358
0.8344173431396484 358
0.8426737785339355 358
0.8524541854858398 358
0.8617680072784424 359
0.8710441589355469 359
0.8795363903045654 358
0.888383150100708 358
0.898679256439209 358
0.9071316719055176 358
0.9157874584197998 358
0.9241433143615723 358
0.9329800605773926 358
0.9417703151702881 358
0.9509439468383789 358
0.9598798751831055 358
0.968712329864502 358
0.9765019416809082 358
0.986720085144043 358
0.9954848289489746 358
1.005600929260254 358
1.0138297080993652 358
1.0221874713897705 358
1.0311291217803955 358
1.0397615432739258 358
1.0470678806304932 358
1.0566132068634033 358
1.0658748149871826 358
1.0742838382720947 358
1.0825626850128174 358
1.0920236110687256 358
1.1058828830718994 358
1.1142239570617676 358
1.122600793838501 358
1.1318292617797852 358
1.1400692462921143 358
1.1482224464416504 358
1.1568968296051025 358
1.1663868427276611 358
1.1746609210968018 358
1.1830675601959229 358
1.1959683895111084 358
1.2054836750030518 358
1.2136824131011963 358
1.2223200798034668 358
1.2311456203460693 358
1.2398622035980225 358
1.2501611709594727 358
1.2596418857574463 358
1.2682721614837646 358
1.2761507034301758 358
1.285634994506836 358
1.2942535877227783 358
1.307030200958252 358
1.3157126903533936 358
1.3247721195220947 358
1.3337364196777344 358
1.342163324356079 358
1.350452184677124 358
1.3600473403930664 358
1.3687317371368408 358
1.3768761157989502 358
1.386462688446045 358
1.396216869354248 357
1.4049665927886963 357
1.4143788814544678 357
1.4226527214050293 357
1.4317548274993896 357
1.4400677680969238 357
1.4482464790344238 357
1.4560632705688477 357
1.4662249088287354 357
1.474527359008789 357
1.482938528060913 357
1.4922845363616943 357
1.5050654411315918 357
1.5146005153656006 357
1.5231642723083496 357
1.5325844287872314 357
1.5409867763519287 357
1.549466848373413 357
1.5567848682403564 357
1.5667839050292969 357
1.5755615234375 357
1.5847539901733398 357
1.5941481590270996 357
1.602973222732544 357
1.6124627590179443 357
1.6208789348602295 357
1.6300609111785889 357
1.6383090019226074 356
1.6463429927825928 356
1.6546621322631836 356
1.666308879852295 357
1.6791677474975586 357
1.6917285919189453 357
1.704240322113037 356
1.7169861793518066 355
1.7300870418548584 355
1.7416603565216064 356
1.750023365020752 356
1.757800817489624 356
1.7682909965515137 356
1.7760639190673828 356
1.7860560417175293 356
1.7951462268829346 356
1.8041253089904785 356
1.8138444423675537 355
1.8242878913879395 355
1.83302640914917 356
1.8417580127716064 356
1.8501617908477783 356
1.8586716651916504 356
1.8672242164611816 356
1.8759453296661377 356
1.8856914043426514 356
1.894474744796753 356
1.9068851470947266 355
1.915701150894165 355
1.9259836673736572 355
1.9343721866607666 355
1.9428400993347168 355
1.9515397548675537 355
1.9600110054016113 355
1.969461441040039 355
1.9768187999725342 355
1.9863359928131104 355
1.995513677597046 356
2.0038461685180664 355
2.014366388320923 354
2.024054527282715 354
2.032517671585083 354
2.0409536361694336 355
2.0494980812072754 355
2.0582995414733887 356
2.0663297176361084 355
2.0759239196777344 354
2.0850422382354736 354
2.0942776203155518 354
2.102531909942627 354
2.1110758781433105 353
2.1197338104248047 353
2.1296215057373047 354
2.1369991302490234 354
2.1456410884857178 354
2.1539323329925537 354
2.162848949432373 354
2.172304391860962 354
2.1856205463409424 354
2.1943840980529785 354
2.20265531539917 354
2.2118592262268066 354
2.220093250274658 354
2.2301294803619385 354
2.2383005619049072 354
2.2462873458862305 354
2.2545995712280273 353
2.263960838317871 353
2.2722575664520264 354
2.2817344665527344 354
2.291588544845581 354
2.3000645637512207 354
2.3124101161956787 353
2.3218321800231934 353
2.332327127456665 353
2.3405873775482178 354
2.348834991455078 354
2.3569931983947754 354
2.3657548427581787 354
2.3741540908813477 353
2.383793354034424 353
2.3941128253936768 353
2.402373790740967 354
2.410858392715454 354
2.4199624061584473 354
2.4300501346588135 353
2.438293695449829 353
2.4461140632629395 353
2.454399824142456 353
2.4631640911102295 353
2.471745252609253 353
2.481494665145874 354
2.4911084175109863 354
2.499776601791382 353
2.5071048736572266 353
2.515824317932129 353
2.525136709213257 353
2.534392833709717 353
2.5427913665771484 353
2.551245927810669 353
2.5603220462799072 354
2.568584680557251 354
2.576453685760498 353
2.586726188659668 353
2.5957741737365723 352
2.6043832302093506 353
2.6126747131347656 354
2.6224331855773926 354
2.6321046352386475 353
2.640432834625244 352
2.648698568344116 352
2.656890869140625 352
2.665705919265747 352
2.673915147781372 352
2.6831438541412354 353
2.6930081844329834 353
2.7016994953155518 353
2.71392822265625 353
2.7240335941314697 353
2.733214855194092 352
2.741900682449341 352
2.7501392364501953 352
2.758819103240967 352
2.76674485206604 352
2.775137186050415 352
2.7869882583618164 353
2.7956953048706055 352
2.803924560546875 352
2.8122072219848633 352
2.821089744567871 352
2.829815149307251 352
2.8411853313446045 352
2.8496603965759277 352
2.8585681915283203 352
2.8664917945861816 352
2.87488055229187 352
2.8847334384918213 352
2.8940887451171875 352
2.9025847911834717 352
2.910978078842163 352
2.9199039936065674 352
2.9285964965820312 352
2.9371211528778076 352
2.9491114616394043 352
2.9578044414520264 352
2.9661011695861816 352
2.9744009971618652 352
2.9828221797943115 352
2.993049144744873 352
3.001673936843872 352
3.0099306106567383 352
3.0177409648895264 352
3.02659273147583 352
3.0356767177581787 352
3.044889450073242 352
3.0538012981414795 352
3.062164783477783 352
3.07043719291687 352
3.0787031650543213 352
3.0899603366851807 352
3.097797393798828 352
3.1103172302246094 352
3.1194586753845215 352
3.1269047260284424 352
3.136151075363159 352
3.1457138061523438 352
3.1546125411987305 352
3.1628570556640625 352
3.1715481281280518 352
3.179764986038208 352
3.1977155208587646 352
3.206326961517334 352
3.214723587036133 352
3.223705530166626 352
3.2320215702056885 352
3.24210786819458 352
3.2516965866088867 352
3.2601773738861084 352
3.268366813659668 352
3.2761502265930176 352
3.285506010055542 352
3.294705867767334 352
3.3050339221954346 352
3.3140506744384766 351
3.3231749534606934 351
3.337787628173828 351
3.3468878269195557 351
3.356184482574463 352
3.364497661590576 351
3.3727729320526123 351
3.381709098815918 350
3.391547918319702 350
3.4007554054260254 351
3.411231279373169 351
3.420436143875122 351
3.428724765777588 350
3.436574697494507 350
3.4466888904571533 350
3.455683708190918 350
3.463956117630005 351
3.4723339080810547 351
3.480611801147461 351
3.490891695022583 350
3.500330924987793 350
3.5124337673187256 350
3.5217669010162354 350
3.5301544666290283 350
3.5383639335632324 350
3.54724383354187 350
3.5564827919006348 350
3.565040349960327 350
3.5732269287109375 350
3.5825042724609375 350
3.5918285846710205 350
3.601076602935791 350
3.609592914581299 350
3.6178019046783447 350
3.626175880432129 350
3.634446620941162 350
3.6427340507507324 350
3.6530847549438477 350
3.661787271499634 350
3.670184850692749 350
3.6784133911132812 350
3.6884870529174805 350
3.696338415145874 350
3.7058141231536865 350
3.714069128036499 350
3.722956895828247 350
3.731616258621216 350
3.7402760982513428 350
3.7531652450561523 350
3.7645103931427 350
3.7762210369110107 350
3.790498971939087 350
3.803802251815796 350
3.816352367401123 350
3.8285083770751953 350
3.8402328491210938 350
3.853907585144043 349
3.8624629974365234 349
3.8709652423858643 350
3.8792126178741455 350
3.8895246982574463 350
3.896977663040161 349
3.906557083129883 349
3.920289993286133 350
3.9296576976776123 350
3.9370033740997314 350
3.9457602500915527 349
3.956394910812378 349
3.9646947383880615 348
3.972914695739746 348
3.9823954105377197 349
3.991699457168579 349
4.000081777572632 348
4.0095977783203125 348
4.018452167510986 348
4.026297330856323 348
4.03460431098938 348
4.042959928512573 348
4.052325010299683 348
4.062366008758545 348
4.071065425872803 348
4.079847097396851 348
4.088829040527344 348
4.096611261367798 348
4.1062235832214355 348
4.115601301193237 348
4.123826265335083 348
4.132185935974121 348
4.140614986419678 348
4.1497087478637695 348
4.159757375717163 348
4.167064428329468 348
4.1757636070251465 348
4.185581922531128 348
4.19397234916687 348
4.20233941078186 348
4.21234917640686 348
4.220954418182373 348
4.229190826416016 348
4.236766576766968 348
4.246016979217529 348
4.254353761672974 348
4.264341115951538 348
4.272596120834351 348
4.281726121902466 348
4.290941953659058 348
4.299468278884888 348
4.306822299957275 348
4.3220789432525635 348
4.332195281982422 348
4.340994119644165 348
4.35019850730896 348
4.358392953872681 348
4.3669819831848145 348
4.376137018203735 348
4.385583162307739 348
4.393910646438599 348
4.4023284912109375 348
4.412198305130005 348
4.420536756515503 348
4.4287378787994385 348
4.436506032943726 348
4.445658206939697 348
4.454073905944824 348
4.464182376861572 348
4.472519636154175 348
4.4817845821380615 348
4.491535186767578 348
4.499775409698486 348
4.508468389511108 348
4.518585920333862 348
4.526569843292236 348
4.534956455230713 348
4.543942213058472 348
4.552272319793701 348
4.560542345046997 348
4.57053804397583 348
4.580033540725708 348
4.589532852172852 348
4.596884727478027 348
4.605587959289551 348
4.615675210952759 348
4.627245664596558 348
4.636049270629883 348
4.645802974700928 347
4.654266595840454 347
4.662538290023804 347
4.672463655471802 347
4.6817786693573 347
4.690904378890991 347
4.699553966522217 347
4.706990718841553 347
4.721805095672607 347
4.730230808258057 347
4.738431692123413 347
4.747004747390747 347
4.755689382553101 347
4.764266014099121 347
4.773562431335449 346
4.782464504241943 346
4.7925543785095215 347
4.800993204116821 347
4.810023069381714 348
4.819688558578491 347
4.827071905136108 347
4.836742639541626 346
4.8460657596588135 346
4.854391098022461 346
4.862659692764282 346
4.8721091747283936 346
4.8819029331207275 346
4.890961408615112 346
4.899240255355835 346
4.906784296035767 346
4.915760278701782 346
4.924739360809326 346
4.932994365692139 346
4.942384481430054 346
4.950746774673462 346
4.958899974822998 346
4.966732740402222 346
4.977769613265991 346
4.986802101135254 346
4.995198726654053 346
