0 0
0.013395547866821289 0
0.03320646286010742 0
0.049286842346191406 2
0.07392239570617676 8
0.08821487426757812 15
0.09758377075195312 19
0.10612010955810547 24
0.11442327499389648 28
0.12392902374267578 33
0.13326358795166016 39
0.14259696006774902 46
0.15115785598754883 50
0.15857505798339844 56
0.16859078407287598 63
0.1773529052734375 68
0.18590092658996582 76
0.19535207748413086 82
0.20426297187805176 89
0.21319246292114258 95
0.22156739234924316 101
0.2301778793334961 109
0.23980379104614258 117
0.24786901473999023 121
0.2562401294708252 129
0.26623082160949707 137
0.2746093273162842 144
0.28331518173217773 150
0.29269838333129883 158
0.30206942558288574 166
0.3104410171508789 172
0.3183929920196533 179
0.3272101879119873 185
0.33644652366638184 193
0.3459930419921875 202
0.35448646545410156 208
0.36397242546081543 216
0.3733253479003906 223
0.3818328380584717 229
0.3914206027984619 238
0.400341272354126 246
0.408203125 252
0.4166743755340576 258
0.4255080223083496 264
0.43535566329956055 271
0.4446859359741211 278
0.45343732833862305 283
0.4633781909942627 288
0.47750139236450195 295
0.48611974716186523 300
0.4962284564971924 304
0.5046732425689697 307
0.513394832611084 310
0.5218126773834229 312
0.5316381454467773 316
0.5398354530334473 319
0.5485751628875732 322
0.5572757720947266 324
0.567119836807251 326
0.5753753185272217 328
0.5838539600372314 328
0.5923562049865723 330
0.602543830871582 333
0.6111164093017578 336
0.6185646057128906 338
0.6278347969055176 339
0.6371028423309326 340
0.6464841365814209 340
0.6546714305877686 340
0.663975715637207 341
0.6733362674713135 342
0.6817209720611572 344
0.6900386810302734 346
0.7002294063568115 347
0.708052396774292 348
0.716468095779419 348
0.7252538204193115 348
0.7342040538787842 348
0.7430541515350342 349
0.7523629665374756 351
0.761563777923584 352
0.7703866958618164 353
0.7781734466552734 353
0.7869675159454346 353
0.7957301139831543 352
0.8047828674316406 353
0.8133752346038818 354
0.8217940330505371 355
0.8311352729797363 356
0.8385231494903564 356
0.8472988605499268 356
0.8565490245819092 357
0.8670556545257568 357
0.8787417411804199 357
0.8875210285186768 357
0.8964753150939941 357
0.9061117172241211 357
0.9143104553222656 358
0.9231460094451904 358
0.9320731163024902 358
0.9412178993225098 358
0.9485177993774414 357
0.9580104351043701 357
0.9679675102233887 357
0.9784543514251709 358
0.9872920513153076 358
0.9962997436523438 358
1.0057780742645264 358
1.0139830112457275 358
1.0225510597229004 358
1.0314064025878906 358
1.0386950969696045 358
1.047797679901123 358
1.0572738647460938 358
1.067183017730713 358
1.075376272201538 358
1.0838348865509033 358
1.09311842918396 358
1.1014282703399658 358
1.1104364395141602 358
1.1181819438934326 358
1.1274957656860352 358
1.1357827186584473 358
1.1445813179016113 358
1.1539263725280762 358
1.163231611251831 358
1.1723756790161133 358
1.1806471347808838 358
1.188197374343872 358
1.1972932815551758 358
1.206589698791504 358
1.2146868705749512 358
1.2233259677886963 358
1.2322866916656494 358
1.2403719425201416 358
1.2485930919647217 358
1.259336233139038 358
1.2725460529327393 358
1.2843782901763916 358
1.2931451797485352 358
1.3015472888946533 358
1.3106861114501953 358
1.3185772895812988 358
1.3283226490020752 358
1.336733102798462 358
1.344764232635498 358
1.3539798259735107 358
1.3634121417999268 358
1.3726234436035156 358
1.3816702365875244 358
1.3944308757781982 358
1.4056875705718994 358
1.418743371963501 358
1.4312365055084229 358
1.4427237510681152 358
1.454784631729126 358
1.4684882164001465 358
1.4775750637054443 358
1.4858472347259521 358
1.4940791130065918 358
1.5026345252990723 358
1.5120716094970703 358
1.5202622413635254 358
1.5280413627624512 358
1.5364537239074707 358
1.544579267501831 358
1.5532090663909912 358
1.5632014274597168 358
1.5724036693572998 358
1.5806608200073242 358
1.5882182121276855 358
1.5965993404388428 358
1.6047124862670898 358
1.6142065525054932 358
1.6230885982513428 357
1.6314847469329834 357
1.6393139362335205 357
1.6475822925567627 357
1.655818223953247 357
1.6655666828155518 357
1.6781206130981445 357
1.687896490097046 357
1.6963059902191162 357
1.7056117057800293 357
1.7147362232208252 357
1.7233636379241943 357
1.7315764427185059 357
1.7403666973114014 357
1.748304843902588 357
1.7567172050476074 357
1.7671198844909668 357
1.775514841079712 357
1.7838287353515625 357
1.7920818328857422 357
1.8003230094909668 357
1.8082575798034668 357
1.8177659511566162 357
1.8260471820831299 357
1.8346846103668213 357
1.843291997909546 357
1.8515665531158447 357
1.8597495555877686 357
1.8721039295196533 357
1.8803021907806396 357
1.8881211280822754 357
1.89644455909729 357
1.906130313873291 357
1.9142858982086182 357
1.9239234924316406 357
1.9323010444641113 357
1.9403729438781738 357
1.948150873184204 357
1.9571177959442139 357
1.9673471450805664 357
1.9756205081939697 357
1.9840319156646729 357
1.992408037185669 357
2.000666856765747 357
2.010449171066284 357
2.020350456237793 357
2.028127431869507 357
2.036600351333618 357
2.045279026031494 357
2.0539982318878174 357
2.062448501586914 357
2.0733842849731445 356
2.086493968963623 356
2.095022678375244 357
2.1039276123046875 357
2.112306594848633 357
2.122271776199341 357
2.130347728729248 356
2.1382665634155273 356
2.1470155715942383 356
2.155261516571045 356
2.163785219192505 356
2.1737818717956543 356
2.1820669174194336 356
2.19026517868042 356
2.198052167892456 356
2.206411361694336 356
2.2155325412750244 356
2.224705457687378 356
2.2333619594573975 356
2.241628408432007 356
2.2503600120544434 356
2.2581493854522705 356
2.2737622261047363 356
2.2823588848114014 356
2.2904069423675537 356
2.2983367443084717 356
2.306725025177002 356
2.314758539199829 356
2.3242428302764893 356
2.3326680660247803 356
2.3412797451019287 356
2.34857177734375 356
2.3572168350219727 356
2.366109609603882 356
2.3759846687316895 356
2.384310722351074 356
2.3927407264709473 356
2.4013309478759766 356
2.40863299369812 356
2.4200336933135986 356
2.428741455078125 356
2.4374566078186035 356
2.445645332336426 356
2.4539074897766113 356
2.4625844955444336 356
2.4717886447906494 356
2.485333204269409 355
2.4938979148864746 355
2.5024707317352295 356
2.511054277420044 356
2.518406629562378 356
2.5280449390411377 356
2.5362865924835205 355
2.5446224212646484 355
2.553440570831299 355
2.5616652965545654 355
2.5709924697875977 355
2.58003830909729 355
2.588662624359131 355
2.597299575805664 355
2.6054928302764893 354
2.6139578819274902 354
2.622288227081299 354
2.6315548419952393 355
2.6398463249206543 355
2.6478381156921387 355
2.656250476837158 354
2.6646108627319336 354
2.673919439315796 354
2.6840507984161377 354
2.6924726963043213 355
2.7012507915496826 355
2.7085464000701904 354
2.7172751426696777 354
2.725517988204956 354
2.7345938682556152 354
2.749328374862671 354
2.761370897293091 354
2.7702414989471436 353
2.7781944274902344 353
2.7880594730377197 354
2.7965102195739746 354
2.804630756378174 355
2.813542366027832 354
2.822054386138916 354
2.8315396308898926 354
2.8393845558166504 354
2.847571611404419 354
2.8558294773101807 354
2.8640637397766113 354
2.8739092350006104 354
2.887598991394043 354
2.8960134983062744 354
2.9045214653015137 354
2.9132864475250244 354
2.921750068664551 354
2.931164503097534 354
2.9402379989624023 353
2.948317050933838 353
2.9567348957061768 354
2.965562105178833 354
2.9743573665618896 354
2.9837753772735596 354
2.9931702613830566 353
3.001586437225342 353
3.0093774795532227 353
3.0175654888153076 354
3.0260016918182373 354
3.0355074405670166 353
3.0439066886901855 353
3.052382469177246 352
3.0611557960510254 353
3.070260763168335 354
3.078270435333252 354
3.0877511501312256 354
3.096538782119751 354
3.104623794555664 354
3.113262176513672 354
3.1216485500335693 354
3.1297576427459717 353
3.1385254859924316 353
3.1472041606903076 353
3.1553683280944824 353
3.1638646125793457 354
3.173327922821045 354
3.1818134784698486 353
3.191300392150879 353
3.19985294342041 353
3.2077577114105225 353
3.216019868850708 354
3.2245116233825684 354
3.2331912517547607 353
3.242673635482788 352
3.251227378845215 352
3.258549690246582 353
3.274355173110962 354
3.2916202545166016 354
3.3060543537139893 352
3.314545154571533 351
3.3243284225463867 350
3.3339791297912598 350
3.343480110168457 351
3.351929187774658 352
3.3614091873168945 352
3.3703675270080566 352
3.378161907196045 351
3.388593912124634 351
3.398014783859253 351
3.406306028366089 351
3.4145147800445557 352
3.4243955612182617 352
3.433499574661255 352
3.4434542655944824 352
3.452070474624634 352
3.461535692214966 351
3.4738917350769043 351
3.4869866371154785 352
3.503122091293335 354
3.5144941806793213 354
3.52569317817688 352
3.5374441146850586 351
3.551246166229248 350
3.5620603561401367 351
3.5753684043884277 352
3.5879952907562256 353
3.6018574237823486 351
3.6135900020599365 350
3.6244845390319824 349
3.633206367492676 350
3.6415891647338867 350
3.651090621948242 350
3.658381462097168 350
3.6678292751312256 350
3.676180124282837 350
3.688755512237549 351
3.698467969894409 352
3.7079548835754395 352
3.716428756713867 351
3.7252728939056396 350
3.7337698936462402 349
3.7421538829803467 350
3.7517354488372803 350
3.7599496841430664 351
3.768646001815796 351
3.777371406555176 351
3.7857773303985596 351
3.7940425872802734 350
3.803692102432251 350
3.8126137256622314 351
3.821246385574341 352
3.8286235332489014 352
3.837324857711792 352
3.845893383026123 350
3.855530023574829 350
3.863848924636841 351
3.874107837677002 352
3.8834269046783447 352
3.892465114593506 352
3.9034922122955322 351
3.9125213623046875 350
3.921811103820801 350
3.9299416542053223 351
3.937910795211792 352
3.9462976455688477 352
3.9558024406433105 352
3.964736223220825 351
3.97409725189209 350
3.9834253787994385 350
3.9916906356811523 351
4.001166105270386 352
4.0086445808410645 352
4.017741680145264 352
4.026146411895752 351
4.034530401229858 351
4.043236017227173 351
4.052507400512695 351
4.061000347137451 351
4.071231365203857 351
4.078555107116699 351
4.091901779174805 351
4.100123882293701 351
4.110182046890259 351
4.118683815002441 351
4.127334117889404 351
4.135587930679321 351
4.1445348262786865 351
4.154108047485352 351
4.162513017654419 351
4.17214298248291 351
4.180355548858643 351
4.188128232955933 351
4.196425199508667 351
4.206714391708374 351
4.214764833450317 351
4.223917484283447 351
4.232357978820801 351
4.2413201332092285 351
4.248602628707886 351
4.258111000061035 351
4.2677693367004395 351
4.276595115661621 351
4.284753084182739 351
4.293398141860962 351
4.301666498184204 351
4.312034606933594 351
4.321276426315308 350
4.32872462272644 351
4.339332342147827 351
4.3475306034088135 351
4.357274770736694 351
4.366148471832275 351
4.374546766281128 350
4.383543252944946 350
4.391809463500977 350
4.400410175323486 351
4.411417245864868 351
4.419266700744629 351
4.428062677383423 351
4.436551570892334 350
4.445072889328003 350
4.453433513641357 350
4.46259617805481 350
4.471888303756714 350
4.480061769485474 350
4.492456912994385 350
4.501171350479126 350
4.510243654251099 349
4.518316030502319 349
4.527418613433838 350
4.5358192920684814 350
4.545218229293823 350
4.553964138031006 349
4.563738822937012 349
4.573045969009399 349
4.581296682357788 349
4.5902369022369385 350
4.59808349609375 350
4.606297254562378 350
4.615641355514526 349
4.625709772109985 349
4.634121656417847 349
4.643168926239014 350
4.6516335010528564 350
4.661713600158691 350
4.671144008636475 350
4.678453683853149 350
4.687873125076294 350
4.696276426315308 349
4.704490423202515 349
4.714004278182983 350
4.72327184677124 350
4.732026815414429 350
4.740261554718018 349
4.748303651809692 349
4.75771427154541 348
4.7686543464660645 350
4.777440547943115 350
4.786043167114258 350
4.79429030418396 350
4.803154945373535 349
4.811624050140381 349
4.82157826423645 348
4.829816818237305 349
4.837597370147705 349
4.84589147567749 350
4.855274677276611 350
4.866108417510986 349
4.874546766281128 348
4.883328437805176 348
4.897149562835693 349
4.905733346939087 350
4.9171226024627686 350
4.926669120788574 350
4.93505859375 349
4.944061756134033 348
4.953608751296997 348
4.961914777755737 348
4.971863269805908 349
4.980250120162964 349
4.989350080490112 349
4.997529745101929 349
