0 0
0.025232791900634766 0
0.05496954917907715 0
0.08277750015258789 5
0.11339449882507324 16
0.14498090744018555 33
0.1694490909576416 48
0.19777679443359375 72
0.2196650505065918 84
0.23978829383850098 102
0.25931215286254883 114
0.2777268886566162 131
0.296187162399292 146
0.31626009941101074 162
0.33370089530944824 177
0.35561561584472656 191
0.3742806911468506 209
0.3934638500213623 225
0.41504764556884766 240
0.4362010955810547 259
0.4621007442474365 281
0.47960472106933594 293
0.49899840354919434 307
0.5201797485351562 323
0.5420515537261963 335
0.5616676807403564 341
0.579265832901001 343
0.5962698459625244 343
0.615748405456543 344
0.6372537612915039 349
0.6577370166778564 357
0.6750996112823486 360
0.6836087703704834 361
0.6930100917816162 361
0.7003228664398193 361
0.7100677490234375 360
0.7197408676147461 360
0.7297227382659912 359
0.7381644248962402 360
0.7464213371276855 361
0.7817637920379639 358
0.7992653846740723 354
0.816474199295044 350
0.8360428810119629 350
0.8531928062438965 352
0.870042085647583 356
0.8916373252868652 358
0.9121353626251221 355
0.9451141357421875 349
0.9711198806762695 349
0.999504566192627 356
1.024686336517334 363
1.039792537689209 367
1.0595111846923828 368
1.0778427124023438 364
1.0988636016845703 359
1.113295078277588 356
1.1342957019805908 356
1.1552300453186035 359
1.1703033447265625 362
1.1903095245361328 362
1.2202775478363037 357
1.2395873069763184 354
1.2618424892425537 354
1.2777690887451172 357
1.3009910583496094 360
1.323502540588379 359
1.340428352355957 355
1.3619654178619385 351
1.3796498775482178 352
1.4034655094146729 356
1.4315638542175293 360
1.4497065544128418 359
1.4681553840637207 355
1.4894812107086182 354
1.509563684463501 357
1.5350041389465332 363
1.5549988746643066 366
1.5721352100372314 365
1.5902481079101562 361
1.6080083847045898 357
1.6317543983459473 356
1.6503486633300781 359
1.668152093887329 362
1.6879675388336182 362
1.715683937072754 357
1.741572618484497 352
1.7651262283325195 351
1.7797236442565918 352
1.7987604141235352 356
1.8189961910247803 358
1.8352289199829102 357
1.8549647331237793 355
1.8716161251068115 354
1.88824462890625 356
1.911754846572876 359
1.9303653240203857 359
1.9503943920135498 356
1.9702754020690918 353
1.9901933670043945 352
2.0100531578063965 355
2.0298805236816406 359
2.049748182296753 361
2.068852186203003 359
2.0931012630462646 353
2.1248972415924072 350
2.1415700912475586 353
2.158235549926758 357
2.1777851581573486 359
2.196993350982666 358
2.2156178951263428 354
2.2337722778320312 353
2.2553446292877197 354
2.2737314701080322 359
2.287837266921997 361
2.3232622146606445 358
2.3404080867767334 353
2.371674060821533 347
2.392970085144043 349
2.4128832817077637 354
2.4350781440734863 358
2.4501893520355225 357
2.468942642211914 355
2.4889230728149414 352
2.5059432983398438 353
2.536254644393921 359
2.556006908416748 363
2.5733532905578613 364
2.5954689979553223 361
2.6132664680480957 356
2.6347715854644775 353
2.6499550342559814 354
2.670988082885742 357
2.6900172233581543 361
2.715130090713501 359
2.735578775405884 354
2.753129482269287 351
2.7717056274414062 353
2.795280694961548 358
2.8144516944885254 360
2.835622549057007 359
2.8551652431488037 355
2.875307083129883 353
2.893160581588745 354
2.9262962341308594 357
2.9478602409362793 354
2.969071865081787 350
2.9880876541137695 347
3.0150210857391357 350
3.041590929031372 357
3.0676627159118652 362
3.0948121547698975 359
3.1118528842926025 354
3.13492751121521 351
3.149961233139038 352
3.169501781463623 355
3.1887190341949463 359
3.206101417541504 359
3.224451780319214 355
3.2435662746429443 353
3.265338182449341 352
3.285074472427368 355
3.302147150039673 359
3.329681396484375 358
3.3473002910614014 355
3.3693273067474365 351
3.3888049125671387 351
3.405946731567383 354
3.428205966949463 359
3.44728946685791 361
3.4636826515197754 359
3.485196590423584 355
3.5018081665039062 353
3.525707483291626 353
3.5533132553100586 360
3.565025806427002 362
3.5852456092834473 362
3.601875066757202 359
3.623189926147461 355
3.6436800956726074 351
3.6628897190093994 351
3.6833133697509766 354
3.6994450092315674 358
3.725865364074707 358
3.7460806369781494 354
3.766113042831421 351
3.7841553688049316 350
3.8042805194854736 353
3.8320682048797607 361
3.858137369155884 365
3.8764820098876953 364
3.8961970806121826 361
3.915738821029663 356
3.9351296424865723 355
3.9540579319000244 355
3.9737448692321777 359
3.994382619857788 360
4.013732433319092 357
4.033736705780029 353
4.0516438484191895 351
4.067573547363281 353
4.086095571517944 357
4.105693340301514 359
4.142961025238037 354
4.174195289611816 340
4.1974382400512695 337
4.221949577331543 336
4.239674806594849 339
4.258902311325073 345
4.278948545455933 351
4.298690319061279 353
4.3143310546875 353
4.333587408065796 351
4.352870225906372 350
4.370332479476929 351
4.389421701431274 353
4.406165838241577 356
4.426458835601807 355
4.446378707885742 352
4.469833612442017 348
4.497579336166382 349
4.523587465286255 354
4.546104192733765 359
4.564128637313843 357
4.585457801818848 353
4.600299119949341 350
4.621737480163574 349
4.638161897659302 352
4.65775990486145 357
4.678267002105713 358
4.698993682861328 356
4.716294765472412 352
4.7436394691467285 351
4.760035514831543 352
4.779270887374878 355
4.798098802566528 357
4.819531202316284 354
4.838689565658569 350
4.858365297317505 348
4.879306316375732 350
4.8963072299957275 355
4.914305925369263 357
4.941895246505737 354
4.958435773849487 350
4.978441476821899 347
4.9974751472473145 347
