0 0
0.019602060317993164 0
0.036275625228881836 0
0.0541384220123291 3
0.07380795478820801 7
0.08898115158081055 13
0.09738039970397949 17
0.10529518127441406 21
0.11446547508239746 26
0.12330198287963867 30
0.131852388381958 36
0.14162158966064453 41
0.15141725540161133 48
0.15982747077941895 53
0.1692183017730713 60
0.17803287506103516 67
0.18752169609069824 73
0.19593572616577148 80
0.20438814163208008 86
0.2138829231262207 91
0.22236108779907227 99
0.23114800453186035 105
0.2414233684539795 113
0.24984025955200195 119
0.2585620880126953 127
0.26722025871276855 135
0.27628231048583984 141
0.2841806411743164 148
0.2939462661743164 154
0.3031651973724365 162
0.3125174045562744 170
0.32119297981262207 177
0.32973790168762207 183
0.33988070487976074 191
0.34866833686828613 199
0.3572852611541748 206
0.3652477264404297 213
0.37410926818847656 221
0.3826594352722168 227
0.39238905906677246 235
0.4018235206604004 244
0.410520076751709 257
0.42800307273864746 265
0.4391610622406006 273
0.44927525520324707 282
0.4591987133026123 290
0.46866893768310547 298
0.4796731472015381 307
0.4882180690765381 315
0.49761176109313965 321
0.5073463916778564 330
0.5170490741729736 338
0.5245351791381836 344
0.5353131294250488 351
0.5444409847259521 357
0.5532147884368896 361
0.5616261959075928 363
0.5704727172851562 367
0.5792479515075684 368
0.5883877277374268 369
0.5978014469146729 369
0.6070923805236816 369
0.6159300804138184 367
0.6238110065460205 366
0.6331009864807129 364
0.6414270401000977 362
0.6510441303253174 361
0.6595256328582764 360
0.6683905124664307 360
0.6766908168792725 360
0.6842494010925293 361
0.6934981346130371 361
0.7035832405090332 360
0.7131969928741455 359
0.7214789390563965 359
0.7297964096069336 359
0.739067554473877 359
0.7482912540435791 359
0.7563247680664062 359
0.7641222476959229 359
0.7732176780700684 359
0.7815866470336914 360
0.7903411388397217 360
0.8003957271575928 360
0.8091888427734375 359
0.8219759464263916 359
0.8304774761199951 359
0.8397653102874756 359
0.8493118286132812 359
0.8575375080108643 359
0.8663578033447266 359
0.8741528987884521 359
0.882519006729126 359
0.8916690349578857 359
0.9017307758331299 359
0.9100651741027832 359
0.919487714767456 359
0.9277288913726807 359
0.9366023540496826 359
0.9442172050476074 359
0.9539036750793457 359
0.9622113704681396 359
0.9714462757110596 359
0.9797792434692383 359
0.9880115985870361 359
0.9962408542633057 359
1.0062017440795898 359
1.016078233718872 359
1.0238566398620605 359
1.0331273078918457 359
1.0436599254608154 359
1.0532455444335938 359
1.0614652633666992 359
1.0704774856567383 359
1.0791094303131104 359
1.0873827934265137 359
1.0960519313812256 359
1.1058173179626465 359
1.1143357753753662 359
1.1229767799377441 359
1.1319785118103027 359
1.1402196884155273 359
1.148646354675293 359
1.1579458713531494 359
1.1671357154846191 359
1.174433708190918 359
1.18306565284729 359
1.1914300918579102 359
1.2003288269042969 359
1.2098369598388672 359
1.2230329513549805 359
1.2318909168243408 359
1.2402405738830566 359
1.249232292175293 359
1.2585465908050537 359
1.267662763595581 359
1.275841236114502 359
1.2836434841156006 359
1.2919316291809082 359
1.3006494045257568 359
1.3104736804962158 359
1.3196332454681396 359
1.3279223442077637 359
1.3371100425720215 359
1.3444037437438965 359
1.3530547618865967 359
1.363046407699585 359
1.3714852333068848 359
1.3797860145568848 359
1.3880655765533447 359
1.3971672058105469 359
1.40580415725708 359
1.4196524620056152 359
1.4290802478790283 359
1.437345027923584 359
1.4446253776550293 359
1.453294277191162 359
1.4631121158599854 359
1.4712886810302734 359
1.4797353744506836 359
1.488304615020752 359
1.4975268840789795 359
1.5062956809997559 359
1.516624927520752 359
1.5241999626159668 359
1.5335698127746582 359
1.5418236255645752 359
1.551506519317627 359
1.561730146408081 359
1.5699915885925293 359
1.5784199237823486 359
1.586674690246582 359
1.5957310199737549 359
1.6035270690917969 359
1.6143617630004883 359
1.6277148723602295 359
1.635873556137085 359
1.643803358078003 359
1.6521806716918945 359
1.6621317863464355 359
1.6705541610717773 359
1.6791813373565674 359
1.688058614730835 359
1.7000195980072021 359
1.7128961086273193 359
1.7239303588867188 359
1.7365591526031494 359
1.7478396892547607 359
1.7586784362792969 359
1.7706444263458252 359
1.7793552875518799 359
1.7877490520477295 359
1.7965669631958008 359
1.8041954040527344 359
1.8153178691864014 359
1.8235845565795898 359
1.832360029220581 359
1.8405108451843262 359
1.849280834197998 359
1.857529640197754 359
1.867487907409668 359
1.875251054763794 359
1.8834784030914307 359
1.8924880027770996 359
1.9015412330627441 359
1.909961223602295 359
1.9200680255889893 358
1.9290180206298828 358
1.937293529510498 359
1.9446642398834229 359
1.953500747680664 359
1.9623374938964844 359
1.9718348979949951 358
1.980165719985962 358
1.9886102676391602 358
1.99766206741333 358
2.007603168487549 358
2.0224244594573975 358
2.031923294067383 358
2.040255069732666 358
2.049016237258911 358
2.0584309101104736 358
2.069373607635498 358
2.077756404876709 358
2.0859243869781494 358
2.094250440597534 358
2.1029157638549805 358
2.111309766769409 358
2.123004198074341 358
2.1319222450256348 358
2.1401705741882324 358
2.1490023136138916 358
2.157719850540161 358
2.165937662124634 358
2.174556016921997 358
2.183201313018799 358
2.1921145915985107 358
2.200347900390625 358
2.209178924560547 358
2.21832537651062 358
2.229182004928589 358
2.237440586090088 358
2.245201826095581 358
2.2534186840057373 358
2.2620227336883545 358
2.2703680992126465 357
2.2799460887908936 357
2.288390874862671 358
2.297551393508911 358
2.305725336074829 358
2.3143227100372314 358
2.3243823051452637 357
2.3332293033599854 357
2.3416049480438232 357
2.3498661518096924 358
2.3591835498809814 358
2.3675243854522705 358
2.376913070678711 358
2.384246826171875 357
2.3937249183654785 357
2.402050495147705 357
2.4177281856536865 358
2.4336302280426025 359
2.442183494567871 359
2.4506640434265137 359
2.4597792625427246 358
2.4692091941833496 357
2.479085922241211 357
2.4874935150146484 358
2.4962737560272217 359
2.5044660568237305 359
2.514094591140747 358
2.523467779159546 357
2.5361168384552 356
2.5440008640289307 356
2.5523574352264404 357
2.561040163040161 357
2.569697141647339 357
2.5792407989501953 358
2.5875189304351807 357
2.5962941646575928 357
2.6041853427886963 357
2.6136226654052734 357
2.6225225925445557 358
2.632979154586792 358
2.641205310821533 357
2.64957594871521 357
2.6586647033691406 357
2.6671266555786133 357
2.6744489669799805 357
2.683992624282837 357
2.693406343460083 357
2.701627254486084 357
2.7098774909973145 357
2.7193143367767334 357
2.7283265590667725 357
2.7375636100769043 357
2.7457497119903564 357
2.7542991638183594 357
2.7629687786102295 357
2.7712011337280273 357
2.7804160118103027 357
2.789557695388794 356
2.7979230880737305 356
2.806163787841797 357
2.8156847953796387 357
2.8295373916625977 357
2.8395774364471436 356
2.848031759262085 355
2.857513904571533 355
2.865762710571289 357
2.873791456222534 357
2.883225440979004 357
2.8920390605926514 357
2.9002296924591064 357
2.908677339553833 357
2.9179887771606445 357
2.927398681640625 357
2.9373433589935303 357
2.944676160812378 357
2.953758955001831 357
2.962056875228882 358
2.9703662395477295 358
2.9790849685668945 357
2.989189386367798 357
2.9975056648254395 357
3.0057008266448975 357
3.0158307552337646 357
3.024160623550415 356
3.032597780227661 356
3.043363332748413 357
3.062140703201294 357
3.0718441009521484 357
3.0801455974578857 357
3.0899953842163086 357
3.098449230194092 357
3.107012987136841 357
3.115999937057495 357
3.124375104904175 357
3.133068561553955 356
3.1421988010406494 356
3.1503798961639404 356
3.1596896648406982 357
3.1682870388031006 357
3.1765716075897217 357
3.1841862201690674 357
3.194121837615967 356
3.202481985092163 356
3.210970640182495 357
3.220588445663452 357
3.2333033084869385 357
3.2426531314849854 356
3.2517943382263184 355
3.2601304054260254 355
3.2685978412628174 356
3.2771663665771484 357
3.285980224609375 357
3.295260429382324 357
3.3038480281829834 356
3.3132822513580322 356
3.322359085083008 356
3.330516815185547 356
3.3458690643310547 357
3.354414463043213 357
3.363123893737793 357
3.3713996410369873 357
3.379840850830078 356
3.390002965927124 356
3.3984780311584473 356
3.4071037769317627 357
3.416276693344116 357
3.4244930744171143 357
3.433150291442871 357
3.442399740219116 356
3.451680898666382 356
3.459990978240967 356
3.468564033508301 356
3.477095365524292 356
3.485835313796997 357
3.4957361221313477 357
3.5035946369171143 357
3.5131995677948 356
3.5219712257385254 356
3.530456304550171 356
3.53916597366333 357
3.550123453140259 357
3.56012225151062 356
3.5686395168304443 356
3.577211380004883 355
3.585768938064575 355
3.59452748298645 356
3.6032180786132812 357
3.612391710281372 357
3.62142276763916 356
3.63413405418396 355
3.6437442302703857 355
3.6532037258148193 355
3.6620538234710693 356
3.6703944206237793 356
3.6791820526123047 357
3.688196897506714 357
3.6976394653320312 356
3.705871105194092 355
3.7145423889160156 355
3.723522424697876 355
3.7318263053894043 356
3.74013352394104 357
3.7501659393310547 357
3.7612013816833496 356
3.7712912559509277 355
3.783372640609741 354
3.796704053878784 355
3.8083605766296387 356
3.8220274448394775 358
3.833846092224121 358
3.8452160358428955 357
3.859724283218384 355
3.871196746826172 355
3.881408214569092 355
3.890174388885498 355
3.899883508682251 356
3.909069061279297 357
3.9191770553588867 357
3.927489995956421 357
3.935764789581299 355
3.9440605640411377 355
3.9542672634124756 355
3.9630000591278076 356
3.9712650775909424 356
3.9796831607818604 357
3.98974871635437 356
3.9985783100128174 355
4.00854229927063 355
4.019886255264282 355
4.032368183135986 356
4.040993690490723 356
4.050619840621948 357
4.061227798461914 356
4.069791316986084 355
4.078283309936523 355
4.0873963832855225 355
4.09524393081665 355
4.104377508163452 355
4.114196062088013 356
4.1229407787323 356
4.13142728805542 355
4.139773607254028 355
4.149029970169067 355
4.158422231674194 355
4.166646242141724 355
4.174237251281738 355
4.183646202087402 356
4.192094802856445 355
4.200396537780762 355
4.2099385261535645 355
4.220177888870239 355
4.22861647605896 355
4.237086772918701 355
4.244412660598755 356
4.254278659820557 356
4.262990474700928 356
4.271840572357178 355
4.281299114227295 355
4.289822101593018 355
4.2982025146484375 355
4.307763576507568 355
4.3172242641448975 355
4.324548006057739 355
4.333183288574219 355
4.341443061828613 355
4.3503217697143555 355
4.359857082366943 355
4.368494272232056 355
4.377013206481934 355
4.385771751403809 355
4.393556594848633 355
4.401886463165283 355
4.413112640380859 355
4.4215428829193115 355
4.433748722076416 355
4.442126750946045 355
4.451480150222778 355
4.460617780685425 355
4.469260931015015 355
4.4793455600738525 355
4.487905025482178 355
4.496120929718018 355
4.503936052322388 355
4.5146801471710205 355
4.523373126983643 355
4.531678676605225 355
4.539924621582031 355
4.5498881340026855 355
4.559282302856445 355
4.568315029144287 355
4.579468727111816 355
4.587742805480957 355
4.5959413051605225 355
4.603764295578003 355
4.615251302719116 355
4.623468399047852 355
4.631792068481445 355
4.640092372894287 355
4.64933705329895 355
4.657578468322754 355
4.667233943939209 355
4.674531936645508 355
4.684017658233643 355
4.692370414733887 355
4.701564311981201 355
4.709917783737183 355
4.720210790634155 355
4.729166746139526 355
4.738387107849121 355
4.7475221157073975 355
4.75569486618042 355
4.764378547668457 355
4.773051977157593 355
4.7823872566223145 355
4.790709495544434 355
4.799352407455444 355
4.807755947113037 355
4.818422555923462 355
4.830297946929932 355
4.839121341705322 355
4.848514080047607 355
4.857152223587036 355
4.867741107940674 355
4.8772218227386475 355
4.886223077774048 355
4.894069194793701 355
4.904015064239502 355
4.9161834716796875 355
4.924055814743042 355
4.932380199432373 355
4.941807508468628 355
4.950438022613525 355
4.95912504196167 355
4.9685890674591064 355
4.977554798126221 355
4.986170530319214 355
4.993967056274414 355
