0 0
0.012972593307495117 0
0.03142595291137695 0
0.049155235290527344 2
0.06798076629638672 5
0.08521056175231934 13
0.09655642509460449 18
0.10448551177978516 22
0.1153714656829834 27
0.12398815155029297 32
0.13224077224731445 36
0.14244890213012695 43
0.1508316993713379 49
0.1592574119567871 55
0.16771197319030762 60
0.17546868324279785 66
0.18411684036254883 72
0.19346094131469727 79
0.20244598388671875 85
0.21236729621887207 92
0.2206707000732422 98
0.22918462753295898 106
0.2373979091644287 112
0.2473757266998291 120
0.25496745109558105 126
0.26329684257507324 132
0.27286219596862793 140
0.2811145782470703 146
0.28985023498535156 153
0.2998647689819336 161
0.3087806701660156 169
0.3181803226470947 175
0.3259751796722412 182
0.3344266414642334 188
0.348646879196167 201
0.3569040298461914 208
0.36500000953674316 214
0.3744170665740967 221
0.38269495964050293 229
0.39110684394836426 236
0.401050329208374 244
0.41005945205688477 250
0.4193263053894043 259
0.4277493953704834 265
0.4351530075073242 272
0.4443387985229492 280
0.45395541191101074 287
0.46222591400146484 294
0.4710862636566162 302
0.4797816276550293 308
0.48813533782958984 315
0.4954395294189453 324
0.5067055225372314 333
0.5194745063781738 342
0.5279624462127686 348
0.5351536273956299 355
0.5440120697021484 362
0.5531280040740967 369
0.561241865158081 375
0.5705585479736328 380
0.5788230895996094 385
0.5870778560638428 388
0.5948805809020996 390
0.6054644584655762 393
0.6149625778198242 394
0.6260662078857422 394
0.6344509124755859 394
0.643153190612793 392
0.6525840759277344 390
0.6608424186706543 388
0.6700313091278076 385
0.6782920360565186 382
0.68648362159729 378
0.6944806575775146 374
0.704444169998169 369
0.7141544818878174 364
0.7223031520843506 359
0.7305507659912109 354
0.7394945621490479 348
0.7537839412689209 344
0.7620880603790283 341
0.7711174488067627 339
0.7798058986663818 338
0.7880134582519531 338
0.7953062057495117 338
0.805107593536377 340
0.8151898384094238 342
0.8238382339477539 344
0.8320934772491455 347
0.8410243988037109 351
0.8494069576263428 355
0.8586711883544922 360
0.8667774200439453 363
0.8750343322753906 366
0.8837172985076904 368
0.8919937610626221 370
0.900353193283081 371
0.9105451107025146 372
0.9222559928894043 371
0.9312622547149658 370
0.9406466484069824 368
0.948824405670166 365
0.9582154750823975 362
0.9654109477996826 358
0.9753363132476807 355
0.9839186668395996 352
0.9922304153442383 350
1.0011391639709473 348
1.0106701850891113 346
1.020604133605957 346
1.0299768447875977 347
1.0400934219360352 348
1.0484611988067627 350
1.0577895641326904 353
1.0650367736816406 355
1.0740783214569092 358
1.082231044769287 360
1.0904135704040527 362
1.0986080169677734 364
1.108445644378662 364
1.1179378032684326 364
1.1251299381256104 364
1.134430170059204 363
1.147083044052124 360
1.1605486869812012 357
1.172478437423706 354
1.1832315921783447 352
1.1945669651031494 350
1.2067112922668457 349
1.2206058502197266 349
1.2309188842773438 350
1.2400259971618652 352
1.2481791973114014 353
1.2553646564483643 355
1.264756202697754 357
1.2738752365112305 358
1.281977653503418 359
1.2903506755828857 360
1.2992382049560547 360
1.307159662246704 360
1.3178484439849854 360
1.3259947299957275 359
1.3344802856445312 358
1.342620611190796 356
1.3509328365325928 355
1.359257459640503 354
1.3693320751190186 353
1.3777439594268799 352
1.38499116897583 352
1.3932852745056152 352
1.4025335311889648 352
1.410804271697998 352
1.4205780029296875 353
1.4293792247772217 354
1.4383094310760498 354
1.4460203647613525 355
1.4541420936584473 356
1.4622926712036133 356
1.4723670482635498 356
1.480567216873169 357
1.4887170791625977 356
1.496791124343872 356
1.5048305988311768 356
1.515981674194336 355
1.5241098403930664 354
1.533839225769043 354
1.5484931468963623 353
1.5565500259399414 353
1.5660648345947266 353
1.5742347240447998 353
1.582371473312378 353
1.590641736984253 353
1.599747896194458 353
1.6078846454620361 353
1.6179213523864746 354
1.6251225471496582 354
1.634291410446167 354
1.6424190998077393 354
1.6506836414337158 354
1.659146785736084 354
1.6687207221984863 355
1.6768159866333008 355
1.6845159530639648 355
1.6927025318145752 355
1.7011866569519043 355
1.70989990234375 355
1.7201170921325684 354
1.7282226085662842 354
1.7374484539031982 354
1.744903326034546 354
1.7529997825622559 354
1.7611231803894043 353
1.7713587284088135 353
1.7798216342926025 353
1.7880797386169434 353
1.795267105102539 353
1.8044488430023193 352
1.8133900165557861 352
1.8226592540740967 352
1.8313541412353516 352
1.8398847579956055 352
1.8480355739593506 353
1.855342149734497 353
1.8644509315490723 353
1.8738517761230469 353
1.8819708824157715 353
1.8902802467346191 353
1.8991074562072754 352
1.9070992469787598 352
1.9154689311981201 352
1.9249904155731201 352
1.934175968170166 352
1.9428234100341797 353
1.954953908920288 352
1.964017391204834 352
1.9731462001800537 352
1.9811596870422363 352
1.9894418716430664 352
1.998431921005249 352
2.0083773136138916 352
2.0170726776123047 352
2.0261118412017822 352
2.034747838973999 352
2.042886257171631 352
2.052931547164917 352
2.062401056289673 352
2.0707802772521973 352
2.080050230026245 352
2.088127851486206 352
2.096829414367676 352
2.1044466495513916 352
2.113694906234741 352
2.12142014503479 352
2.131072759628296 352
2.13944411277771 352
2.1482908725738525 352
2.155496597290039 352
2.1647138595581055 352
2.1728708744049072 352
2.182368755340576 352
2.1906960010528564 352
2.199460506439209 352
2.2078065872192383 352
2.2159781455993652 352
2.2241227626800537 352
2.233992338180542 352
2.2420825958251953 352
2.25091290473938 352
2.2592110633850098 352
2.268209457397461 352
2.275394916534424 352
2.284667730331421 352
2.2927346229553223 352
2.301337242126465 352
2.310145139694214 352
2.319103479385376 352
2.3285398483276367 352
2.3366153240203857 352
2.344302177429199 352
2.3579940795898438 352
2.366506814956665 352
2.374457359313965 352
2.383920431137085 352
2.3919737339019775 352
2.4007680416107178 352
2.4090137481689453 352
2.4183225631713867 352
2.426593542098999 352
2.4353749752044678 351
2.4440860748291016 351
2.452740430831909 350
2.4613680839538574 350
2.4698679447174072 350
2.4780166149139404 349
2.486967086791992 349
2.4952316284179688 349
2.5037782192230225 349
2.512989044189453 349
2.5210800170898438 349
2.5309691429138184 349
2.539339542388916 349
2.547788619995117 349
2.5560479164123535 349
2.565406560897827 349
2.5740959644317627 349
2.5830237865448 349
2.5911638736724854 350
2.6001393795013428 350
2.608431577682495 350
2.617767333984375 350
2.6261050701141357 350
2.634946584701538 350
2.643162250518799 350
2.651179552078247 350
2.6606366634368896 350
2.669116973876953 350
2.6770505905151367 350
2.6860058307647705 350
2.6947638988494873 350
2.7031445503234863 350
2.7113444805145264 350
2.720458507537842 350
2.7298219203948975 350
2.7387962341308594 350
2.7505717277526855 350
2.7601804733276367 350
2.7684357166290283 350
2.776477575302124 349
2.7851009368896484 349
2.7944860458374023 349
2.8026938438415527 349
2.810835838317871 348
2.8201465606689453 348
2.8287808895111084 348
2.838158130645752 348
2.8453290462493896 348
2.8539862632751465 349
2.863184928894043 349
2.871225357055664 349
2.8797905445098877 349
2.8886804580688477 349
2.897490978240967 348
2.9049594402313232 348
2.9239449501037598 348
2.9326155185699463 348
2.9440155029296875 349
2.952087879180908 349
2.9614992141723633 349
2.972644805908203 348
2.9818291664123535 348
2.9922897815704346 348
3.0008459091186523 348
3.0091371536254883 348
3.018305778503418 348
3.027034282684326 348
3.0366411209106445 348
3.045149087905884 348
3.0534563064575195 348
3.062196731567383 349
3.070359945297241 349
3.0785441398620605 348
3.086622476577759 348
3.096618890762329 348
3.1042988300323486 348
3.1131646633148193 348
3.1211934089660645 348
3.1300644874572754 348
3.138200521469116 348
3.1471636295318604 348
3.160372257232666 348
3.169217586517334 348
3.177119493484497 348
3.1848642826080322 348
3.194875478744507 348
3.2030222415924072 348
3.211483955383301 348
3.2206497192382812 347
3.230799436569214 347
3.24289870262146 346
3.2540650367736816 346
3.2654964923858643 346
3.2786550521850586 346
3.3006460666656494 346
3.3118183612823486 346
3.324843645095825 346
3.336618661880493 346
3.3450660705566406 346
3.354313850402832 346
3.3625049591064453 346
3.3710789680480957 346
3.3794167041778564 346
3.3884055614471436 346
3.3978190422058105 346
3.4050285816192627 346
3.4143664836883545 346
3.4233126640319824 346
3.43135142326355 346
3.4399254322052 346
3.449223279953003 346
3.458037853240967 346
3.465195655822754 346
3.474205732345581 346
3.4825210571289062 346
3.4910147190093994 346
3.5004196166992188 346
3.508742332458496 346
3.5187509059906006 346
3.5277600288391113 346
3.5350492000579834 346
3.546031951904297 346
3.5603389739990234 346
3.568822145462036 346
3.577875852584839 346
3.585116386413574 346
3.5939629077911377 346
3.6029138565063477 346
3.611332654953003 346
3.6209301948547363 346
3.6294684410095215 346
3.6378676891326904 346
3.6451165676116943 346
3.655104398727417 346
3.6634275913238525 346
3.671360731124878 346
3.6799161434173584 345
3.68867564201355 345
3.696716785430908 344
3.705235004425049 344
3.7146012783050537 344
3.7238121032714844 344
3.7318220138549805 344
3.740232467651367 344
3.7485461235046387 344
3.758317708969116 344
3.7659716606140137 344
3.7741050720214844 344
3.782745122909546 344
3.79205584526062 344
3.8002936840057373 344
3.8098196983337402 344
3.819499969482422 344
3.8278703689575195 344
3.8352081775665283 344
3.8437812328338623 344
3.85379958152771 344
3.861826181411743 344
3.8703432083129883 344
3.878554344177246 344
3.895040988922119 344
3.919484853744507 344
3.939352035522461 344
3.9650020599365234 344
3.9847350120544434 344
4.001499891281128 344
4.021417617797852 344
4.040786981582642 344
4.0590269565582275 344
4.078061819076538 344
4.100071668624878 343
4.115501403808594 344
4.133262395858765 344
4.152299642562866 344
4.171393156051636 343
4.189314842224121 342
4.208882093429565 342
4.229215383529663 342
4.250514984130859 341
4.265318155288696 341
4.2860801219940186 341
4.303869247436523 341
4.322073936462402 342
4.341998100280762 342
4.367027759552002 342
4.383296251296997 342
4.4024646282196045 342
4.423854351043701 342
4.44018030166626 342
4.4550065994262695 342
4.476085662841797 341
4.494641542434692 341
4.517092943191528 341
4.533199787139893 341
4.551369667053223 341
4.570357799530029 341
4.585327386856079 341
4.602820158004761 341
4.624475479125977 341
4.641214609146118 341
4.658142328262329 341
4.680418252944946 341
4.695118427276611 341
4.718138933181763 341
4.73485803604126 341
4.751046180725098 341
4.771331787109375 341
4.790836811065674 341
4.810319900512695 341
4.825424909591675 340
4.842980623245239 340
4.861992359161377 339
4.880232095718384 339
4.895100831985474 338
4.9146728515625 338
4.9338696002960205 339
4.950730562210083 340
4.967465162277222 340
4.988155364990234 340
