0 0
0.013381004333496094 0
0.0303494930267334 0
0.049523353576660156 1
0.0673215389251709 6
0.0869743824005127 13
0.09679174423217773 18
0.10423779487609863 22
0.11300063133239746 26
0.1249387264251709 33
0.13435888290405273 39
0.1454005241394043 46
0.15335488319396973 51
0.16328644752502441 58
0.17169547080993652 65
0.18152523040771484 72
0.19094181060791016 78
0.20011496543884277 85
0.20891666412353516 91
0.21740126609802246 97
0.22751402854919434 107
0.23673295974731445 113
0.24810218811035156 122
0.25674962997436523 128
0.26551079750061035 136
0.2734405994415283 141
0.28210902214050293 149
0.2973768711090088 160
0.3056912422180176 168
0.3137814998626709 175
0.3234705924987793 181
0.33275938034057617 189
0.34261322021484375 197
0.35100603103637695 204
0.3596200942993164 212
0.36896491050720215 219
0.3774232864379883 225
0.3857688903808594 233
0.39600086212158203 241
0.4040498733520508 248
0.41288208961486816 255
0.42215943336486816 263
0.43134069442749023 269
0.4397454261779785 278
0.44934749603271484 284
0.458080530166626 293
0.4673469066619873 299
0.47570085525512695 307
0.48364925384521484 312
0.49219489097595215 321
0.5018820762634277 328
0.5101079940795898 333
0.5191006660461426 339
0.5290720462799072 344
0.5374746322631836 348
0.5471491813659668 351
0.5554180145263672 353
0.5638954639434814 355
0.5726878643035889 356
0.581143856048584 356
0.5894460678100586 356
0.5995523929595947 357
0.6079916954040527 357
0.6160151958465576 357
0.6258974075317383 358
0.6337816715240479 359
0.6426129341125488 359
0.65157151222229 359
0.6603312492370605 359
0.6689550876617432 358
0.6773157119750977 358
0.6855292320251465 358
0.6997077465057373 359
0.7083466053009033 360
0.7170226573944092 360
0.7274260520935059 360
0.7355976104736328 359
0.7434237003326416 359
0.7539389133453369 359
0.7633440494537354 359
0.7715954780578613 359
0.7798032760620117 359
0.7881932258605957 359
0.7975003719329834 359
0.8068630695343018 359
0.8150014877319336 359
0.8255784511566162 359
0.8333144187927246 359
0.8416025638580322 359
0.8511505126953125 359
0.8600585460662842 359
0.8687264919281006 359
0.8771665096282959 359
0.8849680423736572 359
0.8936352729797363 359
0.9036741256713867 359
0.9119448661804199 359
0.9203119277954102 359
0.9301197528839111 359
0.9389057159423828 359
0.947138786315918 359
0.9572536945343018 359
0.9688029289245605 359
0.9799160957336426 359
0.9918191432952881 359
1.0041794776916504 359
1.0164117813110352 359
1.0294017791748047 359
1.0396881103515625 359
1.0480859279632568 359
1.0581574440002441 359
1.0666418075561523 359
1.0739772319793701 359
1.0823447704315186 359
1.0914764404296875 359
1.105672836303711 359
1.1135528087615967 359
1.1295251846313477 359
1.1381113529205322 359
1.1463699340820312 359
1.1559929847717285 359
1.1637852191925049 359
1.1721022129058838 359
1.1803367137908936 359
1.1893227100372314 359
1.1976239681243896 359
1.207538366317749 359
1.2157561779022217 359
1.2255818843841553 359
1.2333595752716064 359
1.24180006980896 359
1.2500340938568115 359
1.2613856792449951 359
1.270716905593872 359
1.279109239578247 359
1.2874174118041992 359
1.2960410118103027 359
1.3042559623718262 358
1.3138129711151123 358
1.3233311176300049 358
1.3315718173980713 359
1.3399121761322021 359
1.3483822345733643 359
1.357487440109253 359
1.3669204711914062 358
1.374255657196045 357
1.3829591274261475 357
1.391829490661621 358
1.400240182876587 359
1.4109601974487305 359
1.419529676437378 359
1.4287159442901611 358
1.4370083808898926 358
1.4443118572235107 357
1.4529500007629395 358
1.4630615711212158 359
1.471435785293579 359
1.479832649230957 358
1.4892117977142334 357
1.5016601085662842 357
1.5101525783538818 357
1.5197758674621582 359
1.5297715663909912 359
1.5383453369140625 359
1.5467934608459473 358
1.5556352138519287 357
1.5642645359039307 357
1.572927474975586 358
1.5812878608703613 358
1.5898959636688232 359
1.5987985134124756 358
1.6070504188537598 357
1.6170060634613037 357
1.627094030380249 357
1.6349458694458008 358
1.6432371139526367 359
1.6516790390014648 359
1.6609466075897217 358
1.6702063083648682 357
1.6788952350616455 356
1.6879160404205322 356
1.696009635925293 357
1.7038085460662842 357
1.7121775150299072 358
1.7242696285247803 358
1.7329275608062744 358
1.7413344383239746 357
1.7495765686035156 357
1.7584097385406494 357
1.7687153816223145 357
1.7774631977081299 357
1.785996437072754 357
1.7939302921295166 357
1.8022377490997314 357
1.810370922088623 358
1.8221371173858643 358
1.8302340507507324 357
1.8390393257141113 357
1.847334384918213 356
1.8563568592071533 356
1.8639373779296875 357
1.8735566139221191 357
1.881925344467163 357
1.890334129333496 357
1.9034957885742188 357
1.9118947982788086 357
1.9235312938690186 357
1.931910514831543 357
1.9401335716247559 357
1.9487981796264648 357
1.9577600955963135 357
1.9659109115600586 357
1.9749679565429688 356
1.9831538200378418 356
1.9920732975006104 356
2.0002493858337402 357
2.0101959705352783 357
2.019643545150757 357
2.0299408435821533 357
2.0383880138397217 356
2.047034740447998 356
2.05561900138855 356
2.063403844833374 356
2.072909116744995 357
2.081354856491089 357
2.090250253677368 357
2.098932981491089 356
2.1071829795837402 355
2.115478754043579 356
2.139209747314453 359
2.149198532104492 361
2.158860445022583 361
2.1671764850616455 361
2.175001859664917 361
2.1877529621124268 359
2.196007013320923 357
2.204115152359009 356
2.2127585411071777 356
2.222337484359741 356
2.2321717739105225 357
2.2418010234832764 357
2.251232862472534 357
2.2596685886383057 356
2.2681219577789307 355
2.27677845954895 355
2.2867376804351807 355
2.29408597946167 356
2.308126211166382 357
2.317573070526123 356
2.3268890380859375 355
2.3367607593536377 355
2.34405779838562 355
2.3533170223236084 355
2.3615856170654297 356
2.369943141937256 356
2.379615545272827 357
2.388925313949585 356
2.39730167388916 355
2.4054694175720215 355
2.4132518768310547 355
2.4230544567108154 355
2.432208299636841 356
2.440908908843994 356
2.449908494949341 357
2.4584171772003174 356
2.466895341873169 356
2.474180221557617 355
2.4842658042907715 355
2.492898464202881 355
2.5014336109161377 356
2.5101611614227295 356
2.518965721130371 356
2.528181314468384 356
2.538039207458496 356
2.5460357666015625 356
2.55424165725708 355
2.5630717277526855 355
2.571469306945801 355
2.5796844959259033 355
2.5897035598754883 355
2.5981194972991943 355
2.6063613891601562 355
2.6149635314941406 355
2.6239662170410156 355
2.6323440074920654 355
2.641934633255005 355
2.6511497497558594 355
2.6594250202178955 355
2.667696237564087 355
2.6759204864501953 355
2.6860008239746094 355
2.693760871887207 355
2.707615375518799 355
2.717092990875244 355
2.727786064147949 355
2.7373359203338623 355
2.7473485469818115 355
2.7577571868896484 355
2.7659897804260254 355
2.773732900619507 355
2.7830097675323486 355
2.7919411659240723 355
2.8002419471740723 355
2.808897018432617 355
2.8177428245544434 355
2.827202796936035 355
2.834996223449707 355
2.8443334102630615 355
2.853442907333374 355
2.861860513687134 355
2.8701093196868896 355
2.8787729740142822 355
2.888855457305908 355
2.8971035480499268 355
2.904381513595581 355
2.9133806228637695 355
2.92299222946167 355
2.9312403202056885 355
2.9403254985809326 355
2.9494893550872803 355
2.9580020904541016 355
2.966019868850708 355
2.973785161972046 355
2.9830400943756104 355
2.9921810626983643 355
3.0002803802490234 355
3.0089223384857178 355
3.0177154541015625 355
3.026946783065796 355
3.0342652797698975 355
3.0489022731781006 355
3.0601139068603516 355
3.0713813304901123 355
3.0833182334899902 355
3.097341537475586 355
3.1141915321350098 355
3.1280882358551025 355
3.139281988143921 354
3.1512680053710938 354
3.1603496074676514 353
3.1690549850463867 354
3.1781296730041504 355
3.1879255771636963 355
3.1976401805877686 353
3.206012010574341 353
3.2149498462677 353
3.223896026611328 353
3.232229709625244 353
3.2404210567474365 353
3.2504007816314697 353
3.2609314918518066 353
3.2693731784820557 353
3.279327869415283 354
3.288128614425659 354
3.2983500957489014 353
3.307225465774536 353
3.3160083293914795 353
3.3250138759613037 354
3.333203077316284 354
3.341543674468994 354
3.352325916290283 353
3.3612191677093506 353
3.3758230209350586 354
3.384960651397705 355
3.3931705951690674 355
3.402761220932007 355
3.4117586612701416 355
3.4202346801757812 355
3.4292709827423096 354
3.4377353191375732 353
3.4469711780548096 353
3.457029104232788 354
3.4660682678222656 355
3.475628137588501 355
3.4843828678131104 354
3.4934794902801514 353
3.5080323219299316 353
3.517465829849243 354
3.526949644088745 355
3.535691499710083 355
3.5467946529388428 355
3.5566837787628174 354
3.565391778945923 353
3.573206663131714 353
3.582030773162842 353
3.590106248855591 354
3.5989127159118652 354
3.608978033065796 354
3.617326021194458 354
3.626830816268921 353
3.6341893672943115 353
3.6435604095458984 353
3.653082847595215 353
3.6618356704711914 353
3.670105457305908 353
3.679002285003662 353
3.687252998352051 353
3.695439100265503 353
3.7041378021240234 353
3.713348865509033 353
3.7231531143188477 353
3.7314438819885254 353
3.739840030670166 353
3.7498035430908203 353
3.7594966888427734 353
3.7694497108459473 353
3.78007173538208 353
3.7895548343658447 353
3.7990150451660156 353
3.8090286254882812 353
3.8174428939819336 353
3.826875925064087 353
3.8341739177703857 353
3.8431990146636963 353
3.8514862060546875 353
3.860919237136841 353
3.869779586791992 353
3.879210948944092 353
3.8874456882476807 353
3.8955607414245605 353
3.9033749103546143 353
3.918168067932129 353
3.927422285079956 353
3.9355576038360596 353
3.9442660808563232 353
3.9529221057891846 353
3.9618687629699707 353
3.9709060192108154 353
3.979909896850586 353
3.9883532524108887 352
3.9971556663513184 352
4.004896640777588 353
4.014163494110107 353
4.0236358642578125 353
4.031940698623657 353
4.041314363479614 353
4.049541473388672 352
4.059225559234619 351
4.067561149597168 351
4.076852560043335 352
4.084212303161621 353
4.09297251701355 353
4.101228475570679 353
4.111220598220825 352
4.119702577590942 351
4.129075050354004 351
4.1373279094696045 351
4.14635968208313 352
4.154004812240601 353
4.16388463973999 353
4.173471450805664 353
4.182772874832153 351
4.191900730133057 351
4.200905084609985 351
4.210340261459351 352
4.219065189361572 353
4.228313446044922 353
4.2371203899383545 353
4.245920181274414 352
4.253742218017578 351
4.263406038284302 351
4.272665739059448 352
4.282150506973267 352
4.290288686752319 352
4.299043893814087 352
4.311201095581055 351
4.321430921554565 351
4.3298351764678955 351
4.339169979095459 351
4.34751033782959 352
4.355718612670898 352
4.364948749542236 351
4.373704433441162 351
4.382048845291138 351
4.390251159667969 351
4.398882865905762 351
4.407710552215576 351
4.4173407554626465 351
4.426746129989624 351
4.434011459350586 351
4.443415403366089 352
4.451737880706787 351
4.459994077682495 351
4.469538927078247 351
4.478922367095947 351
4.487673044204712 351
4.4958717823028564 351
4.5042455196380615 351
4.512927055358887 351
4.523350477218628 352
4.531628608703613 351
4.540751218795776 351
4.549189329147339 351
4.55739688873291 351
4.565528392791748 351
4.57561469078064 351
4.583844423294067 351
4.592205762863159 351
4.600944995880127 351
4.609902620315552 351
4.619411945343018 351
4.628736972808838 351
4.637454986572266 351
4.645676136016846 351
4.653613090515137 351
4.662110090255737 351
4.672346115112305 351
4.680396556854248 351
4.689553737640381 351
4.697901248931885 351
4.710186958312988 350
4.720186948776245 350
4.730249881744385 350
4.73957633972168 351
4.7479941844940186 351
4.756017684936523 351
4.763780117034912 351
4.773704767227173 350
4.782230377197266 350
4.7927470207214355 350
4.801424503326416 351
4.81019401550293 351
4.81885838508606 351
4.828863143920898 351
4.837766647338867 350
4.846005916595459 350
4.853747606277466 350
4.86203408241272 350
4.871780157089233 351
4.880091905593872 351
4.888787269592285 350
4.897322177886963 350
4.906869173049927 349
4.9142231941223145 350
4.924977779388428 351
4.933202266693115 351
4.941877365112305 350
4.9501519203186035 349
4.959160804748535 350
4.968188285827637 351
4.977457284927368 351
4.985671758651733 351
4.99350118637085 350
