0 0
0.033092498779296875 0
0.08757901191711426 0
0.12829184532165527 2
0.1843245029449463 28
0.22816181182861328 50
0.25400495529174805 70
0.28366780281066895 86
0.3076756000518799 107
0.3296637535095215 121
0.3561241626739502 143
0.3709676265716553 154
0.3796226978302002 160
0.3894028663635254 170
0.3991818428039551 176
0.4082152843475342 185
0.41700220108032227 193
0.4281890392303467 201
0.43686509132385254 208
0.4460639953613281 216
0.45893383026123047 226
0.4674100875854492 234
0.4770045280456543 240
0.4859135150909424 249
0.49551939964294434 257
0.5040245056152344 263
0.5138967037200928 270
0.5242063999176025 277
0.5329043865203857 282
0.5415792465209961 288
0.551628589630127 293
0.5599980354309082 297
0.568864107131958 301
0.5776960849761963 305
0.5871403217315674 308
0.596851110458374 313
0.6075735092163086 316
0.6171033382415771 319
0.6263980865478516 322
0.6341230869293213 324
0.6428179740905762 326
0.6531925201416016 329
0.6617486476898193 332
0.6700437068939209 334
0.6792550086975098 334
0.6884419918060303 335
0.697746992111206 336
0.7060525417327881 338
0.713904619216919 340
0.7238945960998535 342
0.7322862148284912 343
0.7407538890838623 343
0.7512905597686768 343
0.7596688270568848 343
0.7688031196594238 344
0.7772877216339111 346
0.785900354385376 347
0.7936959266662598 347
0.803260326385498 348
0.811704158782959 348
0.8209347724914551 349
0.8299257755279541 350
0.8387837409973145 352
0.8471107482910156 352
0.8612098693847656 352
0.8696520328521729 353
0.8789670467376709 354
0.888176679611206 354
0.8968362808227539 354
0.9058434963226318 354
0.9138133525848389 355
0.9233973026275635 356
0.931816577911377 356
0.9402709007263184 356
0.9501888751983643 356
0.9590306282043457 356
0.9672906398773193 356
0.9754579067230225 356
0.9849884510040283 357
0.9933900833129883 358
1.002870798110962 357
1.0111994743347168 357
1.023921012878418 357
1.0328457355499268 358
1.041365146636963 359
1.0503273010253906 359
1.0597174167633057 359
1.068321704864502 358
1.07698655128479 357
1.0856702327728271 357
1.0934646129608154 357
1.1031708717346191 358
1.111443281173706 358
1.120457410812378 358
1.1295344829559326 358
1.1380646228790283 358
1.1460845470428467 358
1.1559886932373047 357
1.1639554500579834 357
1.1727337837219238 358
1.1817796230316162 358
1.1900177001953125 358
1.1987848281860352 358
1.2079906463623047 358
1.217193365097046 358
1.2260940074920654 358
1.2338383197784424 359
1.2424182891845703 359
1.2512052059173584 359
1.2658019065856934 358
1.2737371921539307 358
1.2832083702087402 358
1.2921459674835205 358
1.3004322052001953 359
1.3099894523620605 359
1.3192722797393799 359
1.3284242153167725 358
1.3368604183197021 358
1.344170093536377 358
1.3533926010131836 358
1.362896203994751 358
1.3710722923278809 358
1.3819975852966309 358
1.3932631015777588 358
1.4043858051300049 359
1.4190785884857178 359
1.435856580734253 358
1.4478018283843994 357
1.4600207805633545 358
1.471381664276123 358
1.4815301895141602 359
1.4898767471313477 359
1.4991459846496582 358
1.5075089931488037 357
1.517751932144165 357
1.5271689891815186 358
1.535550594329834 358
1.546830177307129 358
1.5540940761566162 358
1.5638132095336914 358
1.5728106498718262 358
1.581597089767456 358
1.5897905826568604 358
1.5982277393341064 358
1.6071631908416748 358
1.61724853515625 359
1.6264822483062744 359
1.6340439319610596 358
1.6428430080413818 358
1.6517541408538818 358
1.6650323867797852 359
1.6734602451324463 359
1.683145523071289 359
1.6917922496795654 358
1.700007438659668 358
1.7087206840515137 358
1.7187352180480957 359
1.728067398071289 359
1.7361042499542236 359
1.7456629276275635 358
1.7534801959991455 358
1.7618141174316406 358
1.771392822265625 359
1.7801392078399658 359
1.7889318466186523 358
1.7975149154663086 358
1.8064122200012207 358
1.816920518875122 358
1.8258414268493652 358
1.8336212635040283 359
1.842102289199829 359
1.8513250350952148 358
1.8598692417144775 358
1.869412899017334 357
1.878283977508545 357
1.8868610858917236 357
1.8941905498504639 358
1.9034576416015625 358
1.9128291606903076 358
1.9232091903686523 357
1.9316186904907227 357
1.9398627281188965 357
1.9490439891815186 357
1.9573109149932861 358
1.9655985832214355 358
1.974156379699707 357
1.9836344718933105 357
1.9919943809509277 356
2.000241756439209 357
2.0100228786468506 358
2.022932291030884 358
2.0311949253082275 358
2.039785861968994 356
2.0500378608703613 356
2.0622456073760986 356
2.071746826171875 357
2.081157922744751 358
2.08964204788208 358
2.0981926918029785 357
2.107639789581299 356
2.116842746734619 356
2.126959800720215 356
2.1344528198242188 357
2.143857717514038 358
2.1522066593170166 357
2.1609766483306885 357
2.1702311038970947 356
2.17923903465271 357
2.1876232624053955 358
2.195890426635742 359
2.2038090229034424 359
2.2131690979003906 358
2.2234230041503906 358
2.2317259311676025 358
2.2399306297302246 357
2.2491486072540283 357
2.257418394088745 357
2.265747547149658 358
2.275841236114502 357
2.28391695022583 357
2.292374849319458 357
2.3009414672851562 357
2.31005859375 358
2.319140911102295 358
2.329538583755493 357
2.3382151126861572 356
2.34728741645813 357
2.3555731773376465 358
2.3634982109069824 358
2.371811866760254 357
2.3818271160125732 356
2.3902008533477783 356
2.399014949798584 356
2.4076671600341797 357
2.4160614013671875 357
2.4268200397491455 357
2.434166193008423 357
2.443495750427246 357
2.451786518096924 357
2.463876247406006 357
2.473311424255371 357
2.482862949371338 357
2.4912197589874268 357
2.4995129108428955 357
2.508375406265259 357
2.5174338817596436 357
2.5275485515594482 357
2.535827875137329 357
2.544208526611328 357
2.552870512008667 357
2.5630083084106445 357
2.5716867446899414 357
2.5818045139312744 357
2.59000301361084 357
2.598811388015747 357
2.6075098514556885 357
2.6156814098358154 357
2.625588893890381 357
2.6341490745544434 357
2.6433897018432617 357
2.651700019836426 357
2.6599409580230713 357
2.668421506881714 357
2.6774704456329346 357
2.6869008541107178 357
2.6942145824432373 357
2.7033660411834717 357
2.7118759155273438 357
2.7216248512268066 357
2.7312605381011963 357
2.7400121688842773 357
2.74906325340271 357
2.7574710845947266 357
2.7656214237213135 357
2.7739338874816895 357
2.783374071121216 357
2.7927844524383545 357
2.800989866256714 357
2.809755802154541 356
2.8188509941101074 356
2.8288590908050537 356
2.838864326477051 356
2.847104549407959 357
2.8549861907958984 357
2.868863105773926 356
2.877779722213745 355
2.887483835220337 355
2.895653009414673 355
2.9034061431884766 356
2.912806749343872 356
2.921725273132324 356
2.929932117462158 355
2.9402518272399902 355
2.949258327484131 355
2.957465171813965 355
2.9655957221984863 355
2.9739890098571777 355
2.9822986125946045 355
2.9919629096984863 356
3.0003018379211426 355
3.009761095046997 354
3.018315315246582 354
3.0283725261688232 355
3.0383081436157227 356
3.046846389770508 356
3.0541396141052246 356
3.0629773139953613 356
3.0729880332946777 356
3.0813956260681152 355
3.090718984603882 355
3.0991430282592773 355
3.1079673767089844 355
3.116074323654175 355
3.1249887943267822 355
3.133185863494873 355
3.1430418491363525 355
3.1512269973754883 355
3.1595020294189453 355
3.1677823066711426 355
3.177173376083374 355
3.184446096420288 355
3.1938717365264893 355
3.202939748764038 355
3.211988925933838 355
3.2204554080963135 355
3.2297301292419434 355
3.2401368618011475 355
3.248903512954712 355
3.25714373588562 355
3.2702207565307617 355
3.2790040969848633 355
3.2874131202697754 355
3.2973625659942627 355
3.306140422821045 355
3.3139405250549316 355
3.323075294494629 355
3.3312997817993164 355
3.34092378616333 355
3.3492963314056396 355
3.3576912879943848 355
3.3658878803253174 355
3.374168634414673 355
3.3971621990203857 355
3.405886173248291 355
3.4136874675750732 355
3.447711229324341 355
3.4756345748901367 355
3.4935762882232666 355
3.507016897201538 355
3.518307685852051 355
3.530290126800537 355
3.563234806060791 355
3.5721359252929688 355
3.580260753631592 355
3.58890962600708 355
3.5981156826019287 355
3.607630491256714 355
3.6158218383789062 355
3.62430739402771 355
3.6333627700805664 355
3.6427865028381348 355
3.651897430419922 355
3.6602447032928467 355
3.679652452468872 355
3.68817138671875 355
3.696411609649658 355
3.707207679748535 355
3.7149574756622314 355
3.7241404056549072 355
3.733189344406128 355
3.741485834121704 355
3.7514848709106445 355
3.759784698486328 355
3.7691330909729004 355
3.7775626182556152 355
3.7857515811920166 355
3.793565034866333 355
3.80344557762146 355
3.811687707901001 355
3.8201165199279785 355
3.829399585723877 355
3.8387672901153564 355
3.847471237182617 355
3.85695481300354 355
3.8642494678497314 355
3.8732142448425293 355
3.8815062046051025 355
3.889770746231079 355
3.8991942405700684 355
3.90877366065979 355
3.9169795513153076 355
3.925987720489502 355
3.934408187866211 355
3.9430556297302246 355
3.9530029296875 355
3.9617066383361816 354
3.9702794551849365 355
3.9790186882019043 356
3.987389087677002 356
3.9956467151641846 355
4.006357192993164 354
4.0139923095703125 353
4.024135112762451 353
4.033383846282959 353
4.041850566864014 354
4.050209045410156 354
4.061060905456543 354
4.074299573898315 353
4.083432197570801 353
4.091834306716919 353
4.101299285888672 354
4.111363172531128 354
4.119689226150513 354
4.129122734069824 354
4.138154029846191 354
4.146385669708252 353
4.154107332229614 353
4.165676593780518 353
4.173417329788208 354
4.181850433349609 354
4.190220594406128 354
4.199422836303711 354
4.208955764770508 353
4.217332124710083 353
4.226417064666748 353
4.235498905181885 353
4.2433507442474365 354
4.251832008361816 354
4.261867523193359 354
4.271259069442749 353
4.279574632644653 353
4.28811502456665 353
4.2970216274261475 353
4.304285049438477 353
4.313816547393799 353
4.323386192321777 353
4.332780838012695 353
4.341475248336792 353
4.350121259689331 353
4.361463785171509 352
4.370219945907593 353
4.379196405410767 353
4.387466907501221 354
4.396467447280884 354
4.404027223587036 353
4.4137842655181885 352
4.423430681228638 352
4.432374477386475 352
4.440985679626465 353
4.449498653411865 354
4.458003282546997 354
4.473023176193237 352
4.481602668762207 351
4.490065574645996 350
4.4995503425598145 350
4.507856130599976 351
4.517435073852539 352
4.5269434452056885 353
4.535821199417114 353
4.543635129928589 352
4.552261590957642 351
4.561317205429077 350
4.573192596435547 351
4.581607103347778 353
4.589934349060059 354
4.599142551422119 354
4.607403993606567 354
4.617008209228516 353
4.626466274261475 352
4.635640621185303 352
4.64346981048584 352
4.651874780654907 353
4.660374641418457 354
4.671764612197876 354
4.680168390274048 353
4.68903660774231 352
4.698243618011475 352
4.706725597381592 352
4.714101791381836 352
4.724342107772827 353
4.7338573932647705 353
4.742741584777832 353
4.750971555709839 353
4.759441614151001 352
4.769969701766968 352
4.778980493545532 352
4.787792444229126 353
4.79729151725769 353
4.8056018352508545 352
4.813575029373169 352
4.8238983154296875 352
4.83287239074707 352
4.841009140014648 353
4.849557161331177 353
4.858173370361328 352
4.873468399047852 351
4.881945610046387 351
4.890303134918213 352
4.899776220321655 352
4.9082300662994385 353
4.91699481010437 353
4.927767992019653 352
4.93670392036438 351
4.945070266723633 351
4.953274488449097 351
4.962301969528198 352
4.971871376037598 352
4.9802961349487305 353
4.9889607429504395 352
4.999176740646362 352
