0 0
0.017133474349975586 0
0.031774044036865234 0
0.049408912658691406 1
0.06632184982299805 6
0.0863027572631836 14
0.1183469295501709 39
0.15131497383117676 49
0.20092368125915527 84
0.2357044219970703 117
0.2825195789337158 153
0.33530592918395996 197
0.3865978717803955 235
0.41193509101867676 254
0.4316110610961914 265
0.44319868087768555 271
0.4515414237976074 274
0.46057844161987305 279
0.47104334831237793 283
0.47989439964294434 288
0.48944640159606934 293
0.49892616271972656 297
0.5081431865692139 301
0.5452959537506104 306
0.587404727935791 310
0.647932767868042 337
0.7020833492279053 369
0.7621273994445801 375
0.8158681392669678 356
0.8700542449951172 334
0.8983461856842041 329
0.9283952713012695 331
0.9574825763702393 340
1.007943868637085 368
1.0739994049072266 374
1.1283926963806152 355
1.1703450679779053 332
1.2138020992279053 324
1.2619900703430176 336
1.317964792251587 361
1.359966516494751 367
1.4170455932617188 350
1.4395184516906738 341
1.4816725254058838 328
1.5281367301940918 339
1.5938079357147217 367
1.6118381023406982 372
1.6439902782440186 374
1.6762909889221191 365
1.7073042392730713 355
1.7377901077270508 349
1.7558248043060303 352
1.7899155616760254 365
1.8405616283416748 365
1.8792033195495605 355
1.9337825775146484 348
1.962559700012207 356
2.018519163131714 380
2.0680770874023438 384
2.125124931335449 366
2.169490337371826 335
2.2338640689849854 327
2.2871556282043457 342
2.324218988418579 368
2.3756120204925537 378
2.431079387664795 367
2.461729049682617 353
2.50390887260437 340
2.5310208797454834 341
2.56178879737854 349
2.59114933013916 354
2.612154245376587 352
2.6377158164978027 346
2.658033609390259 344
2.6963768005371094 352
2.7300140857696533 366
2.759892702102661 374
2.7872793674468994 373
2.7973203659057617 372
2.806960105895996 369
2.8162829875946045 367
2.8249387741088867 366
2.8323254585266113 366
2.842085123062134 366
2.851245880126953 367
2.859623908996582 366
2.8679349422454834 365
2.8772637844085693 363
2.8856985569000244 362
2.895372152328491 361
2.9048776626586914 361
2.9137449264526367 361
2.9215810298919678 361
2.9298646450042725 361
2.938260555267334 360
2.9481234550476074 359
2.957017660140991 358
2.9655344486236572 357
2.973768949508667 358
2.9821882247924805 359
2.9910025596618652 359
3.0017733573913574 358
3.0109777450561523 357
3.019321918487549 357
3.027679204940796 357
3.0359621047973633 357
3.046236753463745 357
3.0549204349517822 357
3.0676963329315186 356
3.077828884124756 355
3.0874569416046143 355
3.097114086151123 356
3.106520414352417 357
3.115821123123169 357
3.124079465866089 356
3.132011890411377 355
3.140547752380371 355
3.150956153869629 355
3.1591413021087646 355
3.1675825119018555 356
3.1765010356903076 356
3.185020923614502 355
3.1925008296966553 355
3.203214645385742 355
3.2120912075042725 355
3.22148060798645 356
3.230025053024292 356
3.238417387008667 356
3.248650550842285 355
3.25736927986145 355
3.2664310932159424 355
3.2757554054260254 355
3.2846453189849854 355
3.294177532196045 355
3.3058080673217773 355
3.3150603771209717 355
3.3223776817321777 355
3.3310983180999756 355
3.3393607139587402 355
3.3480629920959473 355
3.357651948928833 355
3.3659517765045166 355
3.3750627040863037 355
3.3837063312530518 355
3.391559600830078 355
3.40899395942688 355
3.4177815914154053 355
3.4263954162597656 355
3.434661388397217 355
3.4436304569244385 355
3.455878496170044 355
3.469871759414673 355
3.4791014194488525 355
3.4881153106689453 355
3.496938467025757 355
3.5076396465301514 355
3.5170395374298096 355
3.525681495666504 355
3.5337977409362793 355
3.5422768592834473 355
3.5509839057922363 355
3.5600509643554688 355
3.5682854652404785 355
3.577441692352295 355
3.586230754852295 355
3.5942749977111816 355
3.6049623489379883 355
3.613809585571289 355
3.6217424869537354 355
3.6300387382507324 355
3.638249158859253 355
3.647360324859619 355
3.656975746154785 355
3.6652719974517822 355
3.6740944385528564 355
3.681856632232666 355
3.6910605430603027 355
3.7000696659088135 355
3.710031509399414 355
3.718519926071167 355
3.727135181427002 355
3.7354164123535156 355
3.744241237640381 355
3.752147674560547 355
3.7616255283355713 355
3.7699708938598633 355
3.779449462890625 355
3.787745475769043 355
3.796919822692871 355
3.8064656257629395 355
3.8158061504364014 355
3.824075222015381 355
3.8318967819213867 355
3.8413984775543213 355
3.8496670722961426 355
3.8589940071105957 355
3.8715415000915527 354
3.8805463314056396 354
3.8891329765319824 354
3.900135040283203 354
3.910308599472046 354
3.9184482097625732 354
3.9271080493927 354
3.9353928565979004 354
3.944237232208252 354
3.9520294666290283 354
3.96162486076355 354
3.9699759483337402 354
3.978638172149658 354
3.9872660636901855 354
3.9959757328033447 354
4.007015705108643 354
4.01639199256897 354
4.025102376937866 354
4.03547739982605 354
4.0442094802856445 354
4.052017450332642 354
4.060397386550903 354
4.0703606605529785 354
4.078622102737427 354
4.087238788604736 354
4.095447540283203 354
4.105437517166138 354
4.114950656890869 354
4.122264385223389 354
4.131000995635986 354
4.13993501663208 354
4.148157119750977 354
4.15659236907959 354
4.165845155715942 354
4.17500376701355 354
4.1832263469696045 354
4.1913933753967285 354
4.201483726501465 354
4.210458278656006 354
4.219731330871582 354
4.227996587753296 354
4.2374303340911865 354
4.245684385299683 354
4.253834009170532 354
4.2617833614349365 354
4.276452541351318 354
4.285347938537598 354
4.293126106262207 354
4.30373477935791 354
4.311519145965576 354
4.321110963821411 354
4.329365253448486 354
4.338200807571411 354
4.346913576126099 354
4.355172395706177 354
4.362464666366577 354
4.372512102127075 354
4.38130259513855 354
4.389523267745972 354
4.397919416427612 354
4.408412218093872 354
4.417751312255859 354
4.426241397857666 354
4.435235977172852 354
4.442560195922852 354
4.4512012004852295 354
4.45940089225769 354
4.469472646713257 354
4.477771997451782 354
4.48599648475647 354
4.494227409362793 354
4.50422215461731 354
4.512425184249878 354
4.538986921310425 354
4.550344944000244 354
4.5631749629974365 354
4.573659181594849 354
4.5814807415008545 354
4.58978533744812 354
4.598029136657715 354
4.610071659088135 354
4.618484020233154 354
4.627969264984131 354
4.6369688510894775 354
4.6452624797821045 354
4.653187990188599 353
4.661583423614502 354
4.676309585571289 355
4.68506383895874 355
4.6924889087677 353
4.702195167541504 353
4.711048364639282 353
4.719211101531982 353
4.728321552276611 354
4.737471342086792 354
4.745738744735718 354
4.753908157348633 353
4.766587495803833 352
4.779364585876465 353
4.7911951541900635 354
4.804649114608765 355
4.816528797149658 355
4.829165458679199 354
4.8420116901397705 353
4.852092742919922 352
4.861039638519287 353
4.870072841644287 354
4.879704713821411 355
4.8880934715271 355
4.896576881408691 355
4.90634298324585 354
4.91521430015564 353
4.924030542373657 353
4.9341113567352295 353
4.941927909851074 354
4.950428485870361 355
4.958938121795654 354
4.9679436683654785 353
4.977569341659546 353
4.985962629318237 353
4.994165897369385 353
