0 0
0.014729738235473633 0
0.032058000564575195 0
0.05149984359741211 2
0.07181930541992188 8
0.08674216270446777 12
0.09595727920532227 17
0.10457968711853027 21
0.11195087432861328 25
0.12076449394226074 30
0.12981581687927246 36
0.13936400413513184 42
0.14795255661010742 47
0.15795564651489258 54
0.16673827171325684 59
0.17570137977600098 67
0.1851942539215088 72
0.19438409805297852 79
0.20184111595153809 85
0.21060442924499512 91
0.21901917457580566 97
0.2285301685333252 105
0.23778986930847168 113
0.2514941692352295 124
0.26087093353271484 130
0.2692906856536865 138
0.2819192409515381 148
0.29258036613464355 155
0.3010978698730469 162
0.3098602294921875 170
0.3184092044830322 177
0.3276650905609131 185
0.33730125427246094 191
0.3459444046020508 199
0.3558990955352783 207
0.36475348472595215 214
0.372692346572876 223
0.38158321380615234 228
0.39169740676879883 235
0.40043139457702637 241
0.40880656242370605 247
0.4172220230102539 253
0.4271516799926758 259
0.4354557991027832 265
0.4458150863647461 271
0.45651674270629883 277
0.4648756980895996 281
0.4731464385986328 286
0.48166847229003906 290
0.49199581146240234 294
0.500676155090332 297
0.5089931488037109 300
0.5172975063323975 303
0.5265145301818848 306
0.5347926616668701 309
0.5445778369903564 311
0.5544633865356445 315
0.561859130859375 317
0.5706415176391602 320
0.578972578048706 321
0.5877468585968018 323
0.5974383354187012 325
0.6073188781738281 327
0.6186447143554688 329
0.6312234401702881 332
0.6446413993835449 335
0.6574840545654297 335
0.6692898273468018 335
0.6875503063201904 337
0.6972568035125732 338
0.7059268951416016 341
0.7145872116088867 343
0.7233994007110596 344
0.7313902378082275 344
0.7399015426635742 345
0.7505922317504883 345
0.7595739364624023 345
0.7808856964111328 348
0.7908878326416016 351
0.800511360168457 353
0.8089277744293213 354
0.817366361618042 355
0.8265070915222168 355
0.8348963260650635 354
0.8430919647216797 354
0.8553662300109863 355
0.8636584281921387 356
0.8715791702270508 357
0.8805344104766846 356
0.8900094032287598 355
0.8993382453918457 354
0.9078636169433594 354
0.916640043258667 355
0.9257347583770752 356
0.934382438659668 356
0.941720724105835 356
0.9535448551177979 356
0.9647235870361328 357
0.9726862907409668 357
0.9808950424194336 357
0.990462064743042 357
0.9996037483215332 357
1.00797700881958 357
1.0166029930114746 357
1.0257976055145264 357
1.0340681076049805 357
1.0416605472564697 357
1.0527005195617676 357
1.0610377788543701 358
1.0693659782409668 358
1.0819311141967773 357
1.0915555953979492 357
1.1011748313903809 358
1.109795331954956 359
1.1189322471618652 359
1.1272459030151367 358
1.1359226703643799 357
1.144681453704834 357
1.1553049087524414 357
1.1634984016418457 357
1.1712925434112549 357
1.1798288822174072 358
1.1886792182922363 358
1.1974055767059326 358
1.2070748805999756 357
1.2159509658813477 357
1.2247121334075928 357
1.2320613861083984 358
1.2409403324127197 359
1.25502347946167 358
1.263441562652588 357
1.2715668678283691 356
1.280327320098877 356
1.2889649868011475 357
1.297804832458496 357
1.308642864227295 358
1.3176381587982178 358
1.3264884948730469 357
1.3348784446716309 357
1.3426556587219238 357
1.351435661315918 357
1.3608567714691162 357
1.371422290802002 357
1.379840612411499 357
1.389219045639038 357
1.397599220275879 357
1.407527208328247 357
1.4168670177459717 357
1.4251232147216797 357
1.4333570003509521 357
1.4411773681640625 357
1.451183795928955 357
1.4606106281280518 357
1.4688386917114258 357
1.4771437644958496 357
1.490363597869873 357
1.4986844062805176 357
1.508920431137085 357
1.5176491737365723 357
1.5264673233032227 357
1.534742832183838 357
1.5419940948486328 357
1.551607608795166 357
1.561147928237915 357
1.5695500373840332 357
1.5777926445007324 357
1.5871474742889404 357
1.595402717590332 357
1.604438304901123 357
1.614394187927246 357
1.6217041015625 357
1.630526065826416 357
1.6387593746185303 357
1.6477878093719482 357
1.6571714878082275 357
1.666532278060913 357
1.674837589263916 357
1.683408498764038 357
1.6914498805999756 357
1.6997857093811035 357
1.707916259765625 357
1.7178199291229248 357
1.7264776229858398 357
1.7347793579101562 357
1.742088794708252 357
1.7526116371154785 357
1.7615818977355957 357
1.7699930667877197 357
1.7780649662017822 357
1.7874696254730225 357
1.7959315776824951 357
1.804654598236084 357
1.8148508071899414 357
1.8225994110107422 357
1.8308115005493164 357
1.8390483856201172 357
1.8479063510894775 357
1.8574814796447754 357
1.8671460151672363 357
1.8765122890472412 357
1.8894004821777344 357
1.8977413177490234 357
1.9065654277801514 357
1.9168965816497803 357
1.925405740737915 357
1.9335966110229492 357
1.9413917064666748 357
1.9515125751495361 357
1.9598329067230225 357
1.9692118167877197 357
1.977449655532837 357
1.9865961074829102 357
1.9948835372924805 357
2.002678394317627 357
2.013686180114746 357
2.0231127738952637 357
2.0310516357421875 356
2.039353132247925 357
2.0495951175689697 357
2.057807683944702 357
2.067214012145996 357
2.0755815505981445 356
2.0849735736846924 356
2.0931689739227295 355
2.1011643409729004 355
2.1095852851867676 356
2.120734214782715 357
2.1290931701660156 357
2.1376256942749023 356
2.146824836730957 356
2.1564247608184814 355
2.1649067401885986 355
2.1746883392333984 356
2.183631181716919 356
2.191462516784668 355
2.200016736984253 355
2.2080740928649902 355
2.2189438343048096 355
2.2274012565612793 356
2.235978603363037 356
2.2451059818267822 356
2.254324436187744 355
2.2617952823638916 355
2.2712552547454834 355
2.280508041381836 355
2.2926292419433594 356
2.3010811805725098 356
2.310448169708252 356
2.3190200328826904 355
2.3289361000061035 355
2.3372061252593994 355
2.3460428714752197 355
2.355252981185913 356
2.363677740097046 356
2.373159170150757 355
2.3816287517547607 355
2.393090009689331 355
2.4009926319122314 355
2.410428047180176 355
2.4186105728149414 355
2.4285545349121094 356
2.4371747970581055 356
2.4457931518554688 355
2.4550909996032715 355
2.4632511138916016 354
2.471325397491455 354
2.481501579284668 355
2.4898838996887207 356
2.498408317565918 356
2.506805896759033 355
2.5160446166992188 355
2.525965929031372 355
2.534466028213501 355
2.543174982070923 355
2.5517289638519287 355
2.560351610183716 354
2.568901300430298 354
2.5788748264312744 355
2.587456226348877 355
2.595912456512451 356
2.604489803314209 355
2.6132383346557617 355
2.621070623397827 355
2.6309456825256348 355
2.639251947402954 355
2.6492228507995605 355
2.657499074935913 355
2.6659421920776367 355
2.6749212741851807 355
2.689434289932251 354
2.701421022415161 354
2.7152528762817383 355
2.726614475250244 355
2.7398242950439453 355
2.7533459663391113 355
2.7647502422332764 355
2.7720727920532227 354
2.782076120376587 354
2.7907986640930176 354
2.799048900604248 355
2.808061361312866 355
2.816751003265381 355
2.8251566886901855 354
2.8352887630462646 353
2.8444697856903076 353
2.85457444190979 354
2.86198353767395 355
2.8706722259521484 356
2.8796119689941406 356
2.889246702194214 355
2.899160861968994 355
2.9079976081848145 354
2.9166550636291504 354
2.9249236583709717 355
2.9349684715270996 355
2.9443366527557373 355
2.9534170627593994 353
2.96148681640625 353
2.969841241836548 354
2.9789352416992188 355
2.988067626953125 355
2.996722936630249 355
3.005251407623291 353
3.0145103931427 353
3.0218424797058105 353
3.030484437942505 353
3.040992498397827 354
3.0506396293640137 354
3.0588865280151367 354
3.0673415660858154 354
3.0760669708251953 353
3.0903384685516357 353
3.0986764430999756 354
3.1077687740325928 355
3.1167211532592773 355
3.1251273155212402 355
3.133542776107788 353
3.1444830894470215 353
3.1533515453338623 354
3.1613259315490723 354
3.1698431968688965 355
3.1790380477905273 354
3.1887989044189453 353
3.1972367763519287 353
3.206570625305176 353
3.214956045150757 353
3.2231156826019287 354
3.231039524078369 354
3.2413370609283447 354
3.257223129272461 353
3.2658145427703857 353
3.277134418487549 353
3.2854268550872803 353
3.294858932495117 353
3.302640438079834 353
3.3144993782043457 353
3.321824073791504 353
3.330519199371338 353
3.3409595489501953 353
3.350888729095459 353
3.359257698059082 353
3.3691246509552 353
3.384779930114746 353
3.3940610885620117 353
3.4016454219818115 353
3.410813331604004 353
3.4191300868988037 353
3.427549123764038 353
3.4360296726226807 353
3.4468889236450195 353
3.456319570541382 353
3.4646313190460205 353
3.4732205867767334 353
3.4811909198760986 353
3.495962619781494 353
3.5050463676452637 353
3.5132408142089844 353
3.521196126937866 353
3.529454231262207 353
3.5385537147521973 353
3.5479183197021484 353
3.5570123195648193 353
3.5652883052825928 353
3.5744640827178955 353
3.5818264484405518 353
3.590487003326416 353
3.5994811058044434 353
3.6086645126342773 353
3.617121458053589 353
3.6254122257232666 353
3.6336686611175537 353
3.6419143676757812 353
3.6535773277282715 353
3.6613759994506836 353
3.6707522869110107 353
3.679023027420044 353
3.6873011589050293 353
3.696645975112915 353
3.7055788040161133 353
3.713679313659668 353
3.721498966217041 352
3.730555534362793 352
3.7396206855773926 352
3.750307559967041 353
3.759202718734741 353
3.7674827575683594 353
3.7764902114868164 352
3.7850699424743652 352
3.7932775020599365 351
3.803542137145996 352
3.8114912509918213 352
3.8198916912078857 353
3.828587532043457 352
3.8378331661224365 352
3.8467628955841064 351
3.8577895164489746 351
3.866611957550049 352
3.8768365383148193 353
3.8912320137023926 353
3.901437759399414 351
3.9105618000030518 351
3.9191272258758545 350
3.927483081817627 350
3.936729907989502 351
3.945112943649292 351
3.9554054737091064 351
3.964637041091919 351
3.9737203121185303 350
3.9815001487731934 350
3.9898273944854736 350
3.998347759246826 351
4.008596658706665 351
4.01692271232605 351
4.025341749191284 351
4.034599304199219 350
4.0425920486450195 350
4.051476716995239 350
4.060989856719971 351
4.0704944133758545 351
4.078783273696899 351
4.087266683578491 351
4.095720052719116 351
4.10538125038147 351
4.11367392539978 351
4.1216349601745605 352
4.130597829818726 351
4.139273166656494 351
4.1478283405303955 351
4.158066511154175 352
4.167726993560791 351
4.17657995223999 351
4.184942007064819 351
4.193144798278809 351
4.201553583145142 351
4.21125340461731 351
4.219621181488037 352
4.22784686088562 351
4.236892461776733 351
4.245209217071533 351
4.254600286483765 351
4.263683557510376 351
4.272562742233276 351
4.2807676792144775 351
4.294596910476685 351
4.303369998931885 351
4.312078475952148 351
4.320914268493652 351
4.329429864883423 350
4.338780879974365 350
4.347209930419922 350
4.356600522994995 351
4.367530345916748 351
4.3763206005096436 351
4.385295391082764 350
4.394535779953003 349
4.403259038925171 349
4.41193413734436 350
4.420746803283691 351
4.42911696434021 351
4.438018321990967 351
4.446789503097534 350
4.455976247787476 349
4.466371774673462 349
4.475110769271851 350
4.4834864139556885 351
4.491464614868164 351
4.500746011734009 351
4.509190320968628 350
4.51902437210083 349
4.5273988246917725 349
4.53669548034668 349
4.5450403690338135 350
4.554606914520264 350
4.563636302947998 351
4.571854114532471 350
4.580972194671631 350
4.589269399642944 350
4.598560810089111 350
4.606881380081177 350
4.616412162780762 350
4.624865770339966 350
4.633565187454224 350
4.641376256942749 350
4.6506712436676025 350
4.658993721008301 350
4.668802499771118 350
4.677568435668945 350
4.686450004577637 350
4.6992175579071045 350
4.707608222961426 350
4.717287540435791 350
4.725739479064941 350
4.734789609909058 350
4.7426230907440186 350
4.751628637313843 350
4.760050535202026 350
4.77330470085144 350
4.785454988479614 350
4.798412799835205 350
4.81003737449646 350
4.825753211975098 350
4.837543249130249 350
4.850741624832153 350
4.862713813781738 350
4.875255823135376 350
4.8843958377838135 350
4.891707420349121 350
4.903601408004761 350
4.911532402038574 350
4.921059608459473 350
4.9303998947143555 350
4.939516305923462 349
4.9483277797698975 349
4.957339763641357 349
4.966551780700684 349
4.975783586502075 349
4.984912633895874 349
4.993162631988525 349
