0 0
0.012831687927246094 0
0.03560328483581543 0
0.05213141441345215 3
0.0718848705291748 9
0.08700776100158691 13
0.09657549858093262 18
0.10396623611450195 22
0.11280012130737305 26
0.12164187431335449 32
0.1313154697418213 38
0.13968324661254883 43
0.1490645408630371 48
0.15746283531188965 55
0.1657865047454834 61
0.1736586093902588 66
0.1838698387145996 73
0.1940598487854004 81
0.20280742645263672 86
0.2111530303955078 92
0.21974849700927734 100
0.2286233901977539 106
0.23799490928649902 113
0.24669599533081055 120
0.25957322120666504 131
0.2688894271850586 137
0.2785038948059082 145
0.28807592391967773 153
0.297518253326416 161
0.30646705627441406 167
0.31524658203125 175
0.32320141792297363 180
0.3338608741760254 190
0.34261083602905273 196
0.35395002365112305 206
0.36646366119384766 216
0.37796902656555176 226
0.39245033264160156 237
0.40375804901123047 247
0.41723084449768066 257
0.42908406257629395 267
0.4413142204284668 278
0.45067524909973145 285
0.4592010974884033 291
0.4677107334136963 299
0.4761505126953125 306
0.48723936080932617 314
0.49671292304992676 323
0.5040857791900635 329
0.513460636138916 337
0.5219442844390869 344
0.5301253795623779 351
0.5397160053253174 359
0.5489137172698975 365
0.5573127269744873 371
0.565777063369751 376
0.573655366897583 380
0.5836055278778076 384
0.5940279960632324 387
0.6028389930725098 389
0.6113502979278564 389
0.6201736927032471 390
0.6289513111114502 389
0.638505220413208 388
0.6474928855895996 386
0.6604907512664795 383
0.669379711151123 379
0.6780586242675781 375
0.6890439987182617 371
0.698575496673584 366
0.7069759368896484 362
0.7158603668212891 357
0.7237396240234375 354
0.7326858043670654 352
0.7418665885925293 349
0.7507915496826172 349
0.759279727935791 349
0.781869649887085 352
0.805835485458374 359
0.825829029083252 367
0.8412449359893799 372
0.8512074947357178 375
0.859673261642456 376
0.8687946796417236 376
0.8786630630493164 376
0.8880171775817871 374
0.8979701995849609 372
0.9067330360412598 370
0.91544508934021 367
0.9233429431915283 364
0.93186354637146 360
0.9401264190673828 357
0.9505176544189453 355
0.9590346813201904 353
0.9676806926727295 353
0.9761171340942383 353
0.9852950572967529 353
0.9964487552642822 355
1.0038950443267822 357
1.0131111145019531 360
1.0214731693267822 362
1.029951810836792 363
1.038649082183838 364
1.048647403717041 363
1.0608611106872559 362
1.0693020820617676 361
1.0786128044128418 359
1.0875210762023926 357
1.0985798835754395 357
1.1131341457366943 358
1.1347720623016357 362
1.158689260482788 364
1.1777887344360352 363
1.1865966320037842 361
1.1980574131011963 359
1.206709861755371 357
1.2157750129699707 357
1.2236008644104004 357
1.233309030532837 357
1.2415781021118164 358
1.2515439987182617 360
1.2597835063934326 361
1.2686476707458496 362
1.2775647640228271 362
1.2857964038848877 362
1.2940521240234375 361
1.3035271167755127 361
1.3127186298370361 360
1.3211205005645752 359
1.3295071125030518 359
1.3379642963409424 359
1.347001552581787 359
1.3564567565917969 360
1.3638501167297363 360
1.37249755859375 361
1.3811440467834473 361
1.3895368576049805 361
1.3993737697601318 360
1.409337043762207 360
1.4178223609924316 359
1.426133155822754 359
1.4337117671966553 359
1.442967176437378 359
1.4525246620178223 360
1.4655797481536865 361
1.4735655784606934 361
1.4827303886413574 361
1.4919815063476562 361
1.5001153945922852 360
1.511214256286621 359
1.519479513168335 359
1.5279242992401123 359
1.5364129543304443 359
1.5440690517425537 360
1.5536236763000488 360
1.5620973110198975 360
1.5706357955932617 360
1.5796685218811035 360
1.5881915092468262 361
1.6081318855285645 359
1.61674165725708 359
1.6240355968475342 359
1.6330089569091797 359
1.6419095993041992 359
1.6521306037902832 359
1.6618602275848389 359
1.6699607372283936 360
1.6793320178985596 360
1.6879010200500488 361
1.697237253189087 361
1.707571268081665 361
1.716684103012085 360
1.7240018844604492 360
1.7325918674468994 359
1.7416253089904785 359
1.7500178813934326 359
1.759467601776123 359
1.7678818702697754 360
1.7770154476165771 360
1.785170555114746 360
1.793630599975586 360
1.801957607269287 360
1.8127093315124512 359
1.8209640979766846 359
1.8293323516845703 359
1.8378634452819824 359
1.8469960689544678 360
1.8551974296569824 360
1.8688938617706299 360
1.877845048904419 360
1.8865132331848145 359
1.8955090045928955 359
1.903291940689087 359
1.9136104583740234 360
1.9219744205474854 360
1.9304912090301514 360
1.9388744831085205 360
1.9478707313537598 360
1.9560720920562744 360
1.9653456211090088 360
1.9737701416015625 360
1.9825265407562256 360
1.991607427597046 359
1.9998595714569092 359
2.0115232467651367 359
2.020437240600586 360
2.0288894176483154 360
2.0371572971343994 360
2.04683780670166 360
2.0541725158691406 359
2.0636916160583496 359
2.072016954421997 359
2.081094980239868 359
2.0898337364196777 360
2.0992815494537354 360
2.107874870300293 360
2.1177642345428467 360
2.1257781982421875 360
2.133852958679199 360
2.143648624420166 359
2.152003049850464 359
2.1601216793060303 359
2.170165538787842 359
2.1787874698638916 359
2.187008857727051 360
2.19714617729187 360
2.2057652473449707 360
2.215620994567871 360
2.22743558883667 359
2.23673677444458 359
2.2457737922668457 359
2.2539379596710205 359
2.269005537033081 360
2.278452157974243 360
2.2893428802490234 360
2.2986843585968018 360
2.3074951171875 360
2.3168704509735107 359
2.3255090713500977 359
2.333914279937744 359
2.3425440788269043 359
2.351053237915039 359
2.3600785732269287 360
2.3714492321014404 360
2.379648447036743 360
2.3880398273468018 360
2.3978562355041504 360
2.407137155532837 360
2.415318012237549 360
2.4252712726593018 359
2.437845230102539 359
2.4491922855377197 359
2.460008382797241 359
2.473968029022217 360
2.485713481903076 361
2.4984078407287598 361
2.5101735591888428 360
2.5226383209228516 359
2.531101703643799 359
2.5397067070007324 359
2.54815936088562 359
2.5565812587738037 359
2.5638983249664307 359
2.5737180709838867 359
2.5821311473846436 359
2.5956339836120605 360
2.603870391845703 360
2.612499237060547 360
2.620945930480957 361
2.6309213638305664 360
2.63974928855896 360
2.6485791206359863 359
2.6568691730499268 359
2.6694962978363037 359
2.679090738296509 359
2.6874685287475586 360
2.696958541870117 360
2.705843210220337 360
2.713716506958008 360
2.722123861312866 359
2.733560562133789 359
2.741995096206665 359
2.7505109310150146 359
2.758928060531616 359
2.7680814266204834 360
2.777416944503784 360
2.785646915435791 360
2.7941622734069824 360
2.8035054206848145 359
2.8118247985839844 359
2.819955825805664 359
2.829519510269165 359
2.8392441272735596 360
2.8475394248962402 360
2.855790853500366 360
2.863506317138672 360
2.872701644897461 359
2.8818929195404053 359
2.89127254486084 359
2.8994994163513184 359
2.908738613128662 359
2.9170145988464355 360
2.9251861572265625 360
2.933880567550659 360
2.9434432983398438 359
2.9519758224487305 359
2.9601330757141113 359
2.9687137603759766 359
2.977367401123047 359
2.986712694168091 359
2.9957070350646973 360
3.0036122798919678 360
3.012631416320801 360
3.020878553390503 360
3.029946804046631 360
3.039051055908203 359
3.0479321479797363 359
3.0564606189727783 359
3.0688650608062744 359
3.0774667263031006 359
3.0870988368988037 360
3.0960922241210938 360
3.103684186935425 360
3.112855911254883 359
3.1211495399475098 359
3.129558563232422 359
3.139190673828125 359
3.154663562774658 359
3.1674282550811768 360
3.175645589828491 360
3.1856729984283447 360
3.1955809593200684 359
3.203429937362671 359
3.2126970291137695 359
3.2209272384643555 359
3.229198694229126 359
3.2397000789642334 359
3.250168561935425 360
3.2588276863098145 360
3.267225742340088 360
3.275409460067749 360
3.2853922843933105 359
3.2937710285186768 359
3.302452564239502 359
3.310762882232666 359
3.3197264671325684 359
3.328416585922241 359
3.3380916118621826 360
3.3470473289489746 360
3.3566715717315674 360
3.363935708999634 360
3.372708797454834 360
3.380941390991211 359
3.391620635986328 359
3.3999741077423096 359
3.4086215496063232 359
3.417189121246338 360
3.425379753112793 360
3.4333364963531494 360
3.4426968097686768 359
3.452087879180908 359
3.4601330757141113 359
3.472679853439331 359
