0 0
0.014362096786499023 0
0.03409600257873535 0
0.058542728424072266 4
0.07696223258972168 9
0.09032273292541504 14
0.09860396385192871 18
0.10698723793029785 22
0.11607050895690918 27
0.12551236152648926 32
0.13474416732788086 39
0.1436173915863037 44
0.1509101390838623 49
0.16006112098693848 54
0.16838788986206055 61
0.17660212516784668 67
0.1862502098083496 72
0.19553542137145996 80
0.20390653610229492 86
0.21394133567810059 93
0.2225790023803711 101
0.2324509620666504 108
0.24370169639587402 116
0.25101804733276367 122
0.2603600025177002 128
0.26865148544311523 136
0.2769629955291748 143
0.2863924503326416 150
0.29541921615600586 157
0.3041496276855469 164
0.31308507919311523 172
0.32065725326538086 178
0.33019375801086426 184
0.33968424797058105 192
0.34794187545776367 199
0.35675477981567383 207
0.365659236907959 214
0.37392449378967285 220
0.38173723220825195 228
0.3921208381652832 235
0.399949312210083 242
0.40939807891845703 250
0.41765403747558594 256
0.42662715911865234 264
0.43668699264526367 273
0.44545793533325195 283
0.4582040309906006 289
0.46704983711242676 298
0.4762606620788574 304
0.4866468906402588 314
0.4951479434967041 320
0.5036091804504395 327
0.5125827789306641 336
0.5207836627960205 342
0.5294969081878662 349
0.5390932559967041 357
0.5474257469177246 364
0.5568184852600098 372
0.5654983520507812 377
0.5738284587860107 382
0.5824129581451416 387
0.5910346508026123 390
0.5998575687408447 392
0.6094059944152832 395
0.6181662082672119 396
0.6264150142669678 397
0.6355586051940918 396
0.6448020935058594 396
0.6538476943969727 394
0.661668062210083 392
0.6700413227081299 390
0.6783506870269775 386
0.686995267868042 383
0.6964294910430908 378
0.7048904895782471 374
0.7149918079376221 368
0.7237794399261475 364
0.7310211658477783 359
0.7409532070159912 354
0.7509338855743408 348
0.7595994472503662 345
0.7678375244140625 342
0.7761707305908203 340
0.785630464553833 338
0.8002979755401611 338
0.8210382461547852 341
0.8523783683776855 352
0.8709540367126465 361
0.8809075355529785 365
0.8897349834442139 370
0.899101972579956 373
0.9098765850067139 376
0.9185483455657959 378
0.9267780780792236 379
0.9354996681213379 380
0.9446637630462646 379
0.9539730548858643 378
0.9621419906616211 376
0.9701142311096191 374
0.9784336090087891 370
0.9876580238342285 368
0.99676513671875 363
1.0050930976867676 359
1.014988660812378 354
1.02878737449646 349
1.05049729347229 344
1.0683650970458984 344
1.092771291732788 348
1.1036405563354492 351
1.1140263080596924 355
1.1221282482147217 359
1.1335690021514893 364
1.1458745002746582 370
1.1589603424072266 373
1.1700873374938965 375
1.1834208965301514 376
1.1942591667175293 375
1.2101824283599854 371
1.2235527038574219 368
1.2308814525604248 365
1.2402739524841309 362
1.2558259963989258 355
1.264434814453125 351
1.272651195526123 348
1.2810723781585693 346
1.290184736251831 345
1.2996432781219482 344
1.315807819366455 346
1.3347761631011963 350
1.356281042098999 357
1.3803138732910156 369
1.3899729251861572 374
1.398374080657959 377
1.408062219619751 380
1.4178991317749023 381
1.4270923137664795 382
1.435746669769287 382
1.444833517074585 381
1.4546711444854736 379
1.4627511501312256 377
1.470543384552002 374
1.4798004627227783 372
1.4880292415618896 368
1.4962947368621826 364
1.5057659149169922 360
1.515700101852417 354
1.529926061630249 348
1.5489141941070557 342
1.568547010421753 340
1.5863738059997559 342
1.6008000373840332 346
1.6208031177520752 353
1.6296467781066895 356
1.639401912689209 362
1.6483173370361328 368
1.663633108139038 372
1.6709649562835693 374
1.680370807647705 376
1.6888666152954102 376
1.6969575881958008 377
1.7063634395599365 376
1.7166965007781982 375
1.725470781326294 373
1.7337310314178467 371
1.7410399913787842 368
1.750133991241455 366
1.759596824645996 361
1.7751076221466064 354
1.7837872505187988 350
1.7910740375518799 347
1.7997357845306396 345
1.8101584911346436 343
1.8184740543365479 342
1.8282086849212646 342
1.8379428386688232 343
1.8464088439941406 344
1.854825496673584 346
1.8642373085021973 349
1.873061180114746 352
1.8811066150665283 356
1.890716552734375 360
1.899463415145874 364
1.90964674949646 368
1.925790548324585 373
1.9460234642028809 375
1.9635229110717773 373
1.982215404510498 368
1.990659475326538 366
1.9990923404693604 362
2.012291669845581 356
2.0200088024139404 354
2.0284578800201416 350
2.0380756855010986 348
2.0494134426116943 346
2.0640676021575928 346
2.072233200073242 346
2.0807480812072754 349
2.104370355606079 356
2.126642942428589 364
2.1378366947174072 368
2.1483187675476074 372
2.1567018032073975 374
2.1742193698883057 376
2.1836891174316406 375
2.200967311859131 372
2.2139594554901123 369
2.2246673107147217 365
2.2326745986938477 362
2.241649866104126 357
2.250584125518799 354
2.2610676288604736 350
2.2725183963775635 348
2.2808799743652344 346
2.2896604537963867 346
2.297886371612549 346
2.3077337741851807 347
2.3200573921203613 349
2.3284807205200195 352
2.3366799354553223 355
2.345987319946289 358
2.3541722297668457 361
2.3622546195983887 366
2.378473997116089 370
2.396573781967163 372
2.4168853759765625 371
2.4353866577148438 366
2.450098991394043 359
2.464803695678711 355
2.474731922149658 351
2.484097719192505 348
2.493560552597046 346
2.500856399536133 345
2.510902166366577 344
2.519566535949707 344
2.528855323791504 346
2.536956787109375 347
2.5463039875030518 349
2.55472469329834 352
2.5627481937408447 356
2.570802688598633 359
2.5869083404541016 366
2.6083967685699463 374
2.63066029548645 377
2.6496262550354004 376
2.66481876373291 372
2.6735572814941406 370
2.6841351985931396 366
2.6922872066497803 362
2.700972080230713 358
2.7108843326568604 354
2.7195565700531006 351
2.728830099105835 348
2.7369589805603027 346
2.746263027191162 345
2.754513740539551 344
2.764047622680664 344
2.772561550140381 346
2.783386707305908 348
2.7911128997802734 350
2.7997965812683105 352
2.8089466094970703 356
2.817028045654297 360
2.825716495513916 363
2.8496906757354736 372
2.874258518218994 374
2.8999245166778564 372
2.910179615020752 369
2.9185731410980225 366
2.9267733097076416 362
2.9363765716552734 359
2.9460248947143555 354
2.954784870147705 351
2.964094877243042 348
2.9722671508789062 346
2.982659339904785 345
2.990490198135376 345
2.9987964630126953 346
3.0080509185791016 346
3.0163745880126953 348
3.0247621536254883 350
3.033935546875 353
3.0425400733947754 357
3.0503034591674805 360
3.0655300617218018 366
3.0878679752349854 374
3.1049904823303223 376
3.1361794471740723 374
3.146507501602173 372
3.154977798461914 370
3.16343092918396 367
3.170768976211548 364
3.180844783782959 360
3.190451145172119 355
3.1989386081695557 352
3.2117176055908203 348
3.22373366355896 346
3.2350168228149414 345
3.2480437755584717 346
3.2654833793640137 348
3.2770514488220215 351
3.2900829315185547 356
3.3010904788970947 362
3.3125803470611572 366
3.320371627807617 368
3.3288984298706055 371
3.3369970321655273 373
3.346860885620117 374
3.3555095195770264 374
3.3639347553253174 374
3.3778936862945557 372
3.3997161388397217 366
3.4180028438568115 358
3.444023847579956 348
3.4522109031677246 345
3.4602770805358887 344
3.4686472415924072 342
3.477653980255127 342
3.487053394317627 342
3.4965505599975586 344
3.5056753158569336 346
3.5154523849487305 348
3.5236728191375732 352
3.5309572219848633 355
3.5395166873931885 358
3.549081563949585 363
3.5571165084838867 366
3.565737724304199 369
3.5740315914154053 372
3.5834336280822754 373
3.5907413959503174 374
3.600344657897949 374
3.6107757091522217 373
3.619410753250122 372
3.627640962600708 370
3.635929822921753 368
3.6462528705596924 365
3.654487371444702 361
3.6677205562591553 356
3.678272008895874 351
3.6877124309539795 348
3.6968395709991455 346
3.706388473510742 345
3.7164435386657715 345
3.725022792816162 346
3.7339208126068115 346
3.743067979812622 348
3.7538206577301025 351
3.761139392852783 355
3.7704224586486816 358
3.7816479206085205 362
3.7899296283721924 366
3.7994749546051025 369
3.807925224304199 371
3.8176827430725098 372
3.8260786533355713 373
3.8344130516052246 373
3.8437206745147705 372
3.852757453918457 370
3.860517740249634 368
3.8688764572143555 366
3.8778629302978516 363
3.886068820953369 360
3.901082754135132 354
3.912492275238037 349
3.9202768802642822 348
3.9285616874694824 346
3.936797857284546 345
3.9458072185516357 345
3.9550890922546387 346
3.9636733531951904 346
3.970968008041382 348
3.9803600311279297 350
3.988771677017212 353
3.998307704925537 357
4.009616136550903 362
4.018357515335083 366
4.026762962341309 368
4.035506725311279 370
4.04410719871521 372
4.054404258728027 373
4.068054437637329 372
4.076988697052002 372
4.085926294326782 370
4.094289541244507 367
4.103758096694946 365
4.11257004737854 361
4.120701313018799 358
4.129061698913574 354
4.137448787689209 352
4.146636247634888 349
4.15616250038147 348
4.164447784423828 347
4.172759056091309 348
4.181082248687744 348
4.189662933349609 349
4.19789719581604 351
4.209497690200806 354
4.218090057373047 358
4.226317644119263 360
4.2347846031188965 364
4.244226694107056 368
4.253756999969482 370
4.263380289077759 370
4.270812034606934 371
4.2799341678619385 370
4.288237571716309 370
4.296497583389282 368
4.307626008987427 364
4.316513538360596 362
4.3250510692596436 358
4.333470344543457 355
4.340823411941528 352
4.349837303161621 350
4.3593909740448 348
4.369635343551636 348
4.378799676895142 348
4.387059450149536 348
4.395703077316284 349
4.404074192047119 351
4.414170980453491 354
4.422277450561523 357
4.430522441864014 360
4.43880295753479 363
4.447983264923096 366
4.456279754638672 368
4.469560861587524 370
4.478547811508179 371
4.486905813217163 370
4.495689630508423 369
4.5044331550598145 367
4.5151214599609375 364
4.523523330688477 362
4.531665086746216 359
4.539791107177734 356
4.5486533641815186 352
4.556888103485107 350
4.5665388107299805 349
4.574951171875 348
4.58399510383606 348
4.592179536819458 349
4.599959850311279 350
4.615488529205322 354
4.623829126358032 357
4.631028890609741 360
4.6395978927612305 363
4.648246765136719 366
4.656514406204224 368
4.666105270385742 369
4.674452543258667 370
4.683673858642578 369
4.690966367721558 368
4.699665069580078 367
4.708103656768799 364
4.718829393386841 361
4.726936101913452 358
4.735971927642822 355
4.745012283325195 352
4.7536537647247314 350
4.760968446731567 349
4.770496845245361 349
4.779782295227051 349
4.78805947303772 350
4.796281099319458 350
4.804818630218506 353
4.814868211746216 356
4.825005054473877 360
4.833971261978149 362
4.841735124588013 366
4.850386619567871 368
4.8587892055511475 370
4.872716426849365 371
4.883455276489258 370
4.890798091888428 369
4.899617910385132 368
4.908767223358154 365
4.918894052505493 362
4.927042245864868 359
4.93601393699646 356
4.944969892501831 352
4.953421115875244 350
4.9608588218688965 349
4.970391035079956 348
4.979720830917358 348
4.988131999969482 349
4.996376991271973 350
