0 0
0.015396356582641602 0
0.03520631790161133 0
0.05227971076965332 2
0.07944464683532715 11
0.10857939720153809 24
0.1352689266204834 41
0.15359854698181152 51
0.1694319248199463 61
0.17775845527648926 68
0.18794560432434082 75
0.19776177406311035 83
0.20569920539855957 87
0.21409964561462402 95
0.22334074974060059 101
0.23177313804626465 107
0.24031424522399902 115
0.24979496002197266 123
0.25905919075012207 129
0.2679481506347656 137
0.27585387229919434 141
0.2857067584991455 149
0.29410743713378906 157
0.30367445945739746 164
0.31206202507019043 172
0.3211827278137207 178
0.3296334743499756 185
0.338010311126709 193
0.345994234085083 198
0.356112003326416 205
0.36537861824035645 210
0.3738515377044678 216
0.3823423385620117 221
0.3916199207305908 226
0.4013493061065674 232
0.40981268882751465 238
0.41924142837524414 243
0.4271702766418457 247
0.43541932106018066 250
0.44385743141174316 255
0.45399045944213867 259
0.4624354839324951 263
0.4716665744781494 267
0.4799528121948242 271
0.48996829986572266 275
0.4986145496368408 278
0.5079550743103027 282
0.5164668560028076 284
0.5252912044525146 287
0.5335731506347656 289
0.5420339107513428 293
0.5512886047363281 297
0.564171314239502 300
0.5734355449676514 301
0.5842878818511963 303
0.5925734043121338 305
0.6012446880340576 307
0.6105875968933105 310
0.6198606491088867 313
0.6281747817993164 315
0.6360068321228027 316
0.6448636054992676 317
0.6543850898742676 318
0.6625814437866211 319
0.6714191436767578 321
0.679771900177002 324
0.6899359226226807 325
0.6982462406158447 326
0.7078595161437988 327
0.7160637378692627 329
0.7244448661804199 330
0.7329070568084717 331
0.741335391998291 332
0.7502291202545166 333
0.7597081661224365 333
0.7680439949035645 334
0.7763478755950928 335
0.7861852645874023 337
0.7950127124786377 337
0.8034529685974121 338
0.8125209808349609 338
0.8219192028045654 338
0.8304159641265869 339
0.8389053344726562 341
0.8464279174804688 342
0.8555057048797607 343
0.8649897575378418 343
0.8732278347015381 343
0.8823978900909424 344
0.8917074203491211 345
0.9001381397247314 346
0.9096057415008545 346
0.9186182022094727 346
0.9261703491210938 345
0.9351141452789307 345
0.9436016082763672 346
0.95237135887146 347
0.9662325382232666 347
0.9750745296478271 346
0.9876265525817871 347
0.9963867664337158 348
1.005204200744629 349
1.0150785446166992 350
1.0233750343322754 349
1.031810998916626 349
1.0402328968048096 348
1.0495316982269287 348
1.0578205585479736 349
1.0666172504425049 349
1.0753660202026367 350
1.0854465961456299 350
1.0956439971923828 351
1.104386568069458 351
1.1144161224365234 350
1.1232149600982666 350
1.131617784500122 350
1.139941930770874 351
1.1493215560913086 352
1.1566331386566162 352
1.166198968887329 352
1.17496657371521 351
1.185377597808838 351
1.1938245296478271 352
1.2021641731262207 353
1.2110114097595215 353
1.221144676208496 353
1.2294771671295166 352
1.23775315284729 352
1.2462074756622314 353
1.2550172805786133 353
1.2649414539337158 353
1.273139476776123 353
1.2819998264312744 353
1.2912874221801758 353
1.2996845245361328 353
1.307915449142456 353
1.318068027496338 353
1.3260016441345215 353
1.334357500076294 353
1.342487096786499 353
1.351677656173706 353
1.3657186031341553 354
1.374161720275879 354
1.384124994277954 354
1.3933484554290771 354
1.4016509056091309 354
1.4099278450012207 354
1.4202632904052734 354
1.428525447845459 354
1.4361631870269775 354
1.4453651905059814 354
1.4537625312805176 354
1.4620461463928223 354
1.471548080444336 354
1.480360507965088 354
1.4894464015960693 354
1.4973039627075195 354
1.5055270195007324 354
1.514380931854248 354
1.5237846374511719 354
1.5320405960083008 354
1.540590524673462 354
1.5496304035186768 354
1.5577738285064697 354
1.5655145645141602 354
1.5749847888946533 354
1.585050344467163 354
1.5932331085205078 354
1.602541208267212 354
1.611795425415039 354
1.621239185333252 354
1.6295523643493652 354
1.637690544128418 354
1.645836353302002 354
1.654106616973877 354
1.6624996662139893 354
1.6719932556152344 354
1.6815941333770752 354
1.6913621425628662 354
1.7013804912567139 354
1.7104952335357666 354
1.7191247940063477 354
1.728123426437378 354
1.7358882427215576 354
1.7451629638671875 354
1.7533814907073975 354
1.7654876708984375 354
1.7756195068359375 354
1.7855613231658936 354
1.7940073013305664 354
1.802229642868042 354
1.8111960887908936 354
1.8194260597229004 354
1.8289244174957275 354
1.8362584114074707 354
1.8457887172698975 354
1.8540723323822021 354
1.8622734546661377 354
1.8709933757781982 354
1.8806185722351074 354
1.8899075984954834 354
1.8981084823608398 354
1.9061124324798584 354
1.9153625965118408 354
1.9244518280029297 354
1.9329183101654053 354
1.94193434715271 354
1.9503614902496338 354
1.9589848518371582 354
1.9663021564483643 354
1.9763317108154297 354
1.9861514568328857 354
1.9948341846466064 354
2.0029327869415283 354
2.01375675201416 354
2.0221776962280273 354
2.031719923019409 354
2.0399937629699707 354
2.0490972995758057 354
2.05643630027771 354
2.0650930404663086 354
2.0733530521392822 354
2.084451198577881 354
2.0926239490509033 354
2.1013975143432617 354
2.1114449501037598 354
2.121305227279663 354
2.1305391788482666 354
2.139382839202881 353
2.1514413356781006 353
2.168931484222412 353
2.181882858276367 353
2.1949148178100586 353
2.205852746963501 353
2.21889328956604 353
2.2262959480285645 353
2.236023426055908 353
2.245331287384033 352
2.2537426948547363 352
2.262164831161499 352
2.2706148624420166 352
2.2795939445495605 352
2.289822816848755 352
2.2980475425720215 352
2.306483507156372 352
2.315319538116455 351
2.3237547874450684 352
2.333341598510742 352
2.3421154022216797 352
2.3508992195129395 351
2.3594043254852295 351
2.367232084274292 351
2.3760852813720703 351
2.3931500911712646 351
2.402125835418701 351
2.4114742279052734 351
2.4197323322296143 351
2.4279274940490723 351
2.4364545345306396 351
2.446563482284546 350
2.45528244972229 350
2.4640982151031494 351
2.4733970165252686 351
2.481722354888916 350
2.4919652938842773 349
2.5019161701202393 350
2.511821985244751 351
2.521052598953247 351
2.5293874740600586 351
2.5393295288085938 351
2.5471718311309814 351
2.5554094314575195 351
2.568131446838379 351
2.5764524936676025 351
2.586642026901245 351
2.595614433288574 351
2.6048502922058105 350
2.613208770751953 350
2.621821403503418 350
2.63016414642334 351
2.6401262283325195 351
2.6482322216033936 351
2.6560120582580566 350
2.664545774459839 350
2.6736607551574707 350
2.6820499897003174 350
2.692138433456421 351
2.700982093811035 351
2.709937572479248 350
2.718207597732544 350
2.7263693809509277 350
2.735059976577759 350
2.745039463043213 350
2.7534139156341553 351
2.761837959289551 351
2.771078586578369 350
2.779446840286255 350
2.7885499000549316 349
2.797950029373169 351
2.806378126144409 351
2.8150887489318848 351
2.823784112930298 350
2.8320884704589844 349
2.842323064804077 349
2.8510422706604004 350
2.8595685958862305 350
2.867893695831299 351
2.876339912414551 350
2.886040449142456 349
2.895521640777588 349
2.9048843383789062 350
2.913214683532715 350
2.921858549118042 351
2.930377960205078 350
2.9397382736206055 349
2.9493088722229004 349
2.9571690559387207 349
2.9701404571533203 350
2.9783082008361816 350
2.989912986755371 350
2.9994170665740967 350
3.008884906768799 349
3.0163915157318115 349
3.0251240730285645 349
3.0333776473999023 349
3.0445971488952637 349
3.052933692932129 349
3.0613272190093994 349
3.070263385772705 349
3.0785086154937744 349
3.087611675262451 349
3.0962491035461426 349
3.108043909072876 349
3.115868330001831 349
3.124385118484497 348
3.1358883380889893 348
3.145465612411499 348
3.1537997722625732 348
3.162205934524536 348
3.171405792236328 348
3.179656505584717 347
3.1898131370544434 347
3.1998162269592285 348
3.209019899368286 349
3.216433048248291 349
3.2253754138946533 349
3.234534502029419 347
3.242971897125244 347
3.2541489601135254 348
3.2631676197052 349
3.2720699310302734 349
3.280951976776123 349
3.2899391651153564 348
3.299445390701294 347
3.3082077503204346 347
3.316030740737915 348
3.3245880603790283 349
3.333759307861328 349
3.342961549758911 349
3.3521852493286133 348
3.3609378337860107 347
3.374145030975342 347
3.3904623985290527 350
3.400909423828125 351
3.409350633621216 352
3.417675733566284 351
3.425525665283203 351
3.434295177459717 350
3.4434359073638916 350
3.4525725841522217 350
3.46134877204895 351
3.4706246852874756 351
3.4791243076324463 350
3.4880032539367676 349
3.4958646297454834 349
3.5060486793518066 349
3.514427661895752 350
3.5232107639312744 350
3.53176212310791 349
3.5415587425231934 349
3.5499095916748047 348
3.5594749450683594 348
3.5685765743255615 348
3.576197862625122 348
3.5859153270721436 348
3.5942933559417725 347
3.6042799949645996 347
3.6124963760375977 347
3.621246576309204 347
3.629564046859741 347
3.639012098312378 347
3.6464028358459473 347
3.655819892883301 347
3.6654131412506104 347
3.6737825870513916 346
3.682278871536255 346
3.691267490386963 346
3.7004220485687256 346
3.7098162174224854 346
3.7180564403533936 346
3.7258849143981934 346
3.7351486682891846 346
3.7434353828430176 346
3.751772403717041 346
3.7622432708740234 345
3.776137351989746 345
3.7858071327209473 345
3.79441499710083 345
3.8034205436706543 346
3.8134655952453613 346
3.823831796646118 345
3.832581043243408 344
3.8420770168304443 344
3.851135015487671 344
3.8604254722595215 345
3.869656562805176 345
3.8778374195098877 345
3.8865232467651367 345
3.895236015319824 344
3.9037883281707764 344
3.9132115840911865 344
3.9218435287475586 344
3.9310050010681152 344
3.939457893371582 344
3.947688102722168 344
3.955998182296753 344
3.966003656387329 344
3.974384069442749 344
3.983987331390381 343
3.9923653602600098 343
4.001880407333374 344
4.011637926101685 345
4.020151138305664 345
4.0284974575042725 345
4.037247657775879 345
4.045525789260864 344
4.054103136062622 343
4.0645716190338135 344
4.07314395904541 345
4.081642150878906 345
4.0911476612091064 345
4.100166082382202 345
4.108273983001709 345
4.1177918910980225 345
4.125779390335083 344
4.135054588317871 343
4.143394470214844 343
4.151770114898682 344
4.160295724868774 345
4.174950122833252 345
4.1843883991241455 345
4.19309139251709 345
4.202196359634399 344
4.211007356643677 343
4.22149395942688 343
4.233542203903198 345
4.245082139968872 346
4.257885694503784 346
4.271650075912476 345
4.284578084945679 342
4.296376466751099 341
4.3080525398254395 342
4.317784547805786 343
4.3257386684417725 344
4.335073232650757 344
4.343482494354248 343
4.351866006851196 342
4.360623121261597 342
4.370629549026489 342
4.3791680335998535 342
4.3964362144470215 342
4.405299186706543 342
4.413779973983765 342
4.42360520362854 342
4.43228816986084 342
4.441993236541748 341
4.45056939125061 341
4.459157228469849 341
4.46932578086853 342
4.477608680725098 342
4.486393451690674 342
4.495689868927002 341
4.506429672241211 340
4.51513671875 340
4.5241475105285645 341
4.533155918121338 341
4.541719675064087 342
4.5502965450286865 341
4.558861017227173 341
4.569603681564331 341
4.582481622695923 341
4.5918450355529785 341
4.601249694824219 341
4.609535217285156 341
4.617780447006226 341
4.628139019012451 341
4.6359851360321045 341
4.644359588623047 341
4.652515649795532 341
4.66198205947876 340
4.67162299156189 340
4.679981708526611 340
4.6894211769104 341
4.6982715129852295 341
4.706188678741455 341
4.714915037155151 340
4.724385976791382 339
4.733688831329346 339
4.742002725601196 339
4.750489234924316 340
4.759592294692993 341
4.768064975738525 341
4.778092861175537 339
4.787667989730835 339
4.796247720718384 338
4.804951190948486 338
4.813193082809448 338
4.821595907211304 339
4.831935882568359 339
4.840498447418213 338
4.849157333374023 337
4.856539487838745 337
4.866016626358032 338
4.875575304031372 339
4.885091781616211 339
4.894055604934692 339
4.902453184127808 338
4.911200523376465 338
4.919559001922607 338
4.929347276687622 338
4.937159299850464 338
4.94534969329834 338
4.9536683559417725 338
4.962523937225342 338
4.971157789230347 338
4.986135721206665 338
4.995438814163208 338
