0 0
0.01495981216430664 0
0.03419017791748047 0
0.055646657943725586 2
0.07420587539672852 8
0.09336304664611816 14
0.11318159103393555 24
0.12285709381103516 30
0.13195133209228516 36
0.14098072052001953 40
0.1483745574951172 46
0.15717124938964844 51
0.16682100296020508 58
0.1757054328918457 65
0.1842050552368164 70
0.1968677043914795 80
0.20703530311584473 87
0.21686887741088867 94
0.22533917427062988 100
0.23411965370178223 108
0.24360084533691406 114
0.2521660327911377 122
0.26092958450317383 127
0.2707254886627197 134
0.2780933380126953 140
0.2878129482269287 146
0.29667091369628906 151
0.30667996406555176 157
0.31499671936035156 164
0.32430410385131836 168
0.33366966247558594 174
0.3429529666900635 179
0.351426362991333 183
0.3597531318664551 188
0.37107062339782715 193
0.3800797462463379 199
0.3884093761444092 203
0.39726758003234863 207
0.4074680805206299 211
0.41579699516296387 216
0.42563819885253906 219
0.43405675888061523 223
0.4436469078063965 226
0.452268123626709 230
0.46087026596069336 234
0.47098350524902344 238
0.47841739654541016 241
0.48732876777648926 244
0.4957871437072754 246
0.5058677196502686 250
0.5141386985778809 253
0.5239062309265137 256
0.5327942371368408 258
0.5427417755126953 261
0.5513768196105957 264
0.5609452724456787 266
0.5698516368865967 269
0.5784416198730469 271
0.5872347354888916 273
0.6014914512634277 276
0.6142306327819824 280
0.627269983291626 284
0.6409580707550049 287
0.6523318290710449 288
0.6640050411224365 289
0.6773738861083984 290
0.6898646354675293 293
0.7008981704711914 296
0.7099006175994873 299
0.717780590057373 300
0.7274377346038818 301
0.7369391918182373 302
0.7458028793334961 302
0.7541408538818359 303
0.7629115581512451 305
0.7717349529266357 307
0.781425952911377 308
0.7896487712860107 310
0.7976059913635254 311
0.8080601692199707 312
0.8168351650238037 312
0.8261375427246094 313
0.8351767063140869 314
0.84364914894104 316
0.8522770404815674 318
0.8609004020690918 319
0.8697667121887207 320
0.8782899379730225 320
0.8871021270751953 320
0.8954212665557861 322
0.904360294342041 323
0.9136855602264404 323
0.9221723079681396 324
0.9316344261169434 325
0.9408197402954102 326
0.9495241641998291 327
0.9573657512664795 327
0.966742992401123 328
0.9752156734466553 328
0.9843692779541016 328
0.993105411529541 330
1.0076754093170166 332
1.0163373947143555 335
1.025151252746582 336
1.0353033542633057 336
1.0438086986541748 336
1.0529966354370117 336
1.0615270137786865 336
1.0724310874938965 338
1.0820283889770508 340
1.090949296951294 340
1.0997836589813232 340
1.1080989837646484 340
1.1167888641357422 340
1.1251859664916992 342
1.1351511478424072 343
1.1436522006988525 343
1.1521263122558594 342
1.160928726196289 342
1.1698486804962158 342
1.1777827739715576 343
1.1873435974121094 344
1.1957981586456299 345
1.2062032222747803 346
1.214402675628662 345
1.2231850624084473 344
1.2330207824707031 344
1.241271734237671 345
1.2496142387390137 346
1.257974624633789 347
1.267653226852417 346
1.27618408203125 346
1.2855489253997803 345
1.2939152717590332 345
1.3031280040740967 345
1.3127965927124023 346
1.3213233947753906 347
1.3304188251495361 348
1.3397302627563477 348
1.3475618362426758 347
1.3560504913330078 346
1.365309715270996 347
1.373711347579956 348
1.3824198246002197 349
1.3920159339904785 349
1.4055168628692627 348
1.4140386581420898 347
1.4229953289031982 346
1.4320261478424072 347
1.4416608810424805 348
1.4500250816345215 349
1.458404302597046 349
1.4676029682159424 348
1.476083755493164 347
1.4843313694000244 347
1.493739366531372 348
1.5033044815063477 348
1.5128850936889648 349
1.5211644172668457 349
1.5296378135681152 348
1.5383973121643066 348
1.547050952911377 349
1.5554728507995605 350
1.5654051303863525 350
1.5751104354858398 350
1.583448886871338 350
1.592897891998291 350
1.6016526222229004 350
1.610954761505127 350
1.6182332038879395 350
1.6270372867584229 350
1.6359069347381592 351
1.6455843448638916 351
1.6538817882537842 351
1.6632122993469238 351
1.6714892387390137 351
1.6796905994415283 351
1.6884219646453857 351
1.6977858543395996 351
1.707228183746338 351
1.7156767845153809 352
1.7239584922790527 351
1.7335205078125 350
1.7432804107666016 350
1.751574993133545 351
1.7600040435791016 352
1.769721269607544 353
1.777688980102539 352
1.78621506690979 352
1.796776294708252 351
1.8120787143707275 351
1.8208246231079102 352
1.8297717571258545 352
1.8377141952514648 352
1.847193717956543 352
1.8554961681365967 352
1.8642067909240723 352
1.8730428218841553 351
1.8812880516052246 351
1.8894679546356201 352
1.8998377323150635 352
1.90834641456604 351
1.9171628952026367 351
1.9257473945617676 350
1.9343910217285156 351
1.9439780712127686 352
1.952897310256958 352
1.9616048336029053 353
1.9699678421020508 352
1.9779047966003418 352
1.9867427349090576 352
1.9963841438293457 352
2.007108688354492 352
2.015462875366211 352
2.0236921310424805 352
2.0328805446624756 352
2.0413105487823486 352
2.0508005619049072 352
2.0581300258636475 352
2.0670998096466064 352
2.0759084224700928 352
2.0862245559692383 351
2.097029685974121 351
2.1066229343414307 351
2.1144344806671143 352
2.1232681274414062 352
2.1322007179260254 352
2.1406781673431396 351
2.149965524673462 350
2.1579043865203857 350
2.1671714782714844 350
2.175948143005371 351
2.1843137741088867 351
2.1936564445495605 352
2.215359926223755 348
2.2253377437591553 347
2.2338457107543945 346
2.2422666549682617 346
2.2515804767608643 346
2.2611782550811768 347
2.270787239074707 347
2.2794337272644043 347
2.287419080734253 347
2.2967255115509033 347
2.3069026470184326 347
2.315182685852051 348
2.3260931968688965 348
2.3351452350616455 347
2.3437907695770264 346
2.353433847427368 346
2.3628010749816895 347
2.371279716491699 348
2.3795735836029053 348
2.387401819229126 348
2.396251678466797 347
2.4068760871887207 347
2.4151666164398193 347
2.4240803718566895 348
2.432905435562134 348
2.4412102699279785 348
2.4489831924438477 347
2.4594619274139404 346
2.467542886734009 346
2.4761855602264404 348
2.485316038131714 348
2.4941866397857666 348
2.50374698638916 347
2.513213634490967 346
2.521730422973633 346
2.5310986042022705 346
2.5384304523468018 347
2.5472559928894043 347
2.5572669506073 348
2.565547466278076 347
2.573914051055908 346
2.583372116088867 346
2.5923306941986084 346
2.600959539413452 348
2.6155812740325928 348
2.6243860721588135 348
2.6331465244293213 348
2.6416070461273193 347
2.6499767303466797 347
2.6600375175476074 347
2.667811155319214 348
2.676351547241211 348
2.6870572566986084 348
2.6995368003845215 346
2.7134687900543213 347
2.725440740585327 349
2.7372701168060303 350
2.749498128890991 350
2.7629966735839844 348
2.771413803100586 347
2.779740333557129 346
2.7890419960021973 346
2.797837018966675 346
2.8095784187316895 347
2.8174080848693848 348
2.826953172683716 347
2.8368356227874756 347
2.845200538635254 346
2.85353422164917 346
2.863586902618408 346
2.8719534873962402 346
2.8800559043884277 346
2.8894567489624023 346
2.897357225418091 346
2.906669855117798 346
2.9156720638275146 346
2.9247641563415527 346
2.9332215785980225 346
2.9416677951812744 345
2.9500601291656494 345
2.9584248065948486 345
2.9680755138397217 346
2.9767799377441406 346
2.985023021697998 345
2.9950106143951416 344
3.0084311962127686 345
3.018176555633545 346
3.027343511581421 347
3.0358598232269287 348
3.0440993309020996 347
3.052912950515747 347
3.0632588863372803 346
3.0715816020965576 347
3.080014705657959 348
3.088334083557129 348
3.096973419189453 348
3.1057682037353516 346
3.1153361797332764 346
3.124297618865967 345
3.133002519607544 345
3.1412534713745117 345
3.1494221687316895 345
3.157879114151001 345
3.167438268661499 345
3.17579984664917 344
3.184253454208374 344
3.193528652191162 344
3.202718496322632 345
3.211812734603882 346
3.221708059310913 345
3.2300620079040527 344
3.237907648086548 343
3.246994972229004 343
3.255889892578125 344
3.264211416244507 345
3.2737181186676025 345
3.2821707725524902 345
3.291271924972534 344
3.29964280128479 343
3.3098244667053223 343
3.3192200660705566 344
3.327572822570801 345
3.336085796356201 345
3.3461861610412598 345
3.3559181690216064 344
3.364328384399414 344
3.373798370361328 344
3.382375955581665 344
3.3971590995788574 343
3.411487579345703 343
3.4220380783081055 344
3.4307916164398193 344
3.438204526901245 344
3.446909189224243 344
3.455798864364624 344
3.464022159576416 344
3.4737160205841064 343
3.4823315143585205 343
3.4913828372955322 343
3.4995779991149902 343
3.5095062255859375 343
3.518169641494751 343
3.527606248855591 343
3.535902738571167 342
3.5443851947784424 342
3.5535736083984375 342
3.5619306564331055 342
3.5712437629699707 343
3.5795750617980957 343
3.588132619857788 342
3.5969271659851074 342
3.6063899993896484 341
3.615485668182373 341
3.625704050064087 342
3.634101152420044 342
3.6429502964019775 342
3.6516664028167725 342
3.659923791885376 341
3.668036937713623 341
3.677715539932251 341
3.687211036682129 342
3.6956539154052734 342
3.7041029930114746 342
3.7134687900543213 342
3.723567008972168 342
3.732043743133545 341
3.740709066390991 341
3.7480955123901367 341
3.757270097732544 341
3.7655751705169678 341
3.7752463817596436 341
3.7841954231262207 341
3.792884588241577 341
3.8012006282806396 341
3.814948558807373 340
3.825216054916382 340
3.833719491958618 340
3.8427438735961914 341
3.8522017002105713 342
3.8612701892852783 341
3.8695380687713623 340
3.8781888484954834 341
3.8876798152923584 342
3.8962039947509766 342
3.9051332473754883 341
3.9149889945983887 340
3.924055337905884 340
3.933711528778076 340
3.94218111038208 340
3.9510762691497803 340
3.959002733230591 341
3.967349052429199 340
3.9758102893829346 340
3.985900402069092 339
3.9942898750305176 340
4.003101825714111 340
4.0123302936553955 340
4.021787166595459 340
4.031423568725586 340
4.0396459102630615 339
4.047654151916504 339
4.056997060775757 339
4.065230846405029 339
4.0735907554626465 339
4.083856821060181 339
4.092311859130859 339
4.1008617877960205 339
4.1100380420684814 338
4.118370294570923 339
4.127676010131836 339
4.137200832366943 339
4.14561915397644 338
4.155038356781006 338
4.1635613441467285 338
4.1719512939453125 338
4.181686639785767 337
4.190097332000732 337
4.197964906692505 338
4.220929145812988 338
4.228283882141113 338
4.238172769546509 337
4.247524261474609 336
4.256100177764893 337
4.266812086105347 337
4.2755677700042725 338
4.285919189453125 337
4.294416189193726 336
4.3032050132751465 336
4.312735080718994 336
4.322831153869629 337
4.332141637802124 338
4.341582536697388 338
4.35071587562561 337
4.358222484588623 336
4.366942405700684 336
4.375217437744141 336
4.3852715492248535 336
4.3936028480529785 336
4.402038097381592 336
4.411344528198242 336
4.420055866241455 336
4.428382158279419 336
4.437943696975708 336
4.447396755218506 336
4.455708980560303 336
4.4639739990234375 336
4.472440481185913 336
4.4813151359558105 336
4.490746736526489 336
4.498111963272095 335
4.507871150970459 335
4.516955614089966 336
4.525350570678711 336
4.534110069274902 336
4.543653726577759 336
4.552995443344116 336
4.561434507369995 336
4.569610595703125 335
4.577582597732544 335
4.587410926818848 335
4.595763683319092 335
4.604144334793091 335
4.6178624629974365 335
4.626807689666748 335
4.635722398757935 335
4.645704507827759 334
4.654112815856934 334
4.662811756134033 335
4.671234130859375 335
4.68067193031311 335
4.6897196769714355 335
4.697527170181274 334
4.707096099853516 334
4.716087341308594 334
4.724213361740112 335
4.733026504516602 335
4.742952585220337 335
4.752040386199951 334
4.760984659194946 334
4.772293567657471 334
4.784378528594971 334
4.797188758850098 334
4.812334060668945 335
4.8235790729522705 335
4.835683107376099 334
4.851206541061401 333
4.862973213195801 333
4.874376535415649 334
4.885265827178955 335
4.894430637359619 336
4.903269290924072 335
4.913429260253906 334
4.922099590301514 333
4.930753469467163 332
4.938228130340576 333
4.949749708175659 334
4.95770788192749 335
4.966248512268066 335
4.974438190460205 335
4.9838926792144775 334
4.992662668228149 334
