0 0
0.012547492980957031 0
0.03381943702697754 0
0.05063915252685547 2
0.07021975517272949 6
0.08680605888366699 14
0.10667634010314941 24
0.11774349212646484 29
0.1270127296447754 35
0.13492774963378906 40
0.14368963241577148 45
0.15207481384277344 50
0.16218924522399902 57
0.17061805725097656 62
0.18010377883911133 70
0.18869280815124512 77
0.19790124893188477 83
0.20533204078674316 89
0.2149677276611328 96
0.22448492050170898 104
0.23384881019592285 110
0.24241065979003906 116
0.25078535079956055 124
0.26193857192993164 132
0.27098894119262695 140
0.27983617782592773 146
0.288677453994751 153
0.2980806827545166 159
0.3059523105621338 164
0.3148813247680664 171
0.3284311294555664 179
0.3367466926574707 186
0.3446238040924072 190
0.3530547618865967 196
0.36335182189941406 201
0.37189602851867676 205
0.38186001777648926 210
0.39667701721191406 218
0.4050252437591553 223
0.4147648811340332 230
0.4264535903930664 236
0.434342622756958 238
0.44280052185058594 242
0.45134425163269043 244
0.4605271816253662 248
0.4701709747314453 252
0.4787561893463135 257
0.4879288673400879 261
0.4969797134399414 264
0.5052034854888916 266
0.5139894485473633 269
0.5246155261993408 272
0.533076286315918 275
0.5416562557220459 278
0.5502278804779053 281
0.5592083930969238 284
0.5685827732086182 286
0.5768270492553711 288
0.5847890377044678 291
0.5946836471557617 294
0.6032111644744873 295
0.6117115020751953 296
0.6211798191070557 299
0.631049633026123 301
0.6398732662200928 303
0.648231029510498 305
0.6581766605377197 306
0.6660022735595703 308
0.6750752925872803 310
0.6837344169616699 311
0.6937057971954346 313
0.7025284767150879 314
0.7109320163726807 316
0.7212069034576416 318
0.7313454151153564 320
0.7400476932525635 321
0.7483334541320801 322
0.7568471431732178 322
0.7667224407196045 322
0.7766871452331543 324
0.7846786975860596 325
0.7986776828765869 328
0.8069345951080322 328
0.815039873123169 328
0.8268208503723145 328
0.8346889019012451 330
0.8436646461486816 331
0.8519999980926514 333
0.8609399795532227 334
0.8697347640991211 334
0.8791120052337646 334
0.8886816501617432 334
0.8996548652648926 336
0.9078924655914307 337
0.915320873260498 338
0.92645263671875 339
0.9343085289001465 339
0.9426286220550537 340
0.950925350189209 340
0.9605178833007812 341
0.9690892696380615 341
0.9784903526306152 342
0.9867804050445557 342
0.9949674606323242 343
1.004218578338623 343
1.0125420093536377 344
1.0224127769470215 344
1.0319061279296875 344
1.0402460098266602 344
1.0485374927520752 344
1.057830810546875 345
1.0651936531066895 346
1.0739357471466064 346
1.0831992626190186 346
1.0924229621887207 346
1.1012725830078125 346
1.109919786453247 346
1.1181817054748535 346
1.1291537284851074 348
1.137803554534912 349
1.1452226638793945 348
1.1544418334960938 348
1.1627497673034668 347
1.171093463897705 347
1.1805329322814941 348
1.1931192874908447 350
1.2020671367645264 350
1.2109382152557373 349
1.220294713973999 348
1.2305567264556885 348
1.238919973373413 349
1.2476191520690918 350
1.256479263305664 351
1.2644939422607422 351
1.2727515697479248 350
1.282348871231079 350
1.2908449172973633 350
1.2992584705352783 351
1.308318853378296 352
1.3165996074676514 352
1.3265948295593262 351
1.3365588188171387 350
1.344494342803955 350
1.3537013530731201 350
1.362515926361084 351
1.3708882331848145 352
1.3827245235443115 352
1.3946831226348877 350
1.4085378646850586 349
1.420708179473877 349
1.4345571994781494 350
1.44679594039917 352
1.459033727645874 352
1.470127820968628 352
1.4803521633148193 351
1.4908146858215332 350
1.4997084140777588 350
1.5079905986785889 350
1.5167756080627441 351
1.526834487915039 352
1.535391092300415 351
1.5441880226135254 350
1.5533380508422852 350
1.5619065761566162 351
1.570469856262207 351
1.5788919925689697 352
1.5890626907348633 351
1.6018867492675781 350
1.6105256080627441 350
1.6201717853546143 350
1.6298010349273682 351
1.6390788555145264 352
1.647684097290039 352
1.6565327644348145 351
1.664477825164795 351
1.6728618144989014 350
1.6812286376953125 351
1.6912989616394043 352
1.7003018856048584 352
1.7086150646209717 352
1.7183902263641357 352
1.7277908325195312 351
1.7368011474609375 351
1.7447211742401123 351
1.754098653793335 352
1.7624404430389404 352
1.770742654800415 352
1.7791187763214111 351
1.7892053127288818 350
1.7979316711425781 350
1.8052198886871338 351
1.8139724731445312 352
1.8249638080596924 352
1.8336739540100098 351
1.8427791595458984 350
1.851961612701416 350
1.8604745864868164 350
1.8686985969543457 351
1.8776583671569824 351
1.8866043090820312 352
1.8953351974487305 351
1.9040067195892334 350
1.9147305488586426 351
1.9251220226287842 352
1.933882236480713 352
1.946436882019043 351
1.9548077583312988 350
1.9633095264434814 350
1.9714009761810303 350
1.9801533222198486 351
1.9893147945404053 351
2.003124475479126 350
2.013793468475342 350
2.024279832839966 349
2.0327014923095703 350
2.0423097610473633 351
2.0513052940368652 351
2.0599241256713867 350
2.0683271884918213 350
2.076517343521118 350
2.0846400260925293 350
2.0941121578216553 350
2.1025238037109375 350
2.1107466220855713 350
2.1200027465820312 350
2.1288907527923584 350
2.136972665786743 350
2.1465306282043457 350
2.154938220977783 350
2.163721799850464 350
2.1719605922698975 350
2.180295705795288 350
2.189290761947632 350
2.1985764503479004 350
2.2068228721618652 350
2.215271234512329 350
2.228140354156494 350
2.2368521690368652 350
2.245924234390259 350
2.2544896602630615 350
2.262744903564453 350
2.271122932434082 350
2.281316041946411 350
2.2899749279022217 350
2.299234390258789 350
2.307744026184082 350
2.315951347351074 350
2.324932813644409 350
2.3340306282043457 350
2.347661018371582 350
2.355024814605713 350
2.3636558055877686 350
2.3718960285186768 350
2.380781412124634 350
2.389228582382202 349
2.4033350944519043 349
2.4119341373443604 349
2.421083688735962 349
2.4303455352783203 349
2.4393222332000732 349
2.448068141937256 349
2.457033157348633 349
2.464909553527832 348
2.473658561706543 348
2.4824674129486084 348
2.4908034801483154 349
2.5009355545043945 349
2.5097548961639404 349
2.5189151763916016 348
2.528550863265991 348
2.5378806591033936 348
2.545212745666504 348
2.554945230484009 348
2.5637011528015137 348
2.5719058513641357 348
2.5811328887939453 348
2.5898332595825195 348
2.5980710983276367 348
2.6073973178863525 348
2.6158618927001953 348
2.624788761138916 347
2.633326292037964 347
2.6419014930725098 347
2.650848150253296 348
2.6605515480041504 348
2.6688969135284424 348
2.6770071983337402 348
2.6859474182128906 347
2.6941871643066406 347
2.7038016319274902 347
2.7125751972198486 347
2.720968246459961 346
2.730475425720215 346
2.738893508911133 346
2.7480404376983643 347
2.7576260566711426 347
2.765101909637451 346
2.7738561630249023 346
2.7826178073883057 346
2.7909512519836426 346
2.8031885623931885 346
2.8137409687042236 346
2.8240394592285156 346
2.832531690597534 345
2.840750217437744 346
2.852079153060913 346
2.861147880554199 346
2.8698763847351074 345
2.8789045810699463 344
2.887331485748291 344
2.8949155807495117 345
2.903722047805786 346
2.9138715267181396 346
2.9230523109436035 345
2.931307792663574 344
2.940166711807251 344
2.949349880218506 344
2.9587528705596924 345
2.9669699668884277 346
2.974726676940918 345
2.983825922012329 345
2.992103099822998 345
3.0005273818969727 345
3.0103747844696045 345
3.0186731815338135 345
3.0278847217559814 345
3.0351760387420654 345
3.044438362121582 344
3.05383038520813 344
3.063352346420288 345
3.071938991546631 346
3.080782651901245 346
3.089216470718384 345
3.097783327102661 344
3.1051547527313232 344
3.1150565147399902 344
3.1246373653411865 344
3.1330413818359375 344
3.141193389892578 345
3.150541305541992 345
3.158888101577759 344
3.16843318939209 344
3.1770379543304443 343
3.18509840965271 343
3.193779230117798 344
3.2064480781555176 345
3.2168052196502686 344
3.2252800464630127 344
3.2340950965881348 343
3.2431654930114746 342
3.25164794921875 342
3.260188341140747 343
3.269375801086426 344
3.2785933017730713 344
3.2868268489837646 343
3.294783353805542 342
3.3036787509918213 342
3.3139469623565674 343
3.323138952255249 344
3.331315517425537 344
3.340022087097168 344
3.348991632461548 343
3.368044853210449 342
3.3769540786743164 342
3.3847460746765137 342
3.393134355545044 342
3.401228904724121 342
3.410390853881836 343
3.4200568199157715 342
3.429733991622925 342
3.4381587505340576 342
3.4470667839050293 342
3.454873561859131 342
3.4680049419403076 342
3.4806385040283203 341
3.491879463195801 341
3.5031118392944336 342
3.5151710510253906 342
3.5298526287078857 342
3.5410025119781494 341
3.5498504638671875 340
3.558352470397949 340
3.566990613937378 341
3.5778086185455322 342
3.585240364074707 342
3.5939059257507324 341
3.6069936752319336 340
3.6149415969848633 340
3.625943183898926 340
3.6343119144439697 341
3.645163059234619 342
3.654663562774658 342
3.663888454437256 341
3.6740529537200928 341
3.6823277473449707 341
3.6906399726867676 341
3.699169158935547 342
3.7080328464508057 342
3.7153847217559814 342
3.726738452911377 340
3.734631299972534 340
3.7438299655914307 341
3.7523069381713867 342
3.7607040405273438 342
3.7698378562927246 342
3.780219316482544 341
3.788578987121582 340
3.79681658744812 340
3.8046481609344482 341
3.8138997554779053 341
3.824624538421631 340
3.833218812942505 340
3.8425660133361816 340
3.8508543968200684 340
3.8593084812164307 340
3.868032217025757 340
3.8786091804504395 340
3.886850595474243 340
3.894636869430542 340
3.903172016143799 340
3.9123306274414062 340
3.9206719398498535 340
3.9307878017425537 340
3.9400877952575684 340
3.9483819007873535 340
3.956543445587158 340
3.9645490646362305 340
3.9745564460754395 339
3.9839823246002197 339
3.9922196865081787 339
4.004818677902222 340
4.013717174530029 339
4.023297309875488 338
4.032751798629761 338
4.0413408279418945 339
4.050225734710693 340
4.059268951416016 340
4.067781209945679 339
4.078343391418457 338
4.086734294891357 338
4.094691753387451 339
4.1031334400177 340
4.112294435501099 340
4.120564699172974 339
4.1307737827301025 338
4.140224456787109 337
4.148644208908081 337
4.156908273696899 338
4.1648430824279785 338
4.174668550491333 338
4.184123277664185 338
4.1924707889556885 337
4.201164722442627 337
4.210345029830933 337
4.230764865875244 338
4.242419719696045 338
4.25081729888916 338
4.259817838668823 337
4.268213272094727 337
4.278144121170044 337
4.289255857467651 337
4.297771692276001 337
4.307053089141846 338
4.314850568771362 338
4.3246169090271 337
4.334198951721191 337
4.3443381786346436 338
4.352753400802612 338
4.361021518707275 337
4.370453596115112 337
4.379794120788574 337
4.388992547988892 338
4.397393226623535 338
4.410714626312256 337
4.419710874557495 336
4.429073095321655 336
4.43969988822937 336
4.448085308074951 337
4.455943822860718 338
4.4642345905303955 337
4.4736573696136475 336
4.4832892417907715 336
4.492711067199707 336
4.5010340213775635 337
4.51033878326416 337
4.518628358840942 337
4.5280797481536865 337
4.538236856460571 336
4.5464677810668945 336
4.554301738739014 336
4.562812089920044 336
4.5718913078308105 337
4.58039402961731 336
4.5898613929748535 336
4.5981833934783936 335
4.607764959335327 335
4.615147829055786 335
4.624798774719238 336
4.6333324909210205 336
4.6436991691589355 335
4.652180194854736 334
4.660715818405151 334
4.669862985610962 334
4.678246974945068 334
4.687368869781494 335
4.696594715118408 335
4.7050251960754395 335
4.713744640350342 335
4.722352981567383 334
4.731194734573364 335
4.741645336151123 335
4.750221490859985 336
4.7584803104400635 335
4.767832040786743 334
4.7752525806427 334
4.7839343547821045 334
4.793761968612671 334
4.807918071746826 334
4.815220594406128 334
4.825151443481445 334
4.834490060806274 334
4.844015121459961 334
4.85422420501709 334
4.863084554672241 333
4.872354030609131 333
4.880685567855835 333
4.8891284465789795 334
4.898627042770386 334
4.9077794551849365 334
4.915081739425659 334
4.924710273742676 333
4.934164762496948 333
4.94336199760437 333
4.951652765274048 333
4.960128307342529 333
4.968732118606567 334
4.97761082649231 334
4.985102891921997 333
4.994750261306763 332
