0 0
0.013520240783691406 0
0.03354310989379883 0
0.05015850067138672 2
0.0690453052520752 6
0.08903384208679199 14
0.10511541366577148 22
0.11347222328186035 27
0.1222684383392334 32
0.13098812103271484 36
0.1395118236541748 42
0.14890313148498535 48
0.15938043594360352 54
0.16769933700561523 61
0.17560505867004395 66
0.18564200401306152 73
0.19404816627502441 80
0.20229482650756836 86
0.21183466911315918 90
0.2213289737701416 96
0.22974085807800293 102
0.23903369903564453 108
0.2476639747619629 115
0.25627613067626953 120
0.2649722099304199 124
0.27345895767211914 129
0.2839789390563965 135
0.2922368049621582 139
0.30090856552124023 143
0.31020665168762207 149
0.3192117214202881 153
0.3274550437927246 159
0.3353452682495117 162
0.3496229648590088 171
0.359755277633667 174
0.3685898780822754 178
0.3761422634124756 181
0.38625025749206543 186
0.3949775695800781 190
0.4036123752593994 195
0.41385579109191895 198
0.4222111701965332 200
0.4309422969818115 203
0.43936896324157715 206
0.4529728889465332 211
0.46220946311950684 216
0.4710075855255127 220
0.479874849319458 224
0.48927855491638184 226
0.49761509895324707 228
0.509441614151001 232
0.519036054611206 235
0.5269784927368164 239
0.5353343486785889 241
0.5437231063842773 244
0.5530459880828857 246
0.5636584758758545 248
0.5720565319061279 251
0.5815703868865967 255
0.5910482406616211 258
0.5994110107421875 260
0.6076869964599609 262
0.6178486347198486 265
0.6256992816925049 267
0.6341981887817383 270
0.642937183380127 271
0.6516540050506592 273
0.6613943576812744 274
0.6699128150939941 277
0.6788859367370605 279
0.6882843971252441 282
0.695911169052124 283
0.7047796249389648 284
0.714977502822876 286
0.7233438491821289 287
0.7317085266113281 289
0.7403182983398438 291
0.7534153461456299 294
0.7630877494812012 296
0.7716729640960693 296
0.7807061672210693 297
0.7899675369262695 298
0.7983841896057129 300
0.8060929775238037 302
0.8160274028778076 304
0.8249030113220215 306
0.833184003829956 306
0.8416032791137695 306
0.850914716720581 307
0.8591976165771484 308
0.8688607215881348 310
0.8776578903198242 312
0.8863544464111328 312
0.8952088356018066 312
0.9060673713684082 314
0.916196346282959 316
0.9251766204833984 317
0.9335577487945557 318
0.9451360702514648 319
0.9534475803375244 319
0.9618141651153564 320
0.9714169502258301 321
0.9807474613189697 322
0.9896924495697021 324
0.9979822635650635 324
1.006150722503662 324
1.0155436992645264 325
1.0250840187072754 326
1.0334510803222656 327
1.0426547527313232 328
1.051323652267456 328
1.0599753856658936 328
1.0696206092834473 330
1.0809319019317627 332
1.090871810913086 334
1.0992014408111572 334
1.1075036525726318 334
1.1157615184783936 334
1.1255168914794922 335
1.1340408325195312 337
1.1433687210083008 338
1.1563069820404053 339
1.1656696796417236 338
1.1757373809814453 337
1.1853418350219727 338
1.1937127113342285 339
1.2020626068115234 340
1.2115206718444824 340
1.2209970951080322 338
1.229391098022461 338
1.2375454902648926 338
1.246091365814209 340
1.2548906803131104 341
1.2632167339324951 342
1.2723042964935303 343
1.2816364765167236 343
1.291062593460083 342
1.2994842529296875 341
1.3087882995605469 341
1.3161113262176514 342
1.3257968425750732 343
1.3343052864074707 344
1.3433043956756592 344
1.351576805114746 344
1.360121488571167 345
1.36879301071167 346
1.378953456878662 347
1.3882458209991455 347
1.3960864543914795 346
1.4047913551330566 345
1.4133930206298828 345
1.4217898845672607 345
1.4314141273498535 346
1.440770149230957 347
1.4491961002349854 348
1.4574923515319824 348
1.4653444290161133 348
1.4752585887908936 347
1.4848597049713135 348
1.4932622909545898 348
1.5015604496002197 349
1.5109846591949463 349
1.519336223602295 349
1.5287575721740723 349
1.5360596179962158 349
1.545499563217163 350
1.5593628883361816 350
1.5676965713500977 351
1.5778744220733643 350
1.5889012813568115 350
1.5962257385253906 350
1.6098883152008057 351
1.6183795928955078 352
1.627713680267334 352
1.635533332824707 352
1.6469550132751465 350
1.655259370803833 350
1.663743257522583 351
1.6731398105621338 352
1.683356523513794 353
1.691767692565918 353
1.701383352279663 352
1.7108526229858398 350
1.719348669052124 350
1.727538824081421 350
1.7361063957214355 351
1.7453455924987793 352
1.754866600036621 352
1.7631571292877197 351
1.7722015380859375 350
1.7828867435455322 350
1.7918188571929932 352
1.8006885051727295 352
1.8094732761383057 353
1.8177015781402588 353
1.8254811763763428 353
1.835155725479126 353
1.8441400527954102 353
1.8522446155548096 353
1.8608605861663818 353
1.8690719604492188 353
1.877802848815918 353
1.8915693759918213 353
1.9026973247528076 354
1.9153993129730225 354
1.9261722564697266 354
1.9401209354400635 353
1.9577198028564453 353
1.9659099578857422 354
1.9752402305603027 355
1.985597848892212 355
1.9938883781433105 355
2.0021376609802246 355
2.0123322010040283 354
2.021207571029663 354
2.029474973678589 355
2.0394392013549805 356
2.047780990600586 356
2.055567741394043 355
2.0640511512756348 354
2.07334566116333 354
2.081718683242798 354
2.094296932220459 354
2.103665351867676 355
2.1118998527526855 355
2.1203253269195557 354
2.128925085067749 354
2.139073371887207 354
2.146317720413208 354
2.1548635959625244 354
2.1630730628967285 354
2.171949625015259 354
2.180617570877075 354
2.1908371448516846 354
2.1992180347442627 354
2.2079508304595947 354
2.2157280445098877 354
2.2251534461975098 354
2.233398675918579 354
2.2434566020965576 354
2.251739263534546 354
2.2602345943450928 354
2.2691586017608643 354
2.2769553661346436 354
2.2868616580963135 354
2.2958908081054688 354
2.3053011894226074 354
2.3135738372802734 354
2.321955442428589 354
2.330369710922241 354
2.340670347213745 354
2.3490333557128906 354
2.361671209335327 354
2.3708622455596924 354
2.3793320655822754 354
2.3886289596557617 354
2.3977086544036865 354
2.4060864448547363 354
2.4147300720214844 354
2.4229345321655273 354
2.4312679767608643 354
2.44132661819458 354
2.4496967792510986 354
2.4578495025634766 354
2.465613603591919 354
2.474656343460083 354
2.491405725479126 354
2.501495361328125 354
2.5097575187683105 354
2.517956495285034 354
2.5258946418762207 354
2.5351827144622803 354
2.5455257892608643 354
2.55379056930542 354
2.562164068222046 354
2.5710484981536865 354
2.5792627334594727 354
2.588297128677368 354
2.5975754261016846 354
2.609112501144409 354
2.616898536682129 354
2.6252331733703613 354
2.6341185569763184 354
2.642219305038452 354
2.6516168117523193 354
2.6599838733673096 354
2.6695921421051025 354
2.6778299808502197 354
2.687382698059082 354
2.6959879398345947 354
2.7053041458129883 354
2.713550090789795 354
2.7218103408813477 354
2.7302448749542236 354
2.739192008972168 354
2.7486164569854736 354
2.7610785961151123 354
2.770277976989746 354
2.778883457183838 354
2.7876930236816406 354
2.795485734939575 354
2.8058371543884277 354
2.8141252994537354 354
2.8221871852874756 354
2.830841064453125 354
2.839686870574951 354
2.849097728729248 354
2.856910467147827 354
2.8658931255340576 354
2.874663829803467 354
2.8836686611175537 354
2.8919262886047363 354
2.901735305786133 354
2.9101297855377197 354
2.9187793731689453 354
2.9260904788970947 354
2.9353809356689453 354
2.9437038898468018 354
2.953106641769409 353
2.9615395069122314 353
2.97074818611145 353
2.9793596267700195 354
2.988323450088501 354
2.995865821838379 354
3.006045341491699 353
3.014880418777466 353
3.0231454372406006 353
3.0320639610290527 353
3.0408546924591064 353
3.0491368770599365 353
3.0586013793945312 353
3.0669078826904297 353
3.075111150741577 353
3.085055351257324 352
3.0934860706329346 352
3.1033811569213867 352
3.1136362552642822 353
3.1221184730529785 354
3.1315062046051025 353
3.1400306224823 352
3.1483914852142334 352
3.161916971206665 352
3.1713147163391113 353
3.180004358291626 354
3.189173460006714 354
3.1976027488708496 354
3.206197500228882 353
3.215470790863037 352
3.2240633964538574 352
3.233267068862915 353
3.2416749000549316 354
3.2502167224884033 354
3.259652853012085 354
3.2687649726867676 353
3.276200294494629 352
3.2858057022094727 352
3.2941830158233643 353
3.3034257888793945 353
3.3129899501800537 354
3.321345090866089 353
3.330754280090332 352
3.33917236328125 351
3.3534603118896484 351
3.363534927368164 351
3.37192702293396 352
3.380746364593506 352
3.390071392059326 352
3.3993923664093018 352
3.408720016479492 352
3.416048526763916 352
3.4246997833251953 352
3.4335203170776367 351
3.4418935775756836 351
3.4506726264953613 351
3.46004056930542 351
3.4692184925079346 352
3.4774036407470703 352
3.4861629009246826 351
3.495460033416748 351
3.503753423690796 351
3.513223648071289 351
3.521688222885132 351
3.5308046340942383 351
3.5390610694885254 351
3.546860694885254 351
3.5617191791534424 351
3.5703768730163574 351
3.579096555709839 351
3.588602066040039 351
3.5963294506073 351
3.605107545852661 351
3.614321708679199 351
3.6247236728668213 351
3.63386607170105 351
3.642237424850464 351
3.6510045528411865 351
3.659261465072632 351
3.669445753097534 350
3.6778042316436768 350
3.687556743621826 351
3.697970390319824 351
3.7059192657470703 350
3.7155513763427734 350
3.7238540649414062 349
3.7329795360565186 350
3.741508960723877 350
3.7499730587005615 350
3.7580230236053467 350
3.7686123847961426 350
3.7759876251220703 350
3.7856335639953613 350
3.79491925239563 350
3.803121566772461 350
3.8114423751831055 350
3.8212029933929443 349
3.830681800842285 349
3.839024066925049 350
3.846383810043335 350
3.855098247528076 350
3.8640334606170654 349
3.873457431793213 349
3.882114887237549 349
3.8914783000946045 350
3.9007627964019775 350
3.909166097640991 350
3.918656587600708 350
3.9274368286132812 350
3.9352710247039795 350
3.9438412189483643 349
3.952075719833374 349
3.969449043273926 349
3.9809622764587402 349
3.993516683578491 349
4.005083799362183 348
4.015840291976929 348
4.0306456089019775 350
4.041304588317871 350
4.049574375152588 350
4.059432506561279 350
4.067618131637573 349
4.076293706893921 348
4.087507009506226 349
4.096036672592163 350
4.104851007461548 350
4.113176107406616 350
4.123195171356201 350
4.134002447128296 350
4.142154932022095 349
4.150931358337402 349
4.159706354141235 349
4.16865611076355 349
4.177924156188965 350
4.187430381774902 349
4.196059465408325 348
4.204815864562988 348
4.2131736278533936 348
4.222367286682129 348
4.23163366317749 349
4.240837335586548 349
4.249120712280273 348
4.2579123973846436 348
4.2657551765441895 348
4.275310277938843 348
4.2846999168396 349
4.293568134307861 349
4.302003622055054 349
4.310675144195557 348
4.319048881530762 348
4.329089641571045 348
4.336881637573242 349
4.345308780670166 349
4.353621244430542 349
4.366011381149292 348
4.375664472579956 348
4.38529634475708 348
4.3950207233428955 348
4.403253555297852 348
4.411550521850586 348
4.4201250076293945 348
4.430248260498047 348
4.438949823379517 347
4.446875095367432 347
4.4551756381988525 348
4.46514630317688 348
4.473858118057251 348
4.491574048995972 347
4.500258207321167 347
4.508911609649658 347
4.516219615936279 347
4.526060342788696 347
4.534786224365234 347
4.545346260070801 347
4.5538249015808105 347
4.563216209411621 347
4.571497201919556 347
4.580944299697876 347
4.590961933135986 347
4.60013222694397 347
4.609062671661377 346
4.61736798286438 346
4.625853061676025 346
4.635282516479492 347
4.643701791763306 347
4.651921272277832 347
4.661859750747681 346
4.670666456222534 346
4.683126926422119 346
4.696038007736206 346
4.704719066619873 346
4.71295952796936 346
4.722097396850586 346
4.730835199356079 346
4.740097284317017 346
4.748608589172363 346
4.756886720657349 346
4.769570350646973 346
4.7793262004852295 346
4.790826797485352 346
4.800128698348999 346
4.80864143371582 346
4.815982818603516 346
4.825440406799316 346
4.8348681926727295 346
4.8433027267456055 346
4.851567029953003 346
4.860685110092163 346
4.868920087814331 346
4.876217603683472 346
4.886311769485474 346
4.895310401916504 346
4.903728723526001 346
4.911924123764038 346
4.9286534786224365 346
4.937998533248901 346
4.946293592453003 346
4.955785274505615 346
4.964730262756348 346
4.972962856292725 346
4.9812963008880615 346
4.99174427986145 346
5.000222444534302 346
