0 0
0.017456531524658203 0
0.03598499298095703 0
0.055425167083740234 2
0.07478475570678711 6
0.08999514579772949 14
0.10779070854187012 22
0.12232804298400879 28
0.12977385520935059 33
0.13858246803283691 38
0.14774227142333984 44
0.1559438705444336 50
0.1645832061767578 56
0.17394804954528809 62
0.18844008445739746 72
0.19685959815979004 76
0.20535635948181152 82
0.2146151065826416 86
0.22399568557739258 93
0.2324974536895752 98
0.23991155624389648 103
0.24952483177185059 110
0.2579643726348877 116
0.26650047302246094 122
0.27577829360961914 126
0.2849593162536621 130
0.29451966285705566 135
0.3031132221221924 140
0.3124547004699707 146
0.3215303421020508 152
0.329418420791626 156
0.33826613426208496 160
0.3472766876220703 164
0.3556711673736572 168
0.36463117599487305 171
0.37401771545410156 176
0.3849494457244873 181
0.3945291042327881 186
0.4074373245239258 192
0.41657066345214844 194
0.4264676570892334 198
0.4349489212036133 200
0.4433307647705078 205
0.4526500701904297 208
0.4605698585510254 212
0.4693946838378906 216
0.479736328125 221
0.4895596504211426 225
0.4982919692993164 228
0.5067298412322998 230
0.5153789520263672 232
0.5250601768493652 236
0.5336019992828369 239
0.5423076152801514 242
0.5512919425964355 245
0.559262752532959 246
0.5677599906921387 248
0.5778331756591797 252
0.5878329277038574 255
0.596616268157959 258
0.6052703857421875 260
0.614539623260498 262
0.6229424476623535 266
0.6324889659881592 268
0.6398255825042725 269
0.6492502689361572 270
0.6576733589172363 272
0.6665048599243164 274
0.6765904426574707 278
0.6850736141204834 280
0.6945338249206543 281
0.7028400897979736 282
0.7122526168823242 284
0.7197301387786865 285
0.7294621467590332 288
0.7378137111663818 289
0.7470290660858154 290
0.7553997039794922 292
0.763913631439209 294
0.7725427150726318 295
0.7827262878417969 297
0.7931056022644043 297
0.8054008483886719 297
0.8149468898773193 298
0.8233766555786133 300
0.8328361511230469 302
0.8410682678222656 304
0.8495664596557617 305
0.8584268093109131 305
0.8668417930603027 306
0.8757681846618652 307
0.8852970600128174 308
0.8971309661865234 311
0.9062671661376953 313
0.9153003692626953 314
0.9237504005432129 314
0.9330739974975586 314
0.9423418045043945 314
0.9497745037078857 314
0.9584970474243164 316
0.9670684337615967 318
0.9758272171020508 320
0.9857175350189209 321
0.9953041076660156 321
1.0038580894470215 321
1.013066291809082 321
1.021404504776001 322
1.0311975479125977 324
1.0390105247497559 325
1.0478203296661377 326
1.056359052658081 326
1.0648829936981201 326
1.0732097625732422 328
1.0832176208496094 328
1.0927588939666748 328
1.1010198593139648 329
1.1094129085540771 330
1.1179897785186768 331
1.126356601715088 331
1.1357464790344238 330
1.1451306343078613 330
1.1535370349884033 331
1.1620049476623535 332
1.1696231365203857 332
1.1789920330047607 333
1.189399242401123 332
1.1979386806488037 332
1.211357593536377 333
1.219313383102417 334
1.227966547012329 335
1.2374885082244873 335
1.24702787399292 334
1.2553305625915527 334
1.2639853954315186 334
1.2731568813323975 336
1.281428337097168 336
1.291515588760376 336
1.299302339553833 336
1.3092544078826904 337
1.3177192211151123 338
1.326279878616333 338
1.3346772193908691 338
1.3447861671447754 338
1.353163480758667 340
1.3615009784698486 341
1.3694100379943848 341
1.3784961700439453 341
1.3888719081878662 340
1.3972866535186768 341
1.4084548950195312 342
1.4168648719787598 343
1.425238847732544 344
1.4337518215179443 343
1.443927526473999 342
1.4525017738342285 341
1.4599006175994873 341
1.4685494899749756 342
1.4775152206420898 343
1.4859843254089355 344
1.4959962368011475 344
1.505946159362793 343
1.5146796703338623 342
1.5229840278625488 342
1.5311827659606934 342
1.5400042533874512 343
1.5488383769989014 344
1.5571627616882324 345
1.5658130645751953 346
1.5749690532684326 346
1.583268165588379 346
1.593742847442627 346
1.6069564819335938 346
1.6153254508972168 346
1.624009132385254 347
1.6328589916229248 348
1.6430449485778809 348
1.6512110233306885 348
1.658996343612671 347
1.667381763458252 347
1.6758570671081543 347
1.6846237182617188 348
1.6946909427642822 349
1.7030792236328125 349
1.7127950191497803 349
1.7210776805877686 348
1.7289090156555176 348
1.737821340560913 348
1.7473900318145752 349
1.755779504776001 350
1.7646846771240234 350
1.7735464572906494 350
1.7816696166992188 349
1.7919940948486328 349
1.8012242317199707 349
1.809739112854004 350
1.81900954246521 350
1.8273189067840576 351
1.835697889328003 351
1.8457396030426025 350
1.8543920516967773 350
1.8627793788909912 350
1.8716316223144531 350
1.8794243335723877 350
1.888559103012085 350
1.8977222442626953 350
1.9085547924041748 350
1.9195351600646973 350
1.9326229095458984 350
1.9443840980529785 350
1.9564948081970215 350
1.967292308807373 350
1.9791910648345947 350
1.9919874668121338 350
2.001218795776367 350
2.0154294967651367 350
2.0243735313415527 350
2.0327773094177246 350
2.0416221618652344 350
2.051147222518921 350
2.05893611907959 350
2.067216634750366 350
2.0758233070373535 350
2.084441661834717 350
2.0932185649871826 350
2.1033215522766113 350
2.111520767211914 350
2.1197047233581543 350
2.1283419132232666 350
2.137228488922119 350
2.145444393157959 350
2.1550252437591553 350
2.1636738777160645 350
2.1727030277252197 350
2.179980993270874 350
2.1926395893096924 350
2.202788829803467 350
2.2105464935302734 350
2.218759536743164 350
2.227682590484619 350
2.236610174179077 350
2.245940685272217 350
2.2553892135620117 350
2.2638297080993652 350
2.2728588581085205 350
2.2810332775115967 350
2.2898073196411133 350
2.298460006713867 350
2.3099405765533447 350
2.3185458183288574 350
2.3273000717163086 350
2.336287021636963 350
2.344787359237671 350
2.3539369106292725 350
2.3623828887939453 350
2.370615243911743 350
2.378757953643799 350
2.3877694606781006 350
2.395857334136963 350
2.4098029136657715 350
2.4187262058258057 350
2.427701234817505 350
2.4370522499084473 350
2.4453110694885254 350
2.4548773765563965 349
2.463507890701294 350
2.4726884365081787 350
2.4800126552581787 350
2.489443302154541 350
2.4977774620056152 349
2.5083374977111816 349
2.5165884494781494 349
2.5251712799072266 349
2.5347437858581543 349
2.5431666374206543 349
2.5514159202575684 348
2.561009645462036 348
2.569509983062744 348
2.577836751937866 349
2.587355852127075 349
2.595583200454712 349
2.604930877685547 348
2.614543914794922 348
2.626901388168335 347
2.635803699493408 348
2.6448416709899902 349
2.6532998085021973 350
2.662829875946045 350
2.672384738922119 348
2.679786205291748 348
2.689269542694092 348
2.697686195373535 348
2.7067580223083496 348
2.7157490253448486 348
2.7244343757629395 348
2.7337968349456787 348
2.74225115776062 348
2.7495691776275635 348
2.7588672637939453 348
2.7679636478424072 348
2.776282548904419 347
2.784856081008911 347
2.7946040630340576 347
2.8036611080169678 348
2.8183538913726807 348
2.826885938644409 348
2.8360257148742676 347
2.844841718673706 346
2.853217124938965 346
2.862717628479004 347
2.872551918029785 348
2.879936695098877 348
2.889539957046509 347
2.8989803791046143 346
2.907310724258423 345
2.916808605194092 345
2.925139904022217 345
2.934291124343872 346
2.943315029144287 346
2.9515435695648193 346
2.9593143463134766 346
2.9694747924804688 346
2.9777491092681885 346
2.986301898956299 345
2.9953668117523193 345
3.00457501411438 346
3.013855457305908 346
3.0244638919830322 346
3.03659987449646 346
3.0454206466674805 345
3.054007053375244 345
3.0644519329071045 345
3.0727124214172363 345
3.0804996490478516 345
3.0894827842712402 345
3.0987119674682617 345
3.1070706844329834 345
3.1163649559020996 345
3.124985456466675 344
3.13448166847229 344
3.143357515335083 344
3.1515934467315674 345
3.1594605445861816 346
3.169569969177246 345
3.178345203399658 344
3.187849521636963 344
3.1972923278808594 344
3.2055203914642334 344
3.218991279602051 344
3.2273941040039062 344
3.236704111099243 344
3.2456090450286865 344
3.254277229309082 344
3.2631123065948486 343
3.2724947929382324 344
3.2798941135406494 344
3.289410352706909 344
3.29868483543396 343
3.307311534881592 342
3.315617084503174 342
3.3271853923797607 344
3.3367230892181396 344
3.3450536727905273 344
3.3597209453582764 343
3.3698573112487793 342
3.3786182403564453 342
3.387834072113037 343
3.397000789642334 344
3.4053750038146973 344
3.413844108581543 343
3.423520565032959 342
3.4327993392944336 342
3.441052198410034 342
3.448843479156494 342
3.457280397415161 343
3.465930700302124 343
3.475456476211548 343
3.4840240478515625 342
3.4942667484283447 342
3.5025599002838135 342
3.5099058151245117 342
3.518537759780884 342
3.528532028198242 342
3.5367918014526367 342
3.54524302482605 342
3.5543766021728516 342
3.5631067752838135 342
3.571333169937134 342
3.579780101776123 342
3.5894625186920166 342
3.5987892150878906 342
3.6115143299102783 342
3.619410991668701 342
3.6294519901275635 342
3.6382322311401367 342
3.646294116973877 342
3.6546881198883057 342
3.663893222808838 342
3.6723999977111816 342
3.6814889907836914 342
3.689972400665283 342
3.6993069648742676 342
3.707641124725342 342
3.715869665145874 342
3.7256667613983154 342
3.734600305557251 342
3.742849826812744 342
3.751011610031128 341
3.7596170902252197 341
3.768328905105591 341
3.777552604675293 341
3.7886722087860107 341
3.7972617149353027 341
3.805509090423584 341
3.8140077590942383 340
3.823028326034546 340
3.833955764770508 341
3.843144416809082 342
3.851489782333374 342
3.859745979309082 341
3.869044542312622 340
3.8786089420318604 339
3.8878066539764404 340
3.897139310836792 341
3.9056434631347656 342
3.914494276046753 342
3.9228079319000244 341
3.933027982711792 340
3.941324472427368 340
3.949195146560669 340
3.958348035812378 340
3.967294931411743 340
3.9756579399108887 340
3.9876372814178467 340
3.9992990493774414 340
4.015904664993286 339
4.029888153076172 339
4.0425426959991455 339
4.053978443145752 340
4.065821170806885 340
4.07449746131897 340
4.083850860595703 339
4.093638896942139 338
4.102426767349243 338
4.109813928604126 338
4.118445873260498 339
4.12740421295166 339
4.136880397796631 339
4.145303249359131 338
4.1538872718811035 338
4.162874937057495 338
4.171084403991699 338
4.178910732269287 338
4.19741153717041 338
4.205911874771118 338
4.214700222015381 338
4.223889350891113 338
4.232541561126709 338
4.241612195968628 338
4.252668857574463 338
4.2613606452941895 338
4.269839286804199 338
4.27849555015564 338
4.288770914077759 338
4.297778606414795 338
4.307477951049805 338
4.315781116485596 338
4.325072765350342 338
4.333340406417847 338
4.342824697494507 338
4.351049184799194 338
4.359544277191162 337
4.368436574935913 337
4.377244234085083 337
4.387740850448608 338
4.397076606750488 338
4.405362844467163 337
4.417522430419922 336
4.426839590072632 336
4.435298442840576 337
4.4451823234558105 338
4.453717470169067 338
4.462941646575928 338
4.471083164215088 337
4.479050397872925 336
4.489397048950195 336
4.49797797203064 336
4.506728649139404 337
4.515097141265869 338
4.524404764175415 337
4.5328528881073 337
4.542524814605713 336
4.549880504608154 337
4.559233903884888 338
4.567774534225464 338
4.576794862747192 337
4.585233688354492 336
4.596474647521973 336
4.60485315322876 336
4.613123655319214 336
4.6223366260528564 337
4.629807472229004 337
4.638468027114868 337
4.647556304931641 336
4.6567604541778564 336
4.66510796546936 336
4.673388719558716 336
4.682626008987427 336
4.692792892456055 336
4.700607061386108 336
4.708789110183716 336
4.7171525955200195 335
4.725930213928223 335
4.734595060348511 335
4.743956804275513 335
4.752590656280518 336
4.76151442527771 336
4.769314765930176 336
4.777776002883911 335
4.787552118301392 335
4.797059535980225 335
4.805441617965698 335
4.820605754852295 334
4.8290650844573975 334
4.837494134902954 335
4.847165822982788 335
4.856335401535034 335
4.865178346633911 334
4.8737616539001465 334
4.882421016693115 334
4.892807245254517 334
4.901987791061401 334
4.909548759460449 334
4.917971849441528 334
4.92726993560791 334
4.935542106628418 334
4.943991661071777 334
4.953980922698975 334
4.962460517883301 334
4.969773292541504 334
4.97845983505249 334
4.98828911781311 334
4.997440576553345 334
