0 0
0.021703481674194336 0
0.04810619354248047 0
0.07697129249572754 4
0.10344147682189941 13
0.13750338554382324 36
0.1690046787261963 50
0.18802285194396973 65
0.20701813697814941 76
0.22678542137145996 92
0.24373745918273926 107
0.26293444633483887 121
0.2828054428100586 134
0.30122923851013184 147
0.31664347648620605 156
0.3254508972167969 162
0.3336153030395508 165
0.34206056594848633 170
0.35062575340270996 175
0.3612785339355469 181
0.37066173553466797 186
0.38065600395202637 190
0.38988423347473145 195
0.398792028427124 199
0.4071187973022461 204
0.4189903736114502 210
0.4292910099029541 216
0.4375917911529541 220
0.44593191146850586 224
0.45542025566101074 227
0.4634385108947754 229
0.47312045097351074 232
0.4830341339111328 236
0.4917430877685547 240
0.5001206398010254 244
0.5142669677734375 250
0.5254406929016113 253
0.533562183380127 254
0.5421175956726074 257
0.5513114929199219 259
0.5596375465393066 261
0.5708358287811279 265
0.5837972164154053 270
0.5959875583648682 274
0.6077044010162354 278
0.6226482391357422 281
0.6357455253601074 282
0.6486766338348389 284
0.6600484848022461 286
0.6688539981842041 288
0.6783430576324463 291
0.688828706741333 294
0.6971957683563232 295
0.7054738998413086 296
0.7154321670532227 298
0.7240374088287354 298
0.7328531742095947 300
0.7411167621612549 301
0.7499740123748779 304
0.75881028175354 306
0.7674784660339355 307
0.7772581577301025 308
0.7863733768463135 308
0.7939918041229248 308
0.8027265071868896 309
0.8126599788665771 310
0.8209364414215088 312
0.830146074295044 314
0.8393182754516602 315
0.8478646278381348 316
0.8563475608825684 317
0.8639411926269531 317
0.8735060691833496 318
0.8831539154052734 320
0.8916213512420654 322
0.9000790119171143 324
0.9132871627807617 324
0.9218740463256836 324
0.9330267906188965 324
0.9421427249908447 324
0.9507081508636475 325
0.9593358039855957 327
0.9677374362945557 329
0.9777021408081055 330
0.9870052337646484 330
0.9949221611022949 330
1.0031838417053223 330
1.0134227275848389 332
1.0218713283538818 334
1.0314834117889404 336
1.0408859252929688 336
1.049574851989746 336
1.0580613613128662 336
1.0673549175262451 337
1.075728416442871 339
1.0843174457550049 340
1.0935564041137695 341
1.1027181148529053 342
1.1117668151855469 342
1.1200692653656006 342
1.1301524639129639 341
1.138939380645752 342
1.1472053527832031 342
1.1554553508758545 343
1.1639046669006348 344
1.1728127002716064 345
1.1822710037231445 344
1.1908807754516602 343
1.2002277374267578 342
1.2090270519256592 342
1.218273401260376 343
1.2270526885986328 344
1.2373065948486328 346
1.24550199508667 346
1.2533519268035889 345
1.2617545127868652 344
1.2710599899291992 345
1.279343605041504 346
1.2890129089355469 347
1.2979867458343506 347
1.306302547454834 346
1.3198175430297852 346
1.329103708267212 346
1.3387813568115234 348
1.3473193645477295 349
1.3566861152648926 350
1.3641412258148193 351
1.3729004859924316 350
1.38132905960083 349
1.3914992809295654 348
1.4006803035736084 348
1.4093904495239258 350
1.4195070266723633 350
1.429537296295166 350
1.4401483535766602 349
1.449836254119873 350
1.459043264389038 350
1.467531681060791 351
1.475827693939209 351
1.4849035739898682 351
1.4936022758483887 352
1.5029149055480957 352
1.51139497756958 353
1.5203447341918945 353
1.5298428535461426 353
1.5393421649932861 353
1.547753095626831 352
1.5566182136535645 353
1.5641169548034668 354
1.5728983879089355 354
1.581174373626709 354
1.5903000831604004 354
1.5989069938659668 353
1.607659101486206 354
1.6170439720153809 354
1.6243491172790527 355
1.6332101821899414 355
1.6427807807922363 356
1.6518769264221191 355
1.66037917137146 354
1.669173002243042 354
1.6774425506591797 354
1.6863312721252441 355
1.6957933902740479 356
1.7040789127349854 356
1.719438076019287 357
1.7279977798461914 357
1.7360382080078125 356
1.7457754611968994 356
1.754007339477539 356
1.7626512050628662 357
1.7713732719421387 358
1.7797701358795166 358
1.7899422645568848 357
1.7988715171813965 357
1.8122682571411133 357
1.8209805488586426 357
1.8296434879302979 358
1.8380937576293945 358
1.8473968505859375 358
1.8562695980072021 357
1.8640809059143066 357
1.8727388381958008 358
1.8817436695098877 358
1.8901188373565674 358
1.8995826244354248 358
1.908722162246704 358
1.9192147254943848 358
1.9275472164154053 358
1.936596393585205 358
1.9455313682556152 358
1.9555401802062988 358
1.9633467197418213 358
1.971625566482544 358
1.9798409938812256 358
1.9888784885406494 358
1.99810791015625 358
2.008068084716797 358
2.0181140899658203 358
2.0263707637786865 358
2.033905267715454 358
2.0422983169555664 358
2.0517613887786865 358
2.0599913597106934 358
2.068836212158203 358
2.077132225036621 358
2.084900140762329 358
2.093097686767578 358
2.1020805835723877 358
2.111825466156006 358
2.1241555213928223 358
2.133094549179077 358
2.1422860622406006 358
2.151719570159912 358
2.1599180698394775 358
2.168334484100342 358
2.177311897277832 358
2.185450792312622 358
2.193413496017456 358
2.2028427124023438 358
2.2128381729125977 358
2.221583604812622 358
2.2298245429992676 358
2.2382450103759766 358
2.247419595718384 358
2.256837844848633 358
2.264122724533081 358
2.273374080657959 358
2.281620502471924 358
2.2898213863372803 358
2.2982747554779053 358
2.308157205581665 358
2.317854881286621 358
2.3259735107421875 358
2.333793878555298 358
2.342942714691162 358
2.3521087169647217 358
2.360229253768921 358
2.3689658641815186 358
2.377899169921875 358
2.3859786987304688 358
2.3937582969665527 358
2.4032135009765625 358
2.413648843765259 358
2.4228296279907227 358
2.4312314987182617 358
2.4401705265045166 358
2.448789358139038 358
2.458853244781494 358
2.4689648151397705 358
2.477172613143921 358
2.4849295616149902 358
2.506931781768799 358
2.519379138946533 358
2.528660297393799 358
2.537551164627075 358
2.5457935333251953 358
2.55682373046875 358
2.5655336380004883 358
2.573490858078003 358
2.58174467086792 358
2.589960813522339 358
2.5993146896362305 358
2.610081911087036 358
2.6200037002563477 358
2.6286590099334717 358
2.6373846530914307 358
2.6455345153808594 358
2.6586501598358154 358
2.6706480979919434 358
2.682039737701416 358
2.693122625350952 358
2.707176923751831 358
2.7196969985961914 358
2.7321667671203613 358
2.7432572841644287 358
2.7515244483947754 358
2.761392593383789 358
2.7696409225463867 358
2.778064489364624 358
2.7866857051849365 358
2.7955260276794434 358
2.8032751083374023 358
2.8177130222320557 358
2.826890230178833 358
2.8355324268341064 358
2.843343496322632 358
2.851743698120117 358
2.86161208152771 358
2.8713626861572266 358
2.8796539306640625 358
2.8880958557128906 358
2.8970353603363037 358
2.904353141784668 358
2.9154694080352783 358
2.929151773452759 358
2.939528703689575 358
2.948063850402832 358
2.9566237926483154 358
2.965952157974243 358
2.9739112854003906 358
2.982290267944336 358
2.990342140197754 358
2.998918294906616 358
3.0072085857391357 358
3.0173988342285156 358
3.025556802749634 358
3.03395938873291 358
3.0426409244537354 358
3.050964832305908 358
3.059762477874756 358
3.0692689418792725 358
3.077559471130371 358
3.086027145385742 358
3.0954079627990723 358
3.10320782661438 358
3.1131887435913086 358
3.1218984127044678 358
3.130077600479126 358
3.139165163040161 358
3.147538900375366 358
3.1568171977996826 358
3.165835380554199 358
3.1736409664154053 358
3.1818974018096924 358
3.1911158561706543 358
3.200650215148926 358
3.211779832839966 358
3.222015857696533 358
3.230119228363037 358
3.2392358779907227 358
3.277992010116577 358
3.307095766067505 358
3.3373143672943115 358
3.3588740825653076 358
3.369858503341675 358
3.3782832622528076 358
3.387543201446533 358
3.395690679550171 358
3.4034264087677 358
3.413900852203369 358
3.4234213829040527 358
3.4317080974578857 358
3.4398865699768066 358
3.4491448402404785 358
3.45737886428833 358
3.46549129486084 358
3.474104881286621 358
3.4836087226867676 358
3.491872787475586 358
3.500020742416382 358
3.508852481842041 358
3.517970085144043 358
3.5273280143737793 358
3.5355336666107178 358
3.543346643447876 358
3.5516209602355957 358
3.559868812561035 358
3.5687613487243652 358
3.578890562057495 358
3.587153196334839 358
3.5949645042419434 358
3.6031200885772705 358
3.6191649436950684 358
3.628798484802246 358
3.6370580196380615 358
3.645939350128174 358
3.6541130542755127 358
3.6628501415252686 358
3.671119451522827 358
3.6812384128570557 358
3.6899073123931885 358
3.6986546516418457 358
3.707258939743042 358
3.7167141437530518 358
3.7295939922332764 358
3.738229990005493 358
3.7494637966156006 358
3.7578752040863037 358
3.7659857273101807 358
3.7759060859680176 358
3.783708095550537 358
3.7920243740081787 358
3.8001723289489746 358
3.8095149993896484 358
3.8187904357910156 358
3.8279945850372314 358
3.837055206298828 358
3.844877243041992 358
3.8537356853485107 358
3.8621060848236084 358
3.872339963912964 358
3.881600856781006 358
3.889820098876953 358
3.898970365524292 358
3.9072256088256836 358
3.9165894985198975 358
3.9239158630371094 358
3.9342212677001953 358
3.942962408065796 358
3.951204776763916 358
3.9599363803863525 358
3.968916177749634 358
3.9781298637390137 358
3.986799478530884 358
3.9941251277923584 358
4.0035223960876465 358
4.0127458572387695 358
4.020941734313965 358
4.030044078826904 358
4.039194107055664 358
4.04757833480835 358
4.055796146392822 358
4.064037322998047 358
4.072737216949463 358
4.081741571426392 358
4.090126276016235 358
4.098817348480225 358
4.1072163581848145 358
4.116641998291016 358
4.130113840103149 358
4.13890528678894 358
4.147278547286987 358
4.155489206314087 358
4.16418981552124 358
4.1729819774627686 358
4.182190418243408 358
4.190309524536133 358
4.199623346328735 358
4.208052396774292 358
4.217382192611694 358
4.225752115249634 358
4.234857559204102 358
4.243145704269409 358
4.257409572601318 358
4.267157316207886 358
4.275346517562866 358
4.284119129180908 358
4.293412923812866 358
4.30171537399292 358
4.310138463973999 358
4.319293260574341 358
4.328333616256714 358
4.33757209777832 358
4.345787525177002 358
4.3537492752075195 358
4.363065719604492 358
4.373548269271851 358
4.40275239944458 358
4.4196178913116455 358
4.441066026687622 358
4.461342096328735 358
4.478062152862549 358
4.500139474868774 358
4.527037620544434 358
4.549657821655273 358
4.5643579959869385 358
4.583787202835083 358
4.605738162994385 358
4.623348712921143 358
4.6426732540130615 358
4.659498691558838 358
4.678852319717407 358
4.6956565380096436 358
4.71316933631897 358
4.731122255325317 358
4.761042833328247 358
4.789998769760132 358
4.832274675369263 358
4.851801156997681 358
4.873991966247559 358
4.898746967315674 358
4.91329026222229 358
4.9356849193573 358
4.955806016921997 358
4.973780870437622 358
4.992942810058594 358
