0 0
0.014626026153564453 0
0.03745007514953613 0
0.053467512130737305 2
0.07228851318359375 6
0.09119033813476562 13
0.11038613319396973 23
0.12557744979858398 34
0.1365833282470703 40
0.14506196975708008 44
0.1534745693206787 50
0.17057108879089355 61
0.17917299270629883 68
0.18912076950073242 75
0.19747710227966309 81
0.20552682876586914 87
0.21427583694458008 93
0.22446942329406738 101
0.2339639663696289 108
0.24260807037353516 115
0.2510998249053955 121
0.2605452537536621 129
0.2689521312713623 135
0.27764081954956055 143
0.2895045280456543 152
0.2999434471130371 161
0.30938124656677246 169
0.3187572956085205 175
0.3287785053253174 183
0.3383817672729492 192
0.3475608825683594 200
0.35594892501831055 206
0.3654763698577881 215
0.37506532669067383 221
0.3836555480957031 229
0.3943498134613037 236
0.40260767936706543 242
0.41137027740478516 249
0.4254641532897949 258
0.43439602851867676 262
0.4443521499633789 268
0.45279645919799805 274
0.46233439445495605 277
0.4709188938140869 281
0.4797799587249756 285
0.48939037322998047 290
0.4982614517211914 293
0.5072827339172363 298
0.5154893398284912 300
0.5258064270019531 303
0.5344722270965576 305
0.5436644554138184 308
0.5518662929534912 310
0.5612392425537109 313
0.5703668594360352 316
0.5791330337524414 318
0.5897130966186523 320
0.6000158786773682 322
0.6084966659545898 324
0.615854024887085 326
0.6258397102355957 328
0.6349327564239502 329
0.6443972587585449 330
0.6528301239013672 332
0.6614933013916016 332
0.6703085899353027 333
0.6792857646942139 335
0.6887922286987305 336
0.6979312896728516 337
0.7058618068695068 338
0.7145960330963135 339
0.7248260974884033 340
0.7331187725067139 341
0.7431738376617432 342
0.751420259475708 343
0.7598659992218018 343
0.7684109210968018 344
0.7772324085235596 344
0.7856426239013672 345
0.7952096462249756 345
0.8037714958190918 346
0.8157453536987305 346
0.8298454284667969 347
0.8384933471679688 348
0.8487393856048584 349
0.8565597534179688 350
0.8649182319641113 350
0.8732504844665527 350
0.8845489025115967 349
0.8976778984069824 349
0.9098312854766846 350
0.9214191436767578 352
0.9373290538787842 353
0.9505696296691895 352
0.9616951942443848 352
0.972891092300415 351
0.9819395542144775 352
0.9912142753601074 352
1.0007452964782715 353
1.0093650817871094 353
1.017625331878662 353
1.0260083675384521 352
1.0347216129302979 352
1.0437116622924805 352
1.053119421005249 353
1.0613977909088135 354
1.069857120513916 353
1.0789573192596436 353
1.087106704711914 352
1.0953714847564697 352
1.104971170425415 353
1.1137566566467285 354
1.1222991943359375 354
1.1313424110412598 354
1.140566349029541 353
1.149653673171997 353
1.1583051681518555 354
1.1656646728515625 354
1.1748173236846924 354
1.1830418109893799 354
1.1917266845703125 354
1.2012600898742676 354
1.2104947566986084 354
1.218944787979126 354
1.2316956520080566 354
1.2412254810333252 354
1.2507262229919434 354
1.2590241432189941 354
1.267162799835205 354
1.2755591869354248 354
1.28434157371521 354
1.2925517559051514 354
1.3018686771392822 354
1.3112154006958008 354
1.3204987049102783 354
1.330376386642456 354
1.3390295505523682 354
1.3471686840057373 354
1.3557817935943604 354
1.3644163608551025 354
1.3733501434326172 354
1.3815996646881104 354
1.3902478218078613 354
1.3986015319824219 354
1.4089806079864502 354
1.4171392917633057 354
1.4255547523498535 354
1.434328317642212 354
1.4431402683258057 354
1.451401710510254 354
1.4609544277191162 353
1.4692785739898682 353
1.478611946105957 353
1.4864845275878906 354
1.494715690612793 354
1.5029630661010742 354
1.5125834941864014 354
1.5211353302001953 353
1.5305397510528564 353
1.5391974449157715 353
1.5473301410675049 353
1.5559582710266113 353
1.564734935760498 352
1.5736498832702637 352
1.5819101333618164 352
1.5906620025634766 353
1.5989322662353516 353
1.6096603870391846 352
1.6179661750793457 352
1.6311516761779785 352
1.64039945602417 352
1.6487858295440674 353
1.6583096981048584 353
1.665633201599121 352
1.6748325824737549 352
1.683128833770752 352
1.6915240287780762 351
1.7008037567138672 351
1.7108314037322998 351
1.7191095352172852 352
1.729006290435791 352
1.7374837398529053 351
1.745307207107544 350
1.753676176071167 350
1.7632410526275635 351
1.7719244956970215 351
1.7805812358856201 352
1.7889516353607178 352
1.7971241474151611 351
1.8055305480957031 350
1.8154911994934082 350
1.82491135597229 350
1.83547043800354 351
1.8447284698486328 352
1.8530845642089844 351
1.8625829219818115 350
1.8709619045257568 350
1.8803915977478027 350
1.888716459274292 350
1.896010160446167 351
1.9053938388824463 351
1.9148828983306885 350
1.9245004653930664 349
1.9327514171600342 348
1.9415760040283203 349
1.9504637718200684 350
1.95882248878479 350
1.9683682918548584 350
1.9772696495056152 350
1.9850916862487793 350
1.993377685546875 349
2.0026023387908936 349
2.014688014984131 349
2.0237839221954346 349
2.0380144119262695 349
2.045551300048828 349
2.054342746734619 349
2.062721014022827 348
2.0727033615112305 348
2.0812807083129883 348
2.089709758758545 349
2.0983245372772217 349
2.10705828666687 349
2.1165668964385986 348
2.132850170135498 347
2.1414127349853516 347
2.1498525142669678 347
2.158381462097168 347
2.1673190593719482 348
2.175612688064575 348
2.185394525527954 348
2.1937875747680664 347
2.201936960220337 347
2.2113683223724365 346
2.221338987350464 347
2.231938600540161 348
2.242601156234741 348
2.2517547607421875 347
2.2611186504364014 346
2.2712249755859375 346
2.2796857357025146 346
2.287944793701172 346
2.295548915863037 347
2.304767370223999 347
2.313007116317749 346
2.3245177268981934 346
2.332759380340576 346
2.3417744636535645 346
2.3504598140716553 346
2.3589224815368652 346
2.3671045303344727 346
2.377196788787842 346
2.3879590034484863 346
2.3955273628234863 346
2.4047555923461914 346
2.4129953384399414 346
2.423976421356201 346
2.4375667572021484 346
2.4454753398895264 345
2.454287052154541 345
2.4627206325531006 345
2.4727272987365723 345
2.4811854362487793 346
2.489694356918335 346
2.4979069232940674 345
2.5070154666900635 344
2.5148704051971436 344
2.525264024734497 344
2.533637523651123 345
2.5428898334503174 346
2.551185369491577 345
2.559502363204956 345
2.5684890747070312 344
2.577575922012329 344
2.585386276245117 344
2.593756914138794 344
2.603454351425171 344
2.6116981506347656 344
2.6203765869140625 344
2.644566297531128 344
2.6625571250915527 344
2.683037281036377 344
2.7050116062164307 343
2.7235093116760254 344
2.748758316040039 345
2.7655932903289795 344
2.783961534500122 341
2.8055336475372314 340
2.8248238563537598 342
2.852447748184204 348
2.8746960163116455 350
2.8859567642211914 350
2.8947365283966064 348
2.9044108390808105 347
2.9128096103668213 346
2.921182870864868 345
2.9318368434906006 345
2.9419703483581543 345
2.951486110687256 345
2.960972309112549 345
2.972994089126587 344
2.9857959747314453 344
2.999014377593994 343
3.0107107162475586 344
3.023491144180298 344
3.0374672412872314 343
3.048870325088501 342
3.0605294704437256 342
3.0715107917785645 342
3.0803675651550293 342
3.0896472930908203 342
3.0984060764312744 341
3.105794668197632 341
3.114502191543579 341
3.1230568885803223 342
3.132946252822876 342
3.143031358718872 341
3.1512935161590576 340
3.1597659587860107 340
3.1687564849853516 340
3.1765403747558594 340
3.18550968170166 340
3.193944215774536 340
3.2044451236724854 340
3.2127387523651123 340
3.2210755348205566 340
3.2349026203155518 340
3.2450497150421143 339
3.2536754608154297 339
3.262500047683716 339
3.271235942840576 339
3.279644012451172 339
3.2892725467681885 339
3.298266887664795 339
3.3055777549743652 339
3.3143086433410645 338
3.3234167098999023 338
3.33256459236145 339
3.341771364212036 340
3.3504750728607178 340
3.3587331771850586 340
3.3676085472106934 339
3.375410556793213 338
3.3844141960144043 339
3.3936567306518555 340
3.4020025730133057 340
3.410653829574585 339
3.419034481048584 338
3.428373098373413 337
3.4371237754821777 337
3.4459049701690674 337
3.4555702209472656 338
3.4648451805114746 338
3.4731428623199463 338
3.4814040660858154 338
3.4912962913513184 337
3.501532554626465 336
3.5103650093078613 336
3.5196213722229004 337
3.52970814704895 338
3.538642168045044 338
3.5479204654693604 337
3.5644142627716064 336
3.5727546215057373 336
3.5810647010803223 336
3.5893502235412598 336
3.5996499061584473 336
3.607952117919922 336
3.6155455112457275 336
3.625092029571533 336
3.6397032737731934 336
3.6491527557373047 336
3.65740966796875 336
3.6672871112823486 336
3.6751136779785156 336
3.6903014183044434 336
3.7004547119140625 336
3.708756685256958 336
3.716543436050415 336
3.72707462310791 336
3.7353005409240723 336
3.747633695602417 336
3.7559235095977783 336
3.765254497528076 336
3.7737507820129395 336
3.781872510910034 336
3.7905070781707764 336
3.801717758178711 336
3.81048846244812 336
3.8187096118927 336
3.8285984992980957 336
3.8359360694885254 336
3.844599962234497 336
3.853761911392212 336
3.863438367843628 336
3.8716728687286377 335
3.880401611328125 335
3.888734817504883 335
3.900519371032715 335
3.9094786643981934 335
3.9329657554626465 335
3.953101873397827 334
3.9717724323272705 334
3.990905284881592 334
4.0114967823028564 334
4.033718109130859 334
4.055347442626953 334
4.0776283740997314 334
4.093013525009155 334
4.101510286331177 334
4.111089468002319 334
4.119360446929932 334
4.138669967651367 334
4.157668828964233 334
4.17133092880249 334
4.1856701374053955 334
4.194922208786011 334
4.204729080200195 334
4.222448110580444 334
4.2325475215911865 333
4.241189241409302 333
4.249684810638428 333
4.259665012359619 333
4.268895149230957 333
4.279339790344238 333
4.287570953369141 333
4.297028303146362 332
4.304902791976929 332
4.3144190311431885 332
4.331200361251831 333
4.353804349899292 332
4.3750855922698975 331
4.40067982673645 330
4.415729999542236 331
4.441340923309326 333
4.46303915977478 332
4.481796026229858 328
4.505241870880127 325
4.521101236343384 326
4.547600507736206 330
4.555628061294556 333
4.57503342628479 333
4.584275960922241 333
4.593287706375122 332
4.601879358291626 331
4.610568523406982 331
4.619984865188599 331
4.631068706512451 331
4.639968633651733 331
4.648456335067749 331
4.657065153121948 331
4.672567844390869 331
4.6811301708221436 330
4.697509527206421 330
4.717288255691528 332
4.741044759750366 333
4.757619857788086 331
4.775793790817261 328
4.795281887054443 326
4.8170835971832275 328
4.839958429336548 332
4.861991882324219 334
4.881450414657593 332
4.901958227157593 330
4.910614252090454 329
4.920906066894531 328
4.939332723617554 330
4.9482667446136475 332
4.957107305526733 332
4.964962482452393 332
4.9744908809661865 330
4.984604358673096 330
4.993497133255005 330
