0 0
0.016026020050048828 0
0.03510475158691406 0
0.05190253257751465 2
0.07104349136352539 6
0.08462905883789062 12
0.10546207427978516 21
0.12165474891662598 30
0.1301732063293457 36
0.13865995407104492 41
0.15292143821716309 50
0.16175222396850586 56
0.17159700393676758 62
0.18111181259155273 70
0.19142580032348633 77
0.20047616958618164 84
0.21091508865356445 92
0.22040820121765137 100
0.22928738594055176 106
0.23866534233093262 113
0.24766087532043457 120
0.25565004348754883 126
0.2640066146850586 132
0.27417588233947754 140
0.28298401832580566 145
0.29144906997680664 150
0.30016160011291504 156
0.3104133605957031 162
0.31983494758605957 169
0.32825160026550293 174
0.33617210388183594 179
0.34545040130615234 183
0.35390758514404297 188
0.3621699810028076 193
0.3724656105041504 198
0.38115668296813965 203
0.38957738876342773 206
0.3979165554046631 210
0.4080333709716797 214
0.4159812927246094 218
0.42565107345581055 222
0.43419480323791504 228
0.4434633255004883 230
0.45195484161376953 234
0.4605534076690674 238
0.46996164321899414 242
0.47945690155029297 246
0.48778223991394043 248
0.49576258659362793 250
0.5058085918426514 254
0.5141596794128418 256
0.5239949226379395 259
0.5322308540344238 262
0.5412900447845459 265
0.5538651943206787 268
0.5624983310699463 270
0.5725634098052979 272
0.582425594329834 275
0.5940968990325928 279
0.6079516410827637 284
0.6193397045135498 286
0.6320922374725342 288
0.6441619396209717 288
0.6554970741271973 290
0.668175220489502 293
0.6794488430023193 296
0.6878161430358887 300
0.6959190368652344 301
0.7054271697998047 302
0.7139260768890381 302
0.7222940921783447 303
0.7319152355194092 304
0.7422616481781006 306
0.7519464492797852 309
0.7605526447296143 312
0.7694859504699707 313
0.7792994976043701 314
0.7866482734680176 314
0.7954881191253662 316
0.8054986000061035 318
0.8138687610626221 319
0.8223950862884521 320
0.8319411277770996 320
0.8413441181182861 320
0.8496804237365723 321
0.8579709529876709 323
0.8659186363220215 324
0.8750731945037842 325
0.8846020698547363 326
0.8931598663330078 326
0.9016916751861572 326
0.9115421772003174 326
0.9198482036590576 328
0.9293522834777832 329
0.9389598369598389 330
0.9513225555419922 331
0.9597396850585938 332
0.9680545330047607 333
0.9764010906219482 334
0.9859070777893066 334
0.9944412708282471 334
1.0050058364868164 334
1.0133817195892334 335
1.021850347518921 337
1.0313503742218018 338
1.040247917175293 339
1.0485615730285645 339
1.0561928749084473 339
1.0650842189788818 340
1.0739076137542725 341
1.0835623741149902 342
1.0919270515441895 342
1.1003680229187012 342
1.1109421253204346 342
1.1199703216552734 344
1.1282322406768799 344
1.1382677555084229 344
1.1460299491882324 344
1.154390573501587 344
1.1625304222106934 346
1.1718504428863525 347
1.1805157661437988 348
1.1898491382598877 348
1.1981492042541504 348
1.2080719470977783 347
1.2161328792572021 348
1.224930763244629 348
1.2351369857788086 349
1.24371337890625 349
1.2533984184265137 349
1.2617383003234863 349
1.2705109119415283 349
1.2790336608886719 350
1.2890467643737793 350
1.2964732646942139 351
1.3071703910827637 350
1.3155102729797363 350
1.3238246440887451 350
1.3321080207824707 350
1.3418803215026855 351
1.3553597927093506 352
1.3640174865722656 353
1.3734538555145264 353
1.3913586139678955 352
1.410576343536377 353
1.419752836227417 354
1.4281136989593506 355
1.438251256942749 356
1.446155071258545 355
1.4549694061279297 354
1.4632582664489746 354
1.4724040031433105 354
1.4812180995941162 354
1.490447998046875 355
1.4994711875915527 356
1.5090384483337402 356
1.5163462162017822 355
1.5251612663269043 354
1.5343279838562012 354
1.5438647270202637 354
1.5521736145019531 355
1.561034917831421 356
1.5699701309204102 356
1.5781934261322021 355
1.5861718654632568 354
1.5957646369934082 354
1.605691909790039 354
1.614159107208252 355
1.6224703788757324 356
1.6318204402923584 356
1.6413731575012207 355
1.6497488021850586 355
1.65812087059021 355
1.6665472984313965 356
1.6753294467926025 356
1.6835711002349854 356
1.692620038986206 355
1.7019588947296143 355
1.711428165435791 355
1.719832420349121 356
1.728238821029663 356
1.7366361618041992 356
1.746159315109253 355
1.7603423595428467 354
1.7710695266723633 354
1.7797932624816895 356
1.7881157398223877 356
1.7978777885437012 356
1.8063313961029053 355
1.8151018619537354 355
1.823368787765503 355
1.8321173191070557 355
1.8410158157348633 355
1.8504157066345215 356
1.859053373336792 356
1.8679697513580322 355
1.8757495880126953 355
1.884023666381836 356
1.8923673629760742 356
1.9041571617126465 355
1.9125068187713623 355
1.923600435256958 354
1.9324827194213867 356
1.941246509552002 356
1.9505531787872314 357
1.9593150615692139 357
1.9696969985961914 356
1.9781086444854736 355
1.9860329627990723 355
1.9955573081970215 356
2.0066237449645996 356
2.0153136253356934 356
2.0237417221069336 356
2.0325636863708496 355
2.0413551330566406 355
2.0509321689605713 355
2.0592072010040283 355
2.0681920051574707 356
2.076042890548706 356
2.0846097469329834 355
2.09316349029541 355
2.1049671173095703 355
2.113246440887451 356
2.121896982192993 356
2.1309423446655273 356
2.1393425464630127 355
2.148564100265503 354
2.161421298980713 355
2.1710216999053955 356
2.1794748306274414 356
2.1876964569091797 356
2.195971965789795 356
2.2061829566955566 356
2.214621067047119 356
2.2229671478271484 356
2.23197078704834 356
2.2404158115386963 355
2.250544309616089 355
2.25931453704834 355
2.268148899078369 355
2.2778773307800293 356
2.2857632637023926 356
2.295006275177002 355
2.305272102355957 355
2.313538074493408 356
2.3220770359039307 356
2.331085443496704 356
2.3395097255706787 355
2.347764492034912 355
2.356374502182007 355
2.3654887676239014 355
2.373793840408325 355
2.3822407722473145 355
2.390929937362671 355
2.3998281955718994 355
2.410247564315796 355
2.418292760848999 355
2.4261159896850586 355
2.4350414276123047 355
2.443510055541992 355
2.4518139362335205 354
2.4620161056518555 354
2.470484495162964 354
2.478936195373535 354
2.4862844944000244 354
2.4954466819763184 355
2.5095951557159424 354
2.5186123847961426 353
2.52772855758667 352
2.535689353942871 352
2.544126033782959 353
2.557826042175293 354
2.5696446895599365 353
2.5779855251312256 352
2.5863654613494873 352
2.595543384552002 352
2.605010747909546 352
2.6141202449798584 353
2.628263473510742 353
2.636080026626587 353
2.644611120223999 352
2.6537673473358154 352
2.669081687927246 352
2.6805472373962402 353
2.691720962524414 354
2.7052435874938965 353
2.7185895442962646 352
2.7311339378356934 352
2.7424700260162354 354
2.7540946006774902 356
2.7639427185058594 356
2.772336959838867 356
2.781047821044922 355
2.789470911026001 354
2.799022912979126 354
2.8080837726593018 354
2.8171422481536865 355
2.825885534286499 355
2.83432936668396 355
2.8424861431121826 354
2.851276397705078 354
2.8613781929016113 353
2.86981463432312 353
2.8780758380889893 354
2.8860392570495605 354
2.895197629928589 354
2.9041810035705566 353
2.9138028621673584 352
2.9223382472991943 352
2.931654691696167 353
2.9401798248291016 354
2.9486653804779053 354
2.961390733718872 354
2.9710710048675537 353
2.9797208309173584 352
2.9880788326263428 352
2.9964241981506348 352
3.0059072971343994 352
3.0154170989990234 353
3.024618625640869 353
3.033257007598877 353
3.0417892932891846 352
3.0503101348876953 352
3.0592448711395264 352
3.0682473182678223 352
3.0760767459869385 352
3.0844192504882812 352
3.093613624572754 352
3.1024999618530273 352
3.1121749877929688 352
3.121886730194092 351
3.131726026535034 352
3.141805648803711 352
3.1502859592437744 352
3.159604549407959 352
3.1696159839630127 352
3.1777875423431396 352
3.185565710067749 351
3.195039749145508 351
3.2040584087371826 351
3.2123348712921143 352
3.222158193588257 352
3.2313530445098877 352
3.2396018505096436 352
3.2479350566864014 351
3.2564167976379395 351
3.265078067779541 351
3.274160146713257 351
3.282521963119507 351
3.291640520095825 350
3.3000433444976807 350
3.309475898742676 350
3.3176345825195312 351
3.3278329372406006 351
3.3356378078460693 351
3.3443479537963867 350
3.355790853500366 350
3.3661911487579346 350
3.3757550716400146 350
3.3843650817871094 351
3.3934061527252197 350
3.4093313217163086 349
3.4176623821258545 349
3.428656578063965 350
3.4372167587280273 350
3.445443868637085 351
3.4539794921875 350
3.4637820720672607 350
3.4731438159942627 350
3.4815304279327393 350
3.4904263019561768 350
3.4988784790039062 350
3.507951021194458 350
3.515768527984619 350
3.5257627964019775 350
3.5341179370880127 350
3.5423271656036377 350
3.5511586666107178 350
3.5601565837860107 350
3.568328380584717 350
3.577777624130249 350
3.5858073234558105 350
3.594472646713257 350
3.60369873046875 350
3.6119961738586426 350
3.621163845062256 350
3.6310853958129883 350
3.6404175758361816 350
3.649441957473755 350
3.6582047939300537 350
3.6660091876983643 350
3.6755380630493164 350
3.6840200424194336 350
3.692958116531372 350
3.7015328407287598 350
3.7110564708709717 350
3.719350576400757 350
3.729480504989624 350
3.7376561164855957 350
3.745448589324951 350
3.759072780609131 350
3.766428232192993 350
3.776010036468506 350
3.785175085067749 350
3.794081926345825 350
3.8024985790252686 350
3.8118083477020264 350
3.821272373199463 350
3.830566167831421 350
3.839043617248535 350
3.8464086055755615 350
3.8557353019714355 350
3.864187717437744 350
3.87249493598938 350
3.882657766342163 350
3.8919644355773926 350
3.900423765182495 350
3.909681558609009 350
3.917802572250366 350
3.9259493350982666 350
3.9354403018951416 350
3.943997383117676 350
3.953221321105957 350
3.961639404296875 350
3.9699432849884033 350
3.979424238204956 349
3.988266706466675 349
3.996062755584717 349
4.005467176437378 349
4.013890266418457 350
4.022986650466919 349
4.032377004623413 348
4.0411341190338135 348
4.049476623535156 349
4.0591137409210205 350
4.066515922546387 350
4.075387239456177 349
4.085425615310669 348
4.093882322311401 348
4.10239839553833 348
4.112064838409424 348
4.121190071105957 348
4.129451751708984 349
4.138956069946289 349
4.146307706832886 348
4.162488698959351 347
4.171323776245117 347
4.179908514022827 347
4.190271854400635 348
4.199063777923584 348
4.207866668701172 348
4.2156982421875 348
4.224281549453735 348
4.233664274215698 348
4.2420830726623535 348
4.251288890838623 348
4.259578466415405 347
4.267979621887207 347
4.275807619094849 348
4.285597085952759 348
4.2939112186431885 348
4.302492141723633 348
4.311749696731567 348
4.321043252944946 347
4.329654932022095 347
4.339169979095459 347
4.346483945846558 347
4.355816841125488 347
4.364404201507568 347
4.372519016265869 347
4.381178855895996 347
4.391111850738525 347
4.399397373199463 346
4.40900993347168 346
4.417852401733398 347
4.425943851470947 347
4.43442964553833 348
4.443995952606201 346
4.453205585479736 346
4.461755990982056 346
4.470045804977417 347
4.4789674282073975 347
4.489158630371094 347
4.496477365493774 346
4.520505666732788 345
4.529143571853638 345
4.5391247272491455 346
4.546644449234009 346
4.555764198303223 346
4.5697855949401855 346
4.578028678894043 346
4.5866522789001465 346
4.596359729766846 346
4.605964660644531 346
4.614312410354614 346
4.625451326370239 347
4.63409686088562 346
4.643782615661621 346
4.6529271602630615 346
4.661476373672485 346
4.669753313064575 346
4.67798924446106 346
4.686320781707764 346
4.6958489418029785 346
4.705249547958374 346
4.713549375534058 346
4.722491264343262 346
4.731191396713257 345
4.740389108657837 345
4.753499269485474 346
4.765328407287598 347
4.778170824050903 347
4.790555477142334 345
4.803583383560181 343
4.816493988037109 342
4.829049348831177 343
4.840616703033447 344
4.85337233543396 345
4.86179780960083 345
4.870275974273682 344
4.878968000411987 343
4.8878021240234375 343
4.896470308303833 343
4.90601921081543 343
4.9152655601501465 344
4.923540353775024 344
4.931821346282959 343
4.940320730209351 343
4.950407266616821 343
4.962261438369751 344
4.971269845962524 344
4.980949401855469 344
4.989309072494507 344
4.998598337173462 344
