0 0
0.013298749923706055 0
0.03537464141845703 0
0.05413055419921875 2
0.07377290725708008 8
0.09555864334106445 15
0.10760784149169922 23
0.11607241630554199 27
0.12486886978149414 32
0.13328790664672852 37
0.1420748233795166 43
0.1524672508239746 49
0.1601266860961914 55
0.17400884628295898 65
0.18284130096435547 70
0.190293550491333 76
0.1991896629333496 83
0.20944452285766602 89
0.21787214279174805 97
0.22635173797607422 103
0.23513054847717285 109
0.24424076080322266 116
0.25484371185302734 123
0.2631375789642334 129
0.2721407413482666 135
0.28000450134277344 141
0.2889978885650635 145
0.2972538471221924 150
0.3072226047515869 156
0.31565189361572266 161
0.3241252899169922 167
0.3324577808380127 172
0.34171533584594727 178
0.3503885269165039 184
0.36006855964660645 188
0.36951661109924316 192
0.37813472747802734 197
0.3863859176635742 201
0.3950505256652832 205
0.40511178970336914 209
0.41355180740356445 213
0.42188525199890137 218
0.4298515319824219 221
0.4392509460449219 224
0.4487149715423584 228
0.45789408683776855 233
0.46743321418762207 237
0.47625207901000977 239
0.48502349853515625 241
0.4933934211730957 244
0.5021255016326904 247
0.511681079864502 251
0.5195267200469971 253
0.5302467346191406 258
0.539435625076294 261
0.5488207340240479 263
0.5581390857696533 266
0.572899580001831 269
0.5802853107452393 272
0.5930073261260986 275
0.6048860549926758 279
0.6172301769256592 281
0.6288671493530273 283
0.6411230564117432 287
0.6544678211212158 291
0.6704299449920654 294
0.6843714714050293 294
0.692979097366333 294
0.7016139030456543 295
0.7109603881835938 296
0.7192959785461426 298
0.727592945098877 301
0.736748218536377 302
0.7452554702758789 303
0.754852294921875 303
0.7642879486083984 304
0.773705005645752 305
0.7820501327514648 307
0.7900042533874512 309
0.7987966537475586 311
0.8077917098999023 313
0.817352294921875 314
0.8257794380187988 314
0.8352410793304443 315
0.8435049057006836 316
0.8529555797576904 318
0.8620834350585938 319
0.8717286586761475 320
0.8796937465667725 320
0.88838791847229 321
0.897040605545044 322
0.9062347412109375 324
0.9158003330230713 325
0.9243788719177246 325
0.9332840442657471 326
0.9415194988250732 327
0.9528656005859375 328
0.9602270126342773 329
0.9756929874420166 330
0.9847869873046875 330
0.9932949542999268 331
1.0020856857299805 332
1.0119013786315918 333
1.020484447479248 333
1.0294296741485596 333
1.0387885570526123 333
1.0477948188781738 335
1.0561022758483887 336
1.0679938793182373 336
1.0772204399108887 336
1.0856263637542725 336
1.094104528427124 337
1.1030547618865967 338
1.1103582382202148 339
1.119922161102295 339
1.128882646560669 339
1.1375670433044434 338
1.1460881233215332 339
1.1556134223937988 339
1.1640002727508545 341
1.1738357543945312 341
1.1850171089172363 341
1.193439245223999 340
1.2024867534637451 340
1.2100551128387451 341
1.2195665836334229 342
1.229133129119873 342
1.2391676902770996 343
1.2483901977539062 343
1.2564871311187744 342
1.2657861709594727 343
1.2751891613006592 343
1.2898356914520264 344
1.3155782222747803 346
1.336751937866211 346
1.3564121723175049 342
1.3817658424377441 340
1.3996055126190186 341
1.417809247970581 346
1.4450011253356934 347
1.4649007320404053 346
1.4803924560546875 344
1.5043916702270508 346
1.5137269496917725 348
1.523409128189087 349
1.533083200454712 350
1.5427954196929932 350
1.551893949508667 349
1.5597925186157227 349
1.5688858032226562 349
1.5779845714569092 349
1.586186170578003 349
1.596787929534912 350
1.606229543685913 351
1.6150400638580322 350
1.6249363422393799 349
1.6336970329284668 349
1.6419148445129395 350
1.650336503982544 351
1.6590924263000488 351
1.6681511402130127 351
1.6777420043945312 351
1.6859686374664307 351
1.6957345008850098 351
1.7042057514190674 351
1.7124509811401367 351
1.7200217247009277 351
1.730210542678833 352
1.7390472888946533 352
1.7481765747070312 353
1.756443738937378 353
1.7655713558197021 352
1.7788405418395996 352
1.7876250743865967 353
1.7974152565002441 353
1.8058967590332031 353
1.8143813610076904 353
1.8228652477264404 353
1.8328945636749268 352
1.8403286933898926 352
1.8499722480773926 353
1.8587501049041748 353
1.8672313690185547 353
1.8755300045013428 353
1.8848645687103271 352
1.8933334350585938 352
1.9028410911560059 352
1.91013503074646 353
1.9189157485961914 353
1.928802490234375 353
1.9372048377990723 352
1.945667028427124 352
1.9554460048675537 352
1.964914321899414 353
1.973304271697998 353
1.982748031616211 353
1.9900963306427002 353
2.0000698566436768 352
2.010023593902588 352
2.018751621246338 353
2.0277440547943115 353
2.037205696105957 353
2.045581340789795 352
2.0551295280456543 352
2.0644712448120117 351
2.073103189468384 353
2.082141876220703 353
2.090031385421753 353
2.099612236022949 352
2.1094491481781006 351
2.1178324222564697 351
2.1270039081573486 351
2.1361212730407715 353
2.1450347900390625 353
2.1542019844055176 352
2.1635026931762695 351
2.171785831451416 351
2.1852657794952393 352
2.1943702697753906 353
2.203242778778076 353
2.2110910415649414 353
2.2192869186401367 352
2.2288708686828613 351
2.2382030487060547 351
2.2467620372772217 351
2.2557761669158936 352
2.265137195587158 352
2.273406744003296 353
2.281702995300293 352
2.2903716564178467 352
2.299595355987549 351
2.3079922199249268 351
2.316228151321411 352
2.325613498687744 353
2.334183931350708 353
2.3435020446777344 353
2.3556690216064453 351
2.3656065464019775 351
2.3740880489349365 351
2.382770538330078 351
2.392699718475342 352
2.4000492095947266 353
2.4120209217071533 352
2.419947385787964 352
2.4294655323028564 352
2.439016103744507 352
2.4483025074005127 352
2.4568092823028564 352
2.467292070388794 352
2.4756031036376953 352
2.4838531017303467 352
2.4936747550964355 352
2.5019099712371826 352
2.5102436542510986 352
2.5189411640167236 352
2.527832269668579 352
2.536031723022461 352
2.5456137657165527 351
2.5550334453582764 351
2.5638530254364014 351
2.572080612182617 351
2.5852339267730713 351
2.595421075820923 351
2.603806257247925 351
2.6129982471466064 351
2.6202991008758545 351
2.6297695636749268 351
2.6381311416625977 351
2.6484365463256836 350
2.657668113708496 350
2.667473077774048 350
2.6791036128997803 351
2.6935272216796875 351
2.705167770385742 350
2.717010021209717 349
2.729193925857544 348
2.7404778003692627 349
2.7552084922790527 352
2.7675487995147705 354
2.7778799533843994 355
2.786215305328369 354
2.7963619232177734 352
2.8052830696105957 351
2.814284324645996 351
2.823244094848633 351
2.831813335418701 351
2.8395955562591553 352
2.8501358032226562 352
2.8594741821289062 351
2.868143320083618 350
2.8764092922210693 350
2.88509464263916 350
2.8937876224517822 350
2.9033071994781494 350
2.9114909172058105 350
2.9197659492492676 350
2.9289872646331787 350
2.9372246265411377 349
2.948441743850708 349
2.957458734512329 349
2.965848207473755 350
2.975332260131836 350
2.989856481552124 350
2.999753952026367 349
3.0082833766937256 349
3.016437292098999 349
3.0258960723876953 349
3.0343594551086426 350
3.0431265830993652 350
3.053306818008423 349
3.062361001968384 349
3.0699622631073 349
3.078387975692749 349
3.086444616317749 349
3.0957021713256836 349
3.105288505554199 349
3.113557815551758 349
3.1235861778259277 349
3.131995916366577 348
3.1402688026428223 349
3.1509885787963867 349
3.159882068634033 349
3.1687164306640625 349
3.176788330078125 349
3.1851837635040283 348
3.1940016746520996 348
3.2034881114959717 347
3.2118687629699707 348
3.2209877967834473 348
3.229979991912842 349
3.238800048828125 349
3.2479655742645264 348
3.258143663406372 348
3.2662298679351807 348
3.275022268295288 349
3.283499002456665 349
3.2927474975585938 348
3.3019192218780518 348
3.3097598552703857 347
3.3182692527770996 348
3.3281407356262207 348
3.336332321166992 349
3.3497650623321533 349
3.359464168548584 348
3.3681437969207764 347
3.376359224319458 347
3.3901023864746094 348
3.3990302085876465 349
3.4088053703308105 349
3.4170708656311035 349
3.4259109497070312 348
3.4351673126220703 347
3.443561553955078 347
3.4544858932495117 347
3.4632105827331543 348
3.4715211391448975 349
3.479478359222412 349
3.489788055419922 348
3.498713970184326 347
3.5078797340393066 347
3.51627516746521 347
3.525590181350708 348
3.540983200073242 349
3.550018072128296 349
3.559892416000366 348
3.5684285163879395 347
3.576998710632324 347
3.586066961288452 348
3.5949490070343018 348
3.6032209396362305 348
3.612696647644043 348
3.6217081546783447 347
3.6297247409820557 347
3.638124704360962 347
3.646937608718872 347
3.6560285091400146 347
3.6654341220855713 347
3.6738076210021973 347
3.6820671558380127 347
3.690411329269409 347
3.6990373134613037 347
3.708434820175171 347
3.7175779342651367 346
3.7259278297424316 346
3.734391689300537 346
3.743403911590576 346
3.753530263900757 346
3.763178825378418 346
3.771064519882202 346
3.7854645252227783 345
3.7940919399261475 345
3.8027727603912354 345
3.8118443489074707 345
3.8201351165771484 345
3.8289713859558105 345
3.8372201919555664 345
3.846184730529785 345
3.856086492538452 345
3.8658015727996826 345
3.8742949962615967 345
3.8833611011505127 344
3.891735315322876 344
3.8996376991271973 344
3.907912015914917 345
3.9182121753692627 345
3.9263579845428467 345
3.9349782466888428 345
3.9440011978149414 344
3.9550490379333496 344
3.9643139839172363 344
3.9728574752807617 344
3.980226516723633 344
3.9893429279327393 344
3.9995627403259277 344
4.0087409019470215 344
4.019054412841797 344
4.027329206466675 344
4.035654544830322 344
4.044792175292969 344
4.054440498352051 343
4.0632429122924805 343
4.072781085968018 344
4.080230474472046 344
4.089483976364136 344
4.0977723598480225 344
4.106049060821533 343
4.116040229797363 343
4.124950647354126 343
4.133227586746216 344
4.141550064086914 344
4.152348279953003 344
4.159942865371704 343
4.169631004333496 343
4.177990198135376 342
4.191462993621826 342
4.199477195739746 343
4.208152770996094 343
4.218382358551025 343
4.226482152938843 343
4.235155820846558 342
4.2436769008636475 342
4.2536461353302 342
4.26190972328186 342
4.27045750617981 343
4.279405117034912 343
4.288159608840942 343
4.29630184173584 342
4.305227279663086 341
4.314354419708252 341
4.323711156845093 342
4.33206582069397 343
4.340017557144165 343
4.357865571975708 341
4.366919279098511 340
4.37627911567688 339
4.385801076889038 339
4.394230842590332 340
4.403201103210449 341
4.412710905075073 341
4.423095703125 341
4.43159031867981 341
4.439401626586914 340
4.449399709701538 340
4.458227634429932 340
4.468447208404541 340
4.478229522705078 340
4.487612962722778 340
4.495861530303955 340
4.504336595535278 340
4.513289451599121 340
4.522139310836792 340
4.53000020980835 340
4.538758993148804 340
4.548377990722656 340
4.5573718547821045 340
4.565650939941406 340
4.575159788131714 340
4.58800745010376 340
4.596304178237915 340
4.605248689651489 340
4.614253759384155 340
4.622695446014404 340
4.631726026535034 340
4.639530420303345 340
4.649640083312988 340
4.657868146896362 340
4.666360139846802 340
4.675760984420776 340
4.684855699539185 340
4.693171501159668 340
4.700957536697388 340
4.7091498374938965 340
4.717835903167725 340
4.727306365966797 340
4.735616207122803 340
4.745278358459473 340
4.75743842124939 340
4.769054412841797 340
4.783305406570435 340
4.795073509216309 340
4.806248903274536 340
4.818231582641602 340
4.831599712371826 340
4.841958045959473 340
4.85194206237793 340
4.859716892242432 340
4.868946313858032 340
4.878733158111572 340
4.88698148727417 340
4.895393371582031 340
4.904064178466797 340
4.913371324539185 340
4.92155909538269 340
4.930327415466309 340
4.9390013217926025 340
4.949767589569092 340
4.958139896392822 340
4.966346502304077 340
4.975667238235474 340
4.989565134048462 340
4.9979963302612305 340
