0 0
0.01471257209777832 0
0.031755924224853516 0
0.04785609245300293 0
0.06802797317504883 2
0.0874941349029541 9
0.10413193702697754 15
0.11449623107910156 19
0.12335538864135742 25
0.13171863555908203 29
0.13963913917541504 34
0.14847779273986816 39
0.1586928367614746 45
0.1670680046081543 50
0.17656946182250977 58
0.18553900718688965 64
0.19548916816711426 72
0.2046663761138916 78
0.2147068977355957 85
0.22487258911132812 92
0.23325634002685547 100
0.2416543960571289 106
0.24981403350830078 112
0.2599015235900879 120
0.26864027976989746 126
0.27704954147338867 132
0.2854487895965576 142
0.2996234893798828 152
0.30938243865966797 158
0.3180530071258545 166
0.32718372344970703 174
0.33586645126342773 180
0.34479689598083496 187
0.3553769588470459 197
0.3653078079223633 204
0.37460756301879883 212
0.38295650482177734 218
0.39249253273010254 226
0.3998894691467285 232
0.40864109992980957 238
0.4179213047027588 246
0.42695021629333496 251
0.4354257583618164 257
0.4439516067504883 262
0.452451229095459 267
0.4624946117401123 272
0.4698975086212158 276
0.47934842109680176 280
0.4888296127319336 284
0.49724268913269043 288
0.505516529083252 292
0.5150606632232666 295
0.5244159698486328 300
0.5326938629150391 303
0.5399971008300781 305
0.5488443374633789 307
0.5578632354736328 310
0.5672574043273926 312
0.5760304927825928 315
0.5848343372344971 318
0.594733715057373 321
0.6032102108001709 323
0.6114451885223389 324
0.6216316223144531 326
0.6294460296630859 328
0.6377947330474854 330
0.6459906101226807 332
0.6550891399383545 333
0.6635081768035889 334
0.673149585723877 335
0.6820144653320312 335
0.6920228004455566 336
0.7044498920440674 338
0.7129063606262207 339
0.7233977317810059 341
0.7316563129425049 342
0.7395951747894287 343
0.7480769157409668 344
0.7570562362670898 344
0.7652816772460938 344
0.7746379375457764 345
0.783797025680542 347
0.793816089630127 348
0.8026657104492188 349
0.8140857219696045 349
0.8274393081665039 349
0.8386387825012207 348
0.8499765396118164 350
0.8632524013519287 351
0.8761155605316162 352
0.8894999027252197 352
0.9015753269195557 352
0.9112544059753418 352
0.9213697910308838 353
0.9292252063751221 353
0.9375278949737549 354
0.945850133895874 354
0.954902172088623 354
0.9632673263549805 354
0.9728662967681885 354
0.9806056022644043 354
0.991314172744751 354
0.9992737770080566 355
1.0076096057891846 355
1.0158231258392334 356
1.0260047912597656 356
1.0346894264221191 355
1.0431334972381592 355
1.0517568588256836 354
1.0595853328704834 355
1.0679404735565186 355
1.0772449970245361 356
1.086932897567749 356
1.0957608222961426 356
1.1083831787109375 356
1.1171391010284424 356
1.1267223358154297 356
1.135054111480713 357
1.1436362266540527 357
1.152832269668579 357
1.161482572555542 357
1.169539213180542 356
1.1790978908538818 356
1.1890082359313965 357
1.1979131698608398 358
1.2066552639007568 358
1.2149629592895508 358
1.225041389465332 357
1.2333354949951172 356
1.241666316986084 356
1.2500789165496826 357
1.2589054107666016 358
1.2673470973968506 358
1.2768046855926514 358
1.285447597503662 356
1.2959980964660645 356
1.3046753406524658 357
1.3129448890686035 358
1.3223662376403809 358
1.331418514251709 358
1.3392112255096436 358
1.3474435806274414 358
1.3560822010040283 358
1.3646440505981445 358
1.3729326725006104 357
1.3838188648223877 358
1.3934314250946045 358
1.4016284942626953 358
1.409379482269287 358
1.4186830520629883 357
1.4276649951934814 357
1.4359021186828613 357
1.4447307586669922 358
1.4534120559692383 358
1.4615938663482666 358
1.4693584442138672 358
1.478855848312378 357
1.4886398315429688 358
1.501751184463501 358
1.5098004341125488 358
1.5192317962646484 357
1.5276191234588623 356
1.5370020866394043 356
1.545278549194336 356
1.5546081066131592 358
1.5631260871887207 358
1.5712878704071045 357
1.579876184463501 357
1.5894279479980469 357
1.5977823734283447 358
1.6068885326385498 358
1.6156675815582275 358
1.6244614124298096 357
1.6337172985076904 356
1.6423490047454834 356
1.650663137435913 357
1.6588859558105469 358
1.6671726703643799 358
1.675400733947754 358
1.6906168460845947 356
1.6989538669586182 356
1.707796573638916 356
1.7168810367584229 356
1.7251665592193604 356
1.7346105575561523 357
1.7430164813995361 357
1.7516567707061768 356
1.7595243453979492 356
1.7678627967834473 356
1.7760610580444336 356
1.787043809890747 356
1.7953107357025146 356
1.8038702011108398 356
1.8120651245117188 356
1.8200979232788086 356
1.8287179470062256 356
1.837904930114746 356
1.8470854759216309 356
1.8553681373596191 356
1.863935947418213 356
1.8723499774932861 356
1.8812143802642822 356
1.8915324211120605 356
1.9073145389556885 356
1.9159672260284424 356
1.92488431930542 356
1.933255910873413 356
1.9428293704986572 356
1.9517078399658203 356
1.9595015048980713 356
1.967803955078125 356
1.9759173393249512 356
1.9851889610290527 356
1.9953296184539795 356
2.003849506378174 356
2.0151302814483643 356
2.0233843326568604 356
2.0315895080566406 356
2.041107416152954 356
2.04966402053833 356
2.0580687522888184 356
2.0660862922668457 356
2.0746841430664062 356
2.0834696292877197 356
2.0936458110809326 356
2.1017138957977295 356
2.1096115112304688 356
2.1190216541290283 356
2.1273324489593506 356
2.135576009750366 356
2.1456212997436523 356
2.1540744304656982 356
2.162649154663086 356
2.169914484024048 356
2.1792476177215576 356
2.188631296157837 356
2.197618246078491 356
2.2057955265045166 356
2.2150797843933105 356
2.223465919494629 356
2.2316079139709473 356
2.2393808364868164 356
2.2493557929992676 356
2.2576076984405518 356
2.2657930850982666 356
2.2744319438934326 356
2.2832553386688232 356
2.2944014072418213 356
2.3059728145599365 356
2.315340042114258 356
2.324496030807495 356
2.3327548503875732 356
2.3400392532348633 356
2.3499815464019775 356
2.3586065769195557 356
2.3668086528778076 356
2.375068187713623 356
2.383960247039795 356
2.3932254314422607 356
2.40337872505188 356
2.4131617546081543 356
2.422420024871826 356
2.429741144180298 356
2.438366174697876 356
2.447948455810547 356
2.456111192703247 356
2.464900255203247 356
2.4731192588806152 356
2.482372999191284 356
2.490734577178955 356
2.4997525215148926 356
2.508699417114258 356
2.5173487663269043 356
2.526134967803955 356
2.5347301959991455 356
2.5434441566467285 356
2.5530593395233154 356
2.5611987113952637 356
2.5689656734466553 356
2.5779175758361816 356
2.586977005004883 356
2.5955212116241455 356
2.604983329772949 356
2.61374831199646 356
2.621755838394165 356
2.6295130252838135 356
2.6377944946289062 356
2.6468753814697266 356
2.655898094177246 356
2.6644763946533203 356
2.6727206707000732 356
2.681269884109497 356
2.6932010650634766 356
2.70685076713562 356
2.7157392501831055 356
2.7246899604797363 356
2.733494997024536 356
2.742694616317749 356
2.753849744796753 356
2.7624430656433105 356
2.769740581512451 356
2.7788758277893066 356
2.7880914211273193 356
2.796424627304077 356
2.8077878952026367 356
2.8160359859466553 356
2.824744462966919 356
2.832963705062866 356
2.841580390930176 356
2.8493611812591553 356
2.8587570190429688 356
2.8670027256011963 356
2.8758769035339355 356
2.885843515396118 356
2.897834539413452 356
2.911616325378418 356
2.9228219985961914 356
2.9359092712402344 356
2.9486939907073975 356
2.9647583961486816 356
2.974979877471924 356
2.9832849502563477 356
2.992830991744995 356
3.003347158432007 356
3.0133891105651855 356
3.021589517593384 356
3.029346466064453 356
3.0384695529937744 356
3.04740309715271 356
3.057955741882324 356
3.066647529602051 356
3.075352668762207 356
3.0837342739105225 356
3.093096971511841 356
3.1012470722198486 356
3.115144968032837 356
3.1238605976104736 356
3.1324055194854736 356
3.140732765197754 356
3.1488564014434814 356
3.157876968383789 356
3.1659810543060303 356
3.1751654148101807 356
3.183729887008667 356
3.192923069000244 356
3.2006824016571045 356
3.211400032043457 356
3.2192137241363525 356
3.227468967437744 356
3.2356455326080322 356
3.2453079223632812 356
3.2536513805389404 356
3.262894868850708 356
3.2707417011260986 356
3.2792727947235107 356
3.2893221378326416 356
3.2975575923919678 356
3.3066978454589844 356
3.315835475921631 356
3.3245081901550293 355
3.3329226970672607 355
3.3417274951934814 355
3.355936050415039 355
3.365583658218384 355
3.374567747116089 355
3.3828163146972656 355
3.3916919231414795 355
3.3995068073272705 354
3.408705949783325 354
3.4179418087005615 355
3.4266159534454346 355
3.4350523948669434 356
3.444120407104492 355
3.452620029449463 354
3.459979295730591 354
3.469592332839966 355
3.478762149810791 355
3.4880800247192383 355
3.4964394569396973 354
3.5090644359588623 354
3.5187430381774902 354
3.5271573066711426 354
3.5355098247528076 355
3.5447418689727783 355
3.5530483722686768 355
3.561474323272705 354
3.5738725662231445 354
3.5824124813079834 354
3.5912365913391113 354
3.5992133617401123 354
3.6085805892944336 354
3.618504524230957 354
3.6267340183258057 354
3.6351397037506104 354
3.6444180011749268 354
3.6526248455047607 354
3.659945249557495 354
3.670663833618164 354
3.678917407989502 354
3.6880767345428467 354
3.696117639541626 354
3.705089569091797 354
3.7134110927581787 354
3.723001480102539 354
3.7311482429504395 354
3.739617109298706 354
3.7483320236206055 354
3.757089853286743 354
3.765350580215454 354
3.775367021560669 354
3.783900499343872 354
3.792922258377075 354
3.8011839389801025 354
3.8096063137054443 354
3.8179306983947754 354
3.827392101287842 354
3.836470365524292 354
3.845050811767578 354
3.8541181087493896 354
3.862626314163208 354
3.872551679611206 354
3.879889726638794 354
3.889354705810547 354
3.8976364135742188 354
3.910747766494751 354
3.91903018951416 354
3.9285242557525635 354
3.9374358654022217 354
3.9456558227539062 354
3.9547815322875977 354
3.963202953338623 354
3.9732868671417236 354
3.9815146923065186 354
3.9906623363494873 354
3.998858690261841 354
4.007396221160889 354
4.015605688095093 354
4.02527379989624 354
4.034426927566528 354
4.0426506996154785 354
4.049936532974243 354
4.059096574783325 354
4.067924499511719 354
4.078613519668579 354
4.087906122207642 354
4.095981597900391 354
4.105273246765137 354
4.113805055618286 354
4.12204384803772 353
4.13123631477356 354
4.139683485031128 354
4.148616075515747 354
4.156855821609497 354
4.16564679145813 354
4.174766540527344 353
4.18403697013855 353
4.19333553314209 354
4.202898263931274 354
4.210726976394653 354
4.218915700912476 353
4.228443622589111 353
4.237232446670532 353
4.24558687210083 353
4.254090785980225 354
4.2633044719696045 354
4.272575855255127 354
4.281587839126587 353
4.291336536407471 352
4.299781799316406 353
4.313414573669434 354
4.321670055389404 354
4.331471681594849 354
4.33967924118042 353
4.348501205444336 353
4.356820821762085 352
4.365798711776733 352
4.374650001525879 353
4.384003400802612 354
4.393310070037842 354
4.402431488037109 353
4.409790277481079 352
4.418515205383301 352
4.426731824874878 352
4.436727523803711 353
4.445279598236084 353
4.453663349151611 352
4.4620232582092285 352
4.4700987339019775 352
4.4787514209747314 352
4.489028453826904 352
4.497339248657227 352
4.506641387939453 352
4.514973878860474 352
4.523258209228516 352
4.532973766326904 352
4.541152477264404 352
4.548952102661133 352
4.557259798049927 352
4.567197799682617 352
4.575916528701782 352
4.587008237838745 352
4.596622705459595 352
4.605551481246948 352
4.61397123336792 352
4.622555494308472 352
4.629865407943726 352
4.6398375034332275 352
4.648462533950806 352
4.656699895858765 352
4.665690660476685 352
4.674133777618408 352
4.682808876037598 352
4.7015533447265625 352
4.71474027633667 352
4.723177194595337 352
4.732576847076416 352
4.741591930389404 352
4.751356363296509 352
4.759179353713989 352
4.768904447555542 352
4.777655839920044 352
4.788320064544678 352
4.7972166538238525 352
4.8075220584869385 352
4.816422939300537 352
4.824801206588745 352
4.8338634967803955 352
4.843268156051636 352
4.851433753967285 352
4.8592236042022705 352
4.868393659591675 352
4.876618385314941 352
4.884934425354004 352
4.8956544399261475 352
4.904521226882935 352
4.912800073623657 352
4.9200849533081055 352
4.929542779922485 352
4.938993692398071 352
4.947263717651367 352
4.955528974533081 352
4.965748310089111 352
4.976959466934204 352
4.992505788803101 352
