0 0
0.013129472732543945 0
0.031369924545288086 0
0.04987072944641113 2
0.06799483299255371 7
0.08724689483642578 16
0.10796833038330078 26
0.11945438385009766 31
0.12804889678955078 37
0.1371448040008545 41
0.14541840553283691 48
0.15335965156555176 52
0.16286754608154297 60
0.17209696769714355 66
0.18062400817871094 71
0.18912720680236816 77
0.19935917854309082 85
0.20792603492736816 92
0.21751046180725098 100
0.22641324996948242 106
0.2354106903076172 114
0.24338221549987793 118
0.2518467903137207 126
0.26010775566101074 132
0.26990699768066406 140
0.27873921394348145 147
0.2873361110687256 155
0.2972443103790283 161
0.30568408966064453 169
0.3153243064880371 177
0.3233046531677246 182
0.3372788429260254 195
0.34925270080566406 205
0.36095762252807617 215
0.38048839569091797 229
0.3938174247741699 243
0.40802764892578125 252
0.4209449291229248 264
0.4315986633300781 272
0.4399745464324951 279
0.4498107433319092 287
0.4594883918762207 295
0.4695918560028076 303
0.47854137420654297 310
0.48688507080078125 317
0.496692419052124 324
0.5054137706756592 331
0.513282299041748 335
0.5228221416473389 340
0.5317070484161377 344
0.5399506092071533 347
0.5486512184143066 350
0.556976318359375 352
0.5658507347106934 353
0.5752942562103271 355
0.5831794738769531 355
0.5927717685699463 356
0.6019408702850342 356
0.61065673828125 357
0.6198763847351074 357
0.62911057472229 357
0.6374599933624268 357
0.6456539630889893 357
0.6535830497741699 357
0.6626784801483154 357
0.6719121932983398 357
0.6800251007080078 357
0.6886434555053711 357
0.698652982711792 357
0.7080240249633789 357
0.716552734375 357
0.7256655693054199 357
0.7340033054351807 357
0.7428092956542969 357
0.7514925003051758 357
0.7597050666809082 357
0.7689166069030762 357
0.782386064529419 357
0.7909154891967773 357
0.8013041019439697 357
0.8096673488616943 357
0.8180806636810303 357
0.8287472724914551 357
0.8369789123535156 357
0.8447971343994141 357
0.8530189990997314 357
0.8621318340301514 357
0.870661735534668 357
0.8796999454498291 357
0.8885979652404785 357
0.8991239070892334 357
0.9080209732055664 357
0.9165441989898682 357
0.9255971908569336 357
0.9338209629058838 357
0.9424948692321777 357
0.9509379863739014 357
0.9611701965332031 357
0.9698772430419922 357
0.9793956279754639 357
0.9878432750701904 357
0.9978682994842529 357
1.0064520835876465 357
1.0138030052185059 357
1.0225019454956055 357
1.0329256057739258 357
1.0421314239501953 357
1.050490379333496 357
1.0593736171722412 357
1.0679471492767334 357
1.0771336555480957 357
1.0853865146636963 357
1.095228672027588 357
1.1031301021575928 357
1.1119670867919922 357
1.1201145648956299 357
1.1301007270812988 357
1.1387624740600586 357
1.1470084190368652 357
1.1547966003417969 357
1.1635313034057617 357
1.1733729839324951 357
1.1870639324188232 357
1.1966698169708252 357
1.203946590423584 357
1.2127091884613037 357
1.220970630645752 357
1.2307543754577637 357
1.2391037940979004 356
1.2475316524505615 356
1.2557802200317383 355
1.2651524543762207 355
1.2729876041412354 355
1.2825558185577393 355
1.2914295196533203 355
1.2996735572814941 355
1.3085391521453857 355
1.3172688484191895 355
1.3265619277954102 355
1.3356430530548096 355
1.34340500831604 355
1.3517086505889893 355
1.3609321117401123 355
1.3694581985473633 355
1.3778657913208008 355
1.38726806640625 355
1.397193431854248 355
1.4054222106933594 355
1.413259506225586 354
1.4226014614105225 354
1.43282151222229 354
1.4410319328308105 354
1.449361801147461 354
1.4584577083587646 353
1.4669721126556396 353
1.4773774147033691 353
1.48695707321167 353
1.4969680309295654 353
1.5047519207000732 353
1.5129454135894775 353
1.5218780040740967 353
1.5311284065246582 353
1.5401906967163086 353
1.5489802360534668 353
1.5578651428222656 353
1.5661377906799316 353
1.5737404823303223 353
1.5878753662109375 353
1.59796142578125 353
1.6066725254058838 353
1.6140110492706299 353
1.6230616569519043 353
1.6319034099578857 353
1.641153335571289 353
1.6495287418365479 353
1.6585891246795654 353
1.6670098304748535 353
1.675232172012329 353
1.6830236911773682 353
1.6937229633331299 353
1.7021498680114746 353
1.7104716300964355 353
1.7188663482666016 353
1.7289259433746338 353
1.738142967224121 353
1.7465956211090088 353
1.7539055347442627 353
1.763273000717163 353
1.7731072902679443 353
1.7815196514129639 353
1.7925841808319092 353
1.8007748126983643 353
1.8091120719909668 353
1.817396879196167 353
1.826608419418335 353
1.833892822265625 353
1.843290090560913 353
1.8518295288085938 353
1.8607628345489502 353
1.8691277503967285 353
1.877429485321045 353
1.8856472969055176 353
1.8977010250091553 353
1.905787706375122 353
1.9137005805969238 353
1.9227235317230225 353
1.930943250656128 353
1.9392249584197998 353
1.9486618041992188 352
1.9578170776367188 351
1.966498851776123 351
1.9738805294036865 351
1.988626480102539 351
1.9985864162445068 351
2.00850510597229 351
2.0167555809020996 350
2.025629997253418 350
2.0340843200683594 350
2.043715715408325 350
2.0521299839019775 350
2.0612943172454834 350
2.0695078372955322 350
2.0779354572296143 349
2.0868005752563477 349
2.0978453159332275 349
2.106139898300171 350
2.1137359142303467 350
2.123126268386841 350
2.1313958168029785 349
2.1404616832733154 349
2.1498804092407227 349
2.1589515209198 349
2.1673192977905273 349
2.175604820251465 350
2.1834139823913574 350
2.193284511566162 349
2.2028191089630127 349
2.211219549179077 349
2.220059871673584 349
2.2286455631256104 349
2.237013339996338 349
2.246842622756958 349
2.2555007934570312 349
2.2632882595062256 348
2.2718470096588135 348
2.2800586223602295 348
2.2987513542175293 349
2.307133197784424 349
2.315322160720825 349
2.3235881328582764 348
2.332573175430298 348
2.341315507888794 348
2.3529722690582275 348
2.3615880012512207 348
2.370072841644287 348
2.3825862407684326 349
2.392136335372925 348
2.4016635417938232 348
2.412642478942871 348
2.424147367477417 348
2.4368724822998047 348
2.449026584625244 348
2.462568759918213 348
2.473375082015991 348
2.4866299629211426 348
2.498939037322998 348
2.510056495666504 348
2.5193145275115967 348
2.5277059078216553 348
2.5357940196990967 348
2.544001817703247 348
2.5552616119384766 348
2.5632219314575195 348
2.5716552734375 348
2.579864501953125 348
2.5892653465270996 348
2.5986452102661133 348
2.6078484058380127 348
2.6161346435546875 348
2.624121904373169 348
2.6328988075256348 348
2.6412041187286377 347
2.6501307487487793 347
2.6596896648406982 347
2.6681289672851562 347
2.6766529083251953 347
2.6854565143585205 347
2.6940767765045166 347
2.7027366161346436 347
2.7118892669677734 346
2.720928430557251 346
2.729307174682617 346
2.737565517425537 346
2.7457902431488037 346
2.7569987773895264 346
2.7647976875305176 346
2.7732672691345215 346
2.7867236137390137 346
2.795752763748169 346
2.803683042526245 346
2.8134474754333496 346
2.8227338790893555 346
2.8309357166290283 346
2.8392603397369385 346
2.847541332244873 346
2.8566882610321045 346
2.865694522857666 346
2.873669147491455 346
2.882923126220703 346
2.892812728881836 346
2.901103973388672 346
2.910116195678711 346
2.9201903343200684 346
2.9298479557037354 346
2.9385294914245605 346
2.9469316005706787 346
2.956550121307373 346
2.965463876724243 346
2.9732673168182373 346
2.982548952102661 346
2.991818904876709 346
2.999985933303833 346
3.0086429119110107 346
3.0185091495513916 346
3.0267553329467773 345
3.034088134765625 345
3.0427615642547607 345
3.0518524646759033 346
3.0616986751556396 346
3.069948196411133 346
3.078751564025879 345
3.0874791145324707 345
3.0967912673950195 345
3.104100227355957 345
3.1151602268218994 345
3.123025894165039 345
3.1313345432281494 344
3.139634609222412 344
3.1490254402160645 344
3.1573097705841064 343
3.167489528656006 343
3.175758123397827 343
3.18886137008667 343
3.19817852973938 343
3.2069201469421387 343
3.2167341709136963 343
3.2240288257598877 343
3.2329037189483643 343
3.241187810897827 343
3.2498438358306885 343
3.258553981781006 343
3.267681360244751 343
3.2757861614227295 343
3.284120559692383 343
3.293539524078369 343
3.3019373416900635 343
3.3100368976593018 343
3.3200647830963135 343
3.32869553565979 343
3.337087869644165 343
3.345273971557617 343
3.353642463684082 343
3.369965076446533 343
3.3789615631103516 343
3.38767409324646 343
3.3969733715057373 343
3.4052655696868896 343
3.4136970043182373 343
3.4232797622680664 343
3.4329833984375 343
3.441303253173828 343
3.450026750564575 343
3.4586896896362305 343
3.4686484336853027 343
3.4770007133483887 342
3.4857709407806396 342
3.4940743446350098 341
3.502782106399536 341
3.5110976696014404 341
3.5212655067443848 341
3.52974009513855 341
3.5384433269500732 341
3.5470283031463623 341
3.5552797317504883 341
3.563128709793091 341
3.5726656913757324 341
3.5872583389282227 341
3.597317695617676 341
3.6070468425750732 341
3.6161110401153564 340
3.6255106925964355 340
3.6333096027374268 340
3.6416006088256836 340
3.650897264480591 340
3.6591975688934326 340
3.667466163635254 340
3.678039789199829 340
3.6865732669830322 339
3.6956868171691895 339
3.7035348415374756 339
3.71283221244812 339
3.721134901046753 340
3.7306954860687256 340
3.739123821258545 340
3.7485556602478027 339
3.756906032562256 339
3.7647225856781006 339
3.7738823890686035 339
3.783665180206299 339
3.793062210083008 339
3.801408290863037 339
3.8105242252349854 340
3.819004774093628 340
3.828761339187622 339
3.837049961090088 339
3.846442461013794 339
3.8537960052490234 339
3.8626177310943604 339
3.8708982467651367 339
3.8805184364318848 339
3.889211654663086 339
3.8993568420410156 339
3.907824754714966 339
3.9170258045196533 339
3.9261474609375 339
3.9337384700775146 339
3.9456238746643066 339
3.9536571502685547 339
3.9624457359313965 339
3.970681667327881 339
3.9811577796936035 339
3.994072198867798 338
4.002913951873779 338
4.01258111000061 338
4.020936489105225 338
4.030121564865112 338
4.038760662078857 338
4.047510147094727 338
4.055751085281372 337
4.063579797744751 337
4.072577714920044 337
4.082097768783569 337
4.090712785720825 337
4.099684238433838 337
4.108858346939087 337
4.117286205291748 337
4.125497341156006 337
4.134747266769409 337
4.143559217453003 337
4.151923894882202 337
4.160067319869995 337
4.168716669082642 337
4.177209377288818 337
4.187389135360718 337
4.19658637046814 337
4.203891277313232 337
4.213085651397705 337
4.221423149108887 337
4.229693412780762 337
4.239223480224609 337
4.248653411865234 337
4.256931781768799 337
4.264711618423462 337
4.272929906845093 337
4.282918930053711 337
4.2989723682403564 337
4.30849552154541 337
4.3191468715667725 337
4.327481031417847 337
4.336938858032227 337
4.345636367797852 337
4.355224609375 337
4.363007545471191 337
4.3726112842559814 337
4.381820917129517 337
4.396965980529785 336
4.405273675918579 336
4.416913032531738 336
4.424790620803833 335
4.433940887451172 336
4.443319320678711 336
4.451660633087158 336
4.459895610809326 336
4.468552350997925 336
4.477522850036621 335
4.487370252609253 335
4.499963283538818 336
4.511456251144409 336
4.522949695587158 336
4.534072160720825 335
4.548771619796753 335
4.559988498687744 335
4.571346759796143 335
4.583239316940308 335
4.5984697341918945 334
4.607442140579224 334
4.615662574768066 334
4.623461961746216 334
4.631852388381958 335
4.642113924026489 335
4.650189638137817 334
4.6589038372039795 334
4.667398691177368 334
4.676640272140503 335
4.683972597122192 335
4.694106578826904 335
4.7033257484436035 335
4.711946487426758 334
4.720099449157715 334
4.728875398635864 334
4.7375335693359375 335
4.747503995895386 335
4.7566680908203125 335
4.764011859893799 334
4.773430585861206 334
4.781834602355957 334
4.797000169754028 334
4.8068201541900635 334
4.814154148101807 334
4.822952747344971 334
4.831223011016846 334
4.841211318969727 334
4.849786758422852 334
4.8584675788879395 334
4.866747856140137 333
4.875414848327637 333
4.883285284042358 333
4.893895864486694 333
4.902708530426025 333
4.911805629730225 333
4.921380043029785 333
4.929657220840454 333
4.939010858535767 333
4.948549747467041 332
4.95688009262085 332
4.964670658111572 332
4.973584890365601 332
4.981981039047241 332
4.9906463623046875 332
