0 0
0.01337122917175293 0
0.032480478286743164 0
0.058580636978149414 4
0.09040498733520508 16
0.1274402141571045 35
0.14763092994689941 48
0.15793561935424805 56
0.16624951362609863 61
0.17636346817016602 68
0.18425464630126953 74
0.19318246841430664 80
0.20326757431030273 87
0.21165180206298828 93
0.22045207023620605 101
0.22930240631103516 107
0.23842144012451172 114
0.24722003936767578 121
0.25666117668151855 129
0.26439499855041504 135
0.2757549285888672 144
0.2838876247406006 149
0.292236328125 157
0.30167698860168457 165
0.3114781379699707 172
0.3198232650756836 180
0.3291614055633545 186
0.3391695022583008 193
0.34795212745666504 200
0.3575465679168701 205
0.36580944061279297 212
0.3758265972137451 219
0.3838629722595215 222
0.39225029945373535 228
0.40174198150634766 233
0.4114654064178467 238
0.4199950695037842 242
0.42934703826904297 247
0.43814754486083984 252
0.44670963287353516 255
0.454334020614624 260
0.4638795852661133 264
0.473736047744751 268
0.4821293354034424 273
0.4904899597167969 276
0.5034751892089844 280
0.513131856918335 283
0.5217125415802002 285
0.5301756858825684 288
0.5397424697875977 290
0.548384428024292 294
0.5567359924316406 297
0.5663659572601318 300
0.5746748447418213 302
0.5834987163543701 303
0.5918290615081787 304
0.6006894111633301 306
0.6103029251098633 309
0.6190526485443115 311
0.6278767585754395 313
0.6371872425079346 314
0.6445233821868896 316
0.6532618999481201 318
0.6625125408172607 320
0.6730587482452393 322
0.6813344955444336 323
0.6897311210632324 324
0.6990556716918945 326
0.7073979377746582 326
0.7170519828796387 328
0.7244415283203125 329
0.734246015548706 331
0.7427234649658203 332
0.7510883808135986 332
0.7596211433410645 333
0.769892692565918 334
0.7791450023651123 336
0.7877156734466553 337
0.7959225177764893 337
0.8044815063476562 338
0.8140239715576172 338
0.822504997253418 339
0.8319475650787354 341
0.8403153419494629 342
0.8502483367919922 343
0.859882116317749 343
0.8700976371765137 343
0.8794503211975098 343
0.8877100944519043 344
0.8959548473358154 346
0.9092197418212891 347
0.9186797142028809 347
0.9274394512176514 347
0.9372663497924805 346
0.944591760635376 347
0.9532654285430908 348
0.9615890979766846 349
0.9725780487060547 350
0.9810326099395752 350
0.9999809265136719 350
1.0137720108032227 352
1.0233335494995117 352
1.0325326919555664 354
1.0471315383911133 353
1.0721006393432617 348
1.0894591808319092 348
1.100215196609497 348
1.1087334156036377 350
1.1181445121765137 351
1.1263775825500488 352
1.1346418857574463 352
1.1503479480743408 351
1.1734814643859863 349
1.1917922496795654 351
1.20035719871521 353
1.2093467712402344 354
1.2176237106323242 355
1.2272436618804932 355
1.2374653816223145 354
1.2463674545288086 353
1.254258394241333 352
1.2634334564208984 353
1.274327278137207 354
1.283097505569458 354
1.2913734912872314 354
1.3003146648406982 354
1.3135490417480469 354
1.3233897686004639 354
1.3325884342193604 355
1.3407738208770752 355
1.3500308990478516 356
1.3595011234283447 355
1.3691051006317139 354
1.379377841949463 354
1.3877992630004883 355
1.397153377532959 356
1.404571294784546 356
1.413215160369873 356
1.4221901893615723 355
1.431464672088623 355
1.4397611618041992 355
1.4487810134887695 356
1.457441806793213 356
1.4663519859313965 356
1.4764492511749268 356
1.4842238426208496 356
1.4925568103790283 355
1.5018203258514404 355
1.5101943016052246 356
1.519097089767456 356
1.5287280082702637 356
1.5371942520141602 356
1.544543981552124 356
1.5536599159240723 356
1.5629713535308838 356
1.5721056461334229 356
1.5817112922668457 356
1.589979887008667 356
1.59907865524292 356
1.607290267944336 356
1.6145744323730469 356
1.6232521533966064 356
1.6332650184631348 356
1.641493320465088 356
1.6502501964569092 356
1.6587278842926025 356
1.6677303314208984 356
1.67763352394104 356
1.6858365535736084 356
1.694312572479248 356
1.7075421810150146 356
1.7153830528259277 356
1.7236852645874023 356
1.7336108684539795 356
1.7419753074645996 356
1.7503468990325928 356
1.7599244117736816 356
1.768301010131836 356
1.7785170078277588 356
1.7870969772338867 356
1.7958447933197021 356
1.8037004470825195 356
1.8121285438537598 356
1.8202998638153076 356
1.8302133083343506 356
1.8390283584594727 356
1.8472785949707031 356
1.8559479713439941 356
1.8644285202026367 356
1.877065658569336 356
1.8859820365905762 356
1.8941195011138916 356
1.9024853706359863 356
1.910590410232544 356
1.9192266464233398 356
1.9284377098083496 356
1.9377994537353516 356
1.9459376335144043 356
1.9536733627319336 356
1.9631822109222412 356
1.9722301959991455 356
1.981616497039795 356
1.9900999069213867 356
1.9992649555206299 356
2.008774995803833 356
2.017249345779419 356
2.0260603427886963 356
2.034554958343506 356
2.043215751647949 356
2.0516579151153564 356
2.0602564811706543 356
2.068683385848999 356
2.077986717224121 356
2.0874624252319336 356
2.096343994140625 356
2.1097145080566406 356
2.121481418609619 356
2.1347098350524902 356
2.1471216678619385 356
2.1587321758270264 356
2.1699626445770264 356
2.182600498199463 356
2.193824529647827 356
2.202103614807129 356
2.2102906703948975 356
2.218705415725708 356
2.2279014587402344 356
2.2374346256256104 356
2.2447805404663086 356
2.253411054611206 356
2.2620480060577393 356
2.2726852893829346 356
2.2807416915893555 356
2.2910852432250977 356
2.2995316982269287 356
2.3077776432037354 356
2.3159172534942627 356
2.3243072032928467 356
2.3327033519744873 356
2.342038631439209 356
2.350428819656372 356
2.3594393730163574 356
2.368119955062866 356
2.3775789737701416 356
2.386765241622925 356
2.3966751098632812 356
2.404263973236084 356
2.413048028945923 356
2.4218411445617676 356
2.4301867485046387 356
2.439753532409668 356
2.448068857192993 356
2.4572224617004395 356
2.4645261764526367 356
2.474552631378174 356
2.48319411277771 356
2.4934163093566895 356
2.5016682147979736 356
2.51383900642395 356
2.52274489402771 356
2.5315232276916504 356
2.540774345397949 356
2.549431800842285 356
2.558492660522461 356
2.5667567253112793 356
2.5753071308135986 356
2.5835177898406982 356
2.5936684608459473 356
2.6019582748413086 356
2.610199213027954 356
2.6190614700317383 356
2.628021001815796 356
2.6362292766571045 356
2.6452531814575195 356
2.6541829109191895 356
2.6625514030456543 356
2.6710479259490967 356
2.683924436569214 356
2.6938178539276123 356
2.702119827270508 356
2.710470676422119 356
2.7191386222839355 356
2.7290029525756836 356
2.738746166229248 356
2.7481582164764404 356
2.757290840148926 356
2.764586925506592 356
2.773979425430298 356
2.783046007156372 356
2.7932865619659424 356
2.80241322517395 356
2.8105502128601074 356
2.819770574569702 356
2.8283803462982178 356
2.8366639614105225 356
2.8459699153900146 356
2.8542540073394775 356
2.8626866340637207 356
2.8719465732574463 356
2.880331516265869 356
2.8895182609558105 356
2.8987486362457275 356
2.910606622695923 356
2.9198336601257324 356
2.928372859954834 356
2.9363908767700195 356
2.9442663192749023 356
2.9545466899871826 356
2.963219165802002 356
2.9722707271575928 356
2.9805688858032227 356
2.989382743835449 356
2.9986495971679688 356
3.0073282718658447 356
3.0145976543426514 356
3.0238165855407715 356
3.0320968627929688 356
3.040336847305298 356
3.049821138381958 356
3.058767795562744 356
3.067500114440918 356
3.0763912200927734 356
3.0860581398010254 356
3.093885898590088 356
3.1033124923706055 356
3.1115221977233887 355
3.1205625534057617 355
3.1295037269592285 356
3.138007879257202 356
3.146270990371704 356
3.1562154293060303 356
3.163999319076538 355
3.1736061573028564 355
3.181971311569214 355
3.191918134689331 356
3.2014708518981934 356
3.2098708152770996 356
3.218729257583618 355
3.2273411750793457 354
3.234724521636963 354
3.2434136867523193 355
3.253871202468872 356
3.262193441390991 356
3.2721102237701416 356
3.280435562133789 355
3.289935827255249 354
3.29935884475708 354
3.3145689964294434 356
3.323789358139038 357
3.3323984146118164 358
3.340710401535034 357
3.3500213623046875 356
3.3596107959747314 356
3.368079662322998 356
3.377586841583252 356
3.3861987590789795 356
3.3944661617279053 356
3.4032931327819824 356
3.412457227706909 355
3.4216814041137695 355
3.4301204681396484 355
3.4385416507720947 356
3.4533863067626953 356
3.462599039077759 356
3.471923589706421 355
3.480241060256958 354
3.48980712890625 354
3.498156785964966 354
3.5075464248657227 355
3.5162911415100098 356
3.524226188659668 356
3.533113479614258 355
3.5415074825286865 354
3.550572395324707 354
3.5600826740264893 354
3.5685508251190186 355
3.5779714584350586 356
3.5873212814331055 356
3.5946173667907715 355
3.603503704071045 354
3.613220453262329 354
3.621878147125244 354
3.630185127258301 355
3.639064311981201 355
3.647339105606079 356
3.656337261199951 355
3.6660079956054688 355
3.67464017868042 354
3.6838080883026123 355
3.6922874450683594 355
3.700495958328247 356
3.714730739593506 356
3.7235641479492188 355
3.732250452041626 354
3.7406327724456787 354
3.7502999305725098 354
3.758767604827881 354
3.768120288848877 354
3.777590751647949 354
3.787078380584717 354
3.7944328784942627 354
3.8031485080718994 354
3.8142006397247314 354
3.822676181793213 354
3.8307418823242188 354
3.8393971920013428 354
3.8481085300445557 354
3.8563573360443115 354
3.8657658100128174 354
3.8745336532592773 353
3.883936882019043 353
3.8922066688537598 354
3.9005532264709473 354
3.909416437149048 354
3.919602394104004 353
3.9279119968414307 352
3.936319351196289 352
3.9441616535186768 353
3.953444719314575 354
3.9617421627044678 354
3.9719882011413574 354
3.981268882751465 354
3.9896113872528076 354
3.9979407787323 354
4.006193399429321 354
4.01610541343689 354
4.0239033699035645 354
4.032570123672485 353
4.0407395362854 353
4.049946069717407 354
4.0585386753082275 354
4.067859172821045 354
4.077334642410278 353
4.086179494857788 352
4.094242095947266 352
4.1027398109436035 353
4.117729425430298 354
4.125973463058472 354
4.1339781284332275 354
4.142462253570557 353
4.1517250537872314 352
4.16011381149292 352
4.16963791847229 352
4.1798272132873535 354
4.18921160697937 354
4.200467348098755 352
4.213803291320801 351
4.227629661560059 351
4.239081621170044 352
4.250716924667358 354
4.262518644332886 354
4.276023626327515 352
4.284574508666992 351
4.293342590332031 350
4.301746129989624 350
4.310151100158691 351
4.321904420852661 352
4.331509351730347 352
4.339856863021851 352
4.349378347396851 351
4.357780933380127 350
4.365973234176636 351
4.3763978481292725 352
4.385301828384399 352
4.393747091293335 351
4.4022088050842285 351
4.411355972290039 351
4.4197001457214355 351
4.429336071014404 351
4.437803745269775 352
4.447413206100464 352
4.454759836196899 352
4.463418483734131 351
4.4736168384552 351
4.482302665710449 351
4.4906275272369385 352
4.499422073364258 352
4.5079426765441895 353
4.523531436920166 352
4.5320165157318115 351
4.5405192375183105 351
4.549710988998413 351
4.5580456256866455 352
4.566410064697266 352
4.5777692794799805 352
4.585957288742065 352
4.593755006790161 351
4.602258920669556 351
4.611489534378052 351
4.619818925857544 351
4.629558324813843 351
4.637789011001587 352
4.647013187408447 352
4.654477596282959 352
4.6631550788879395 351
4.686082124710083 350
4.694182634353638 350
4.703132629394531 351
4.712247371673584 352
4.720586538314819 352
4.731920480728149 351
4.740247011184692 350
4.749905824661255 350
4.758371114730835 351
4.767022132873535 351
4.776227712631226 351
4.7853710651397705 351
4.796654462814331 350
4.80427885055542 350
4.813613414764404 350
4.822123765945435 351
4.831462144851685 350
4.840680360794067 350
4.849915266036987 350
4.858158588409424 350
4.866391181945801 350
4.87667179107666 350
4.885928630828857 350
4.893709182739258 350
4.902003049850464 350
4.911124229431152 350
4.9241943359375 350
4.934414863586426 350
4.943585395812988 350
4.952199459075928 350
4.960589170455933 350
4.969249725341797 350
4.979334115982056 350
4.989107847213745 350
4.997315883636475 350
