0 0
0.013582944869995117 0
0.03267550468444824 0
0.04952287673950195 2
0.06859469413757324 6
0.0863640308380127 13
0.1031804084777832 20
0.11890435218811035 29
0.1273660659790039 35
0.13600635528564453 40
0.14574670791625977 47
0.1546788215637207 52
0.16306090354919434 58
0.17256879806518555 64
0.1813352108001709 72
0.18927693367004395 76
0.19789671897888184 84
0.20656824111938477 91
0.22233033180236816 102
0.22979497909545898 108
0.23949193954467773 116
0.24871230125427246 122
0.2573208808898926 130
0.2669053077697754 136
0.27579283714294434 144
0.2847583293914795 150
0.293243408203125 158
0.3016376495361328 164
0.3105807304382324 171
0.32328319549560547 182
0.3316493034362793 189
0.3415648937225342 197
0.3495457172393799 204
0.35836029052734375 210
0.36676955223083496 218
0.37720727920532227 227
0.38565969467163086 233
0.3944714069366455 240
0.4028763771057129 246
0.4116635322570801 255
0.42125916481018066 263
0.42963576316833496 270
0.439192533493042 278
0.4485325813293457 283
0.45688724517822266 289
0.4652564525604248 294
0.4754214286804199 301
0.48395442962646484 305
0.4926333427429199 308
0.4999699592590332 312
0.5092532634735107 315
0.5175576210021973 318
0.5270490646362305 321
0.5353515148162842 324
0.5456082820892334 327
0.5545105934143066 329
0.5628273487091064 331
0.5725090503692627 333
0.5799415111541748 335
0.588674783706665 337
0.5970256328582764 338
0.6059689521789551 340
0.6185977458953857 342
0.628685474395752 343
0.6384527683258057 344
0.6472582817077637 345
0.6555097103118896 346
0.663975715637207 346
0.6740610599517822 348
0.6825933456420898 348
0.6899302005767822 349
0.6986629962921143 350
0.7075965404510498 350
0.7158799171447754 351
0.7253446578979492 351
0.7339620590209961 351
0.7446272373199463 352
0.75288987159729 352
0.7610745429992676 352
0.7689175605773926 352
0.7788541316986084 353
0.7872169017791748 353
0.7956178188323975 354
0.8049914836883545 354
0.8133406639099121 354
0.8215620517730713 354
0.8328111171722412 354
0.842015266418457 354
0.849616289138794 354
0.8584802150726318 354
0.866788387298584 354
0.8753566741943359 354
0.8848543167114258 354
0.8931093215942383 354
0.9013090133666992 354
0.9096407890319824 354
0.918431282043457 354
0.927497386932373 355
0.9363579750061035 355
0.945359468460083 355
0.9538068771362305 354
0.9623687267303467 354
0.9710354804992676 355
0.9798288345336914 356
0.9885122776031494 356
0.9967999458312988 355
1.0057854652404785 354
1.018908977508545 354
1.0272924900054932 355
1.0388660430908203 356
1.0472822189331055 356
1.05556321144104 356
1.0643751621246338 356
1.0732533931732178 356
1.0829172134399414 355
1.0911636352539062 355
1.0991647243499756 355
1.1084184646606445 355
1.1165759563446045 355
1.1249077320098877 355
1.1344282627105713 355
1.1446812152862549 355
1.153116226196289 355
1.1612207889556885 355
1.1696052551269531 355
1.1784498691558838 355
1.1874291896820068 355
1.1958239078521729 355
1.2048523426055908 355
1.2132437229156494 355
1.221475601196289 355
1.2293345928192139 355
1.241417646408081 355
1.2491888999938965 355
1.2577061653137207 355
1.2658772468566895 355
1.2751708030700684 355
1.2846980094909668 355
1.292940378189087 355
1.3010599613189697 355
1.3095130920410156 355
1.3178424835205078 355
1.3263251781463623 354
1.339106798171997 354
1.348402500152588 354
1.3566150665283203 355
1.3650290966033936 355
1.373966932296753 355
1.3824920654296875 354
1.3916065692901611 354
1.3996086120605469 354
1.4086499214172363 354
1.4224045276641846 354
1.4297094345092773 353
1.4415006637573242 353
1.4498605728149414 353
1.4586982727050781 353
1.4677143096923828 354
1.4758636951446533 354
1.4845290184020996 353
1.4938080310821533 353
1.5025763511657715 352
1.5099129676818848 352
1.5187633037567139 352
1.5270195007324219 352
1.535987138748169 352
1.5456409454345703 352
1.5543832778930664 352
1.562683343887329 352
1.5713794231414795 352
1.5793428421020508 352
1.5889699459075928 352
1.5972974300384521 352
1.6063745021820068 352
1.6148691177368164 352
1.6231250762939453 352
1.6313364505767822 351
1.6428256034851074 351
1.6506493091583252 351
1.6633789539337158 351
1.675360918045044 352
1.6866257190704346 352
1.7000572681427002 350
1.7125639915466309 350
1.7239415645599365 350
1.734915018081665 351
1.7468616962432861 351
1.7557785511016846 351
1.7644472122192383 351
1.7734029293060303 350
1.781686782836914 350
1.789492130279541 350
1.8014202117919922 350
1.8091964721679688 350
1.822404384613037 350
1.829737663269043 350
1.8396971225738525 350
1.8493664264678955 349
1.8675029277801514 349
1.886850118637085 350
1.915663242340088 351
1.9338655471801758 350
1.956075668334961 349
1.9789109230041504 348
1.9992115497589111 348
2.021285057067871 349
2.0391674041748047 349
2.057793140411377 348
2.0774621963500977 347
2.0989181995391846 347
2.1174848079681396 348
2.1457455158233643 348
2.165334701538086 347
2.1828975677490234 346
2.191133975982666 346
2.20328426361084 346
2.2115089893341064 346
2.224379777908325 346
2.2336952686309814 346
2.2429959774017334 346
2.253162145614624 346
2.263911485671997 346
2.272911787033081 346
2.2810869216918945 346
2.2888824939727783 346
2.2982897758483887 346
2.3074264526367188 346
2.3156070709228516 346
2.324352741241455 346
2.3333427906036377 346
2.342756748199463 346
2.3500564098358154 346
2.3597068786621094 346
2.370081663131714 346
2.379560708999634 346
2.3890092372894287 346
2.3983566761016846 346
2.4075467586517334 346
2.4172537326812744 346
2.4255270957946777 346
2.435709238052368 346
2.4456279277801514 346
2.456009864807129 346
2.4651806354522705 346
2.473773956298828 345
2.482067823410034 345
2.489666700363159 345
2.4991297721862793 345
2.508579730987549 345
2.516827344894409 345
2.525163173675537 345
2.535147190093994 345
2.5457468032836914 345
2.5547468662261963 345
2.564728260040283 345
2.573436737060547 345
2.5816636085510254 345
2.589439868927002 345
2.598724365234375 345
2.6079723834991455 345
2.616065740585327 345
2.629793405532837 345
2.639183521270752 345
2.64833402633667 345
2.657423973083496 345
2.665949821472168 345
2.675060272216797 345
2.6833643913269043 345
2.6916096210479736 345
2.69978404045105 345
2.7093372344970703 345
2.71787428855896 344
2.7260360717773438 344
2.735306739807129 344
2.7458643913269043 345
2.7546799182891846 345
2.764631986618042 345
2.7730369567871094 344
2.7819859981536865 344
2.789597272872925 343
2.799814224243164 343
2.8085145950317383 343
2.8177335262298584 343
2.825864553451538 343
2.8349907398223877 343
2.844003438949585 342
2.85317063331604 342
2.8646912574768066 342
2.872941493988037 343
2.8815810680389404 343
2.8894941806793213 342
2.8989529609680176 342
2.9072985649108887 342
2.9165902137756348 342
2.9249393939971924 341
2.934011936187744 341
2.9432220458984375 341
2.9515063762664795 341
2.9612207412719727 341
2.971498489379883 341
2.9793660640716553 341
2.9877352714538574 341
2.9963862895965576 341
3.004805564880371 341
3.0144217014312744 341
3.0283148288726807 341
3.037409782409668 341
3.0465707778930664 341
3.0624516010284424 341
3.0844545364379883 341
3.099517345428467 341
3.121291160583496 341
3.140021562576294 341
3.1589279174804688 340
3.181734800338745 341
3.201669454574585 341
3.2194316387176514 340
3.2397053241729736 339
3.258915424346924 338
3.2772107124328613 339
3.2984683513641357 340
3.3134212493896484 340
3.3376080989837646 338
3.3537192344665527 336
3.362915515899658 336
3.3726017475128174 336
3.3799102306365967 336
3.3886826038360596 336
3.397705078125 336
3.4059669971466064 337
3.414625644683838 337
3.42873477935791 336
3.438485622406006 335
3.4468672275543213 335
3.4552929401397705 335
3.464449405670166 335
3.473710298538208 336
3.482020616531372 336
3.4910693168640137 335
3.4990851879119873 335
3.5074045658111572 335
3.515608549118042 335
3.525477170944214 335
3.5340576171875 335
3.5431299209594727 335
3.551647901535034 335
3.5606722831726074 335
3.568852186203003 335
3.578658103942871 335
3.5872859954833984 335
3.5965442657470703 335
3.6053173542022705 335
3.613861083984375 335
3.6235997676849365 335
3.631944179534912 335
3.6411263942718506 335
3.648963212966919 335
3.658034324645996 335
3.666592597961426 335
3.6771655082702637 335
3.6854207515716553 335
3.6945269107818604 335
3.708585739135742 335
3.716810703277588 335
3.726670026779175 335
3.738558292388916 335
3.749690055847168 335
3.7626590728759766 335
3.774010181427002 335
3.788510322570801 335
3.8015646934509277 335
3.8139641284942627 335
3.8312039375305176 335
3.839898109436035 335
3.848677635192871 335
3.8578941822052 335
3.866079568862915 335
3.8752048015594482 335
3.884559154510498 335
3.8945908546447754 335
3.902867317199707 335
3.911531686782837 335
3.9213786125183105 335
3.9312944412231445 335
3.9398550987243652 335
3.9492909908294678 335
3.9585256576538086 335
3.9671943187713623 335
3.975651741027832 334
3.985222339630127 334
3.9943933486938477 335
4.002716064453125 335
4.011492729187012 335
4.019299268722534 334
4.028582572937012 334
4.039072275161743 334
4.047426700592041 334
4.056835651397705 334
4.065228700637817 334
4.074615001678467 333
4.0839691162109375 333
4.093597173690796 333
4.102564096450806 333
4.111596584320068 334
4.121290922164917 334
4.129554510116577 333
4.153597116470337 334
4.162394046783447 334
4.169753789901733 334
4.1785619258880615 334
4.189151287078857 333
4.199705362319946 332
4.208514928817749 332
4.217838764190674 332
4.23132061958313 332
4.242445945739746 332
4.249820232391357 332
4.260560989379883 332
4.268786668777466 332
4.277269601821899 332
4.287304878234863 332
4.295601844787598 332
4.304351806640625 332
4.312753438949585 332
4.322084903717041 331
4.329833984375 331
4.341339349746704 331
4.349207878112793 331
4.358818531036377 331
4.367090940475464 331
4.375401496887207 331
4.384913206100464 331
4.394846200942993 331
4.404021978378296 331
4.412498474121094 331
4.421303987503052 330
4.429183483123779 330
4.4392828941345215 331
4.4485182762146 331
4.457246780395508 330
4.465555429458618 330
4.47406530380249 330
4.482590198516846 330
4.492923736572266 330
4.501173496246338 330
4.509017467498779 330
4.518790245056152 330
4.527150869369507 330
4.535447835922241 330
4.545690059661865 330
4.5548505783081055 330
4.563134670257568 330
4.571359395980835 330
4.579383134841919 330
4.588666915893555 330
4.5978569984436035 330
4.6060402393341064 330
4.6146605014801025 330
4.6275365352630615 330
4.637071132659912 330
4.646665334701538 330
4.655718088150024 330
4.66443657875061 330
4.672713279724121 330
4.680019855499268 330
4.6893346309661865 330
4.69886040687561 330
4.707284927368164 330
4.716023683547974 330
4.725232839584351 330
4.734072685241699 329
4.7453272342681885 329
4.754833459854126 328
4.763922214508057 328
4.773951053619385 329
4.782845497131348 329
4.790677547454834 329
4.799786806106567 328
4.80851411819458 328
4.817797422409058 328
4.826902151107788 327
4.835381746292114 327
4.8455846309661865 327
4.854777574539185 328
4.86306619644165 328
4.871304988861084 327
4.879331588745117 327
4.888594150543213 326
4.897827386856079 327
4.906062841415405 327
4.915315628051758 327
4.923713207244873 327
4.932997703552246 327
4.942467451095581 327
4.95243763923645 327
4.959733486175537 327
4.968576192855835 326
4.9768595695495605 326
4.985568523406982 326
4.994396209716797 326
