0 0
0.013422012329101562 0
0.030194997787475586 0
0.04951906204223633 2
0.07069754600524902 7
0.08741116523742676 15
0.10583829879760742 25
0.13179659843444824 38
0.14539337158203125 46
0.15735149383544922 55
0.1694498062133789 63
0.18323802947998047 74
0.1941819190979004 81
0.20340871810913086 88
0.21170711517333984 95
0.22057437896728516 101
0.23539471626281738 111
0.2451791763305664 119
0.2537057399749756 127
0.26311326026916504 133
0.272061824798584 141
0.28084802627563477 148
0.29053187370300293 156
0.29950380325317383 163
0.30807924270629883 170
0.31574153900146484 176
0.324735164642334 182
0.33499622344970703 189
0.3445272445678711 197
0.3528110980987549 203
0.361316442489624 210
0.3706941604614258 215
0.37915563583374023 220
0.38878726959228516 226
0.39768362045288086 231
0.40564537048339844 235
0.4145505428314209 240
0.42290759086608887 244
0.43169593811035156 249
0.4414827823638916 255
0.4510200023651123 259
0.4601902961730957 263
0.46985650062561035 267
0.4790685176849365 271
0.488605260848999 275
0.49738168716430664 279
0.5054140090942383 280
0.5138695240020752 283
0.5220868587493896 285
0.531440019607544 287
0.54103684425354 291
0.5508153438568115 293
0.5593063831329346 296
0.5686385631561279 299
0.5759856700897217 301
0.5847475528717041 303
0.5946581363677979 305
0.602994441986084 306
0.6113684177398682 309
0.6200165748596191 311
0.6321909427642822 314
0.6421496868133545 316
0.6516580581665039 317
0.6611082553863525 318
0.6694822311401367 320
0.6777811050415039 322
0.6862010955810547 323
0.6972343921661377 325
0.7051186561584473 326
0.7134480476379395 327
0.721735954284668 328
0.7307231426239014 329
0.7391817569732666 330
0.7493104934692383 331
0.7576372623443604 333
0.7660079002380371 334
0.7747206687927246 334
0.7835626602172852 335
0.7938644886016846 335
0.8025405406951904 335
0.8110847473144531 336
0.8195111751556396 338
0.8287532329559326 340
0.8361575603485107 341
0.8473145961761475 341
0.8551955223083496 341
0.8646748065948486 341
0.8729450702667236 341
0.8812751770019531 343
0.8898990154266357 344
0.8998162746429443 345
0.9081501960754395 345
0.9157452583312988 346
0.9246714115142822 346
0.9336295127868652 347
0.9420714378356934 346
0.9520232677459717 345
0.9613590240478516 345
0.9710586071014404 347
0.9808833599090576 347
0.9897267818450928 347
0.9998328685760498 347
1.0081143379211426 347
1.0157115459442139 348
1.024167776107788 348
1.038761854171753 349
1.0492870807647705 347
1.0586485862731934 347
1.06607985496521 346
1.0748050212860107 347
1.0830957889556885 347
1.0929627418518066 348
1.1021955013275146 349
1.1108689308166504 349
1.119213342666626 349
1.1281213760375977 348
1.1359302997589111 347
1.1453218460083008 348
1.1547322273254395 349
1.1638765335083008 350
1.1720809936523438 350
1.180866003036499 349
1.1892175674438477 349
1.1993184089660645 349
1.2075424194335938 349
1.2153546810150146 349
1.2247262001037598 349
1.2330172061920166 349
1.2413616180419922 349
1.2515792846679688 350
1.26070237159729 350
1.2690110206604004 350
1.2768070697784424 350
1.2851660251617432 350
1.2940177917480469 350
1.3041760921478271 350
1.312784194946289 350
1.3211555480957031 350
1.3302199840545654 350
1.3388590812683105 350
1.3480913639068604 350
1.3575432300567627 350
1.3653414249420166 350
1.3736729621887207 350
1.381878137588501 350
1.3910903930664062 350
1.3995535373687744 350
1.409019947052002 350
1.4168145656585693 350
1.4255013465881348 350
1.4392800331115723 350
1.4487941265106201 350
1.4591584205627441 350
1.4673423767089844 350
1.4751181602478027 350
1.4848618507385254 350
1.4937424659729004 350
1.5035216808319092 350
1.5118765830993652 350
1.5206913948059082 350
1.529428243637085 350
1.5376687049865723 350
1.5478131771087646 350
1.558115005493164 350
1.565751075744629 350
1.5745534896850586 350
1.5829296112060547 350
1.591689109802246 350
1.6001434326171875 350
1.60939621925354 350
1.6176373958587646 350
1.6260361671447754 350
1.6346819400787354 350
1.643991231918335 350
1.6522190570831299 349
1.6627204418182373 350
1.671262502670288 350
1.6795954704284668 350
1.68867826461792 350
1.6959943771362305 349
1.7055244445800781 349
1.7157626152038574 349
1.725196123123169 350
1.733567476272583 350
1.7420282363891602 350
1.7513582706451416 349
1.7614266872406006 349
1.769890308380127 349
1.7781219482421875 349
1.7857446670532227 349
1.7949490547180176 349
1.8032286167144775 349
1.8132193088531494 349
1.8220832347869873 349
1.8308889865875244 348
1.8441367149353027 348
1.8528199195861816 348
1.8629965782165527 349
1.871443510055542 349
1.8800523281097412 349
1.8889079093933105 348
1.8972387313842773 347
1.9052460193634033 347
1.9152545928955078 348
1.9245719909667969 349
1.9329965114593506 349
1.9414901733398438 348
1.954789638519287 347
1.9645600318908691 347
1.9728894233703613 347
1.9811673164367676 348
1.9900789260864258 348
1.9992637634277344 349
2.0110015869140625 348
2.021334648132324 347
2.030174732208252 347
2.038728713989258 347
2.0476415157318115 347
2.055920124053955 347
2.0673577785491943 347
2.0751798152923584 347
2.083489179611206 347
2.0929648876190186 347
2.101327657699585 347
2.109708786010742 347
2.120682716369629 346
2.1290581226348877 346
2.137299060821533 345
2.1460163593292236 346
2.1553516387939453 346
2.1637370586395264 347
2.1733055114746094 346
2.183694362640381 345
2.1956474781036377 345
2.20756196975708 346
2.22151780128479 348
2.2331485748291016 348
2.2532918453216553 345
2.2629446983337402 343
2.2721176147460938 343
2.2808306217193604 343
2.2898333072662354 343
2.2984399795532227 343
2.305917501449585 344
2.314692974090576 344
2.32454514503479 343
2.3327903747558594 343
2.3411812782287598 343
2.3513479232788086 343
2.35998272895813 343
2.3684980869293213 343
2.377622365951538 343
2.3858115673065186 342
2.394646167755127 342
2.403008222579956 342
2.411355495452881 343
2.4219484329223633 343
2.4306740760803223 343
2.439042329788208 342
2.448615312576294 341
2.457277536392212 341
2.4651334285736084 341
2.474675178527832 342
2.483963966369629 343
2.4921579360961914 343
2.505760908126831 341
2.5145561695098877 340
2.5250113010406494 339
2.5333504676818848 339
2.5419046878814697 340
2.552135467529297 341
2.560901641845703 341
2.5699644088745117 340
2.5810484886169434 339
2.5900521278381348 339
2.5986573696136475 339
2.605989456176758 339
2.614856004714966 339
2.6247024536132812 339
2.6346311569213867 339
2.6500113010406494 339
2.6587891578674316 339
2.6661458015441895 340
2.675863027572632 340
2.6849288940429688 339
2.693394184112549 339
2.7016425132751465 339
2.7100985050201416 339
2.7193942070007324 339
2.729231119155884 339
2.737422466278076 339
2.7460453510284424 340
2.755518674850464 340
2.7638723850250244 339
2.772108793258667 339
2.782691240310669 339
2.791025161743164 339
2.7993969917297363 340
2.8076791763305664 340
2.81611967086792 339
2.824887275695801 339
2.834878921508789 339
2.8445210456848145 340
2.8532276153564453 340
2.861489772796631 340
2.87005615234375 339
2.879382848739624 339
2.8887779712677 339
2.8961105346679688 339
2.9049508571624756 339
2.9133386611938477 339
2.9220516681671143 340
2.9316701889038086 340
2.940795660018921 339
2.9507312774658203 339
2.9591777324676514 339
2.967395305633545 340
2.975337505340576 340
2.985553741455078 339
2.9939122200012207 339
3.002474308013916 338
3.0111775398254395 338
3.0205764770507812 339
3.02898907661438 339
3.0419921875 339
3.0517749786376953 338
3.0608389377593994 337
3.0693390369415283 337
3.0776307582855225 337
3.088988780975342 338
3.096830368041992 338
3.105008602142334 338
3.11398983001709 338
3.122091770172119 338
3.1308364868164062 337
3.140951633453369 337
3.1507232189178467 337
3.159015417098999 337
3.167222261428833 337
3.175139904022217 337
3.185152769088745 337
3.193490743637085 337
3.201878070831299 337
3.2105863094329834 337
3.2193498611450195 336
3.2282261848449707 336
3.237455368041992 336
3.248199462890625 336
3.2559053897857666 336
3.2647335529327393 336
3.2729949951171875 336
3.281918525695801 336
3.291491985321045 335
3.299994945526123 336
3.308587074279785 336
3.3172707557678223 336
3.3252789974212646 336
3.333699941635132 335
3.3447396755218506 335
3.3536338806152344 336
3.361982822418213 336
3.3707191944122314 336
3.387211561203003 335
3.3952486515045166 335
3.40358829498291 335
3.4129505157470703 335
3.4212722778320312 335
3.4297266006469727 334
3.445753812789917 334
3.454643726348877 335
3.4631803035736084 336
3.4716742038726807 337
3.48099422454834 336
3.4905283451080322 335
3.499114990234375 334
3.5074620246887207 333
3.516012191772461 334
3.5249626636505127 334
3.533358573913574 334
3.545229911804199 333
3.5541768074035645 333
3.562821865081787 333
3.5712318420410156 333
3.5802206993103027 333
3.590481996536255 333
3.6005070209503174 333
3.608762502670288 333
3.617539644241333 333
3.6256372928619385 333
3.6340255737304688 332
3.6452536582946777 332
3.6546337604522705 332
3.662912607192993 333
3.6713569164276123 333
3.680567979812622 333
3.688883066177368 332
3.6981117725372314 332
3.705843448638916 331
3.715221643447876 332
3.7236850261688232 333
3.7319633960723877 333
3.7418484687805176 332
3.7517759799957275 332
3.7607100009918213 333
3.7690844535827637 333
3.7776613235473633 333
3.7856197357177734 332
3.795283555984497 331
3.803835868835449 331
3.8130953311920166 331
3.8214242458343506 332
3.830108165740967 332
3.8386993408203125 332
3.853006601333618 332
3.862051248550415 331
3.8709092140197754 331
3.880157947540283 331
3.888596773147583 331
3.8976173400878906 331
3.9054951667785645 331
3.9149861335754395 331
3.923480987548828 331
3.931772232055664 330
3.9548845291137695 329
3.963334321975708 329
3.9717397689819336 330
3.981560230255127 331
3.9901039600372314 331
4.000203371047974 331
4.009711742401123 330
4.018115520477295 329
4.025880575180054 329
4.034589052200317 329
4.04459285736084 330
4.05370831489563 330
4.06444239616394 329
4.0731871128082275 329
4.082110404968262 328
4.090914249420166 328
4.100590229034424 329
4.109482765197754 329
4.117802858352661 329
4.125586986541748 329
4.133985996246338 328
4.144483327865601 328
4.153687238693237 328
4.163106918334961 329
4.171668767929077 329
4.180767297744751 329
4.189053058624268 329
4.197283744812012 328
4.205979824066162 327
4.215166091918945 327
4.223633050918579 328
4.231992721557617 329
4.245882987976074 329
4.255616188049316 327
4.267721176147461 326
4.281234264373779 325
4.292180776596069 326
4.309818983078003 328
4.321595907211304 327
4.332817792892456 326
4.345848083496094 325
4.359583377838135 326
4.370720148086548 327
4.379814624786377 329
4.388499975204468 329
4.395884990692139 329
4.4056103229522705 327
4.414777517318726 327
4.423437595367432 327
4.431830167770386 328
4.441335201263428 328
4.4507715702056885 327
4.4605584144592285 327
4.469367504119873 326
4.478194713592529 326
4.485776662826538 327
4.494580984115601 327
4.502906799316406 326
4.512993574142456 325
4.521490573883057 325
4.530590295791626 325
4.539701223373413 326
4.549533843994141 326
4.559233903884888 325
4.569246530532837 325
4.579705715179443 326
4.588848829269409 327
4.597625970840454 327
4.606706857681274 326
4.6156699657440186 325
4.624415636062622 325
4.633144378662109 325
4.64556622505188 325
4.656032085418701 325
4.665645360946655 325
4.67570161819458 324
4.68459939956665 324
4.693159580230713 325
4.702017784118652 325
4.713534593582153 324
4.723438262939453 323
4.73171854019165 323
4.741073369979858 323
4.750166893005371 324
4.758922576904297 324
4.768468618392944 324
4.7778825759887695 323
4.785739898681641 323
4.794533967971802 322
4.802936553955078 322
4.81293249130249 323
4.821564435958862 323
4.830109357833862 323
4.83935546875 323
4.848797798156738 323
4.856079339981079 323
4.865781545639038 322
4.874963283538818 322
4.883976697921753 322
4.89216947555542 322
4.900829315185547 322
4.909869194030762 322
4.919295310974121 322
4.927522659301758 322
4.935394287109375 322
4.945760488510132 321
4.954678773880005 321
4.963709115982056 322
4.973027467727661 322
4.981349229812622 322
4.989729166030884 321
4.998597145080566 321
