0 0
0.013983011245727539 0
0.03570199012756348 0
0.05046844482421875 1
0.0694112777709961 5
0.08824467658996582 14
0.1047523021697998 22
0.11845517158508301 28
0.12624311447143555 32
0.13453412055969238 38
0.14281463623046875 43
0.15207743644714355 48
0.16158032417297363 55
0.17383790016174316 63
0.18291234970092773 71
0.1916487216949463 76
0.19987010955810547 82
0.20934057235717773 89
0.21953368186950684 97
0.22686290740966797 103
0.2355213165283203 109
0.24431705474853516 117
0.2530038356781006 123
0.261641263961792 131
0.27089691162109375 137
0.27951574325561523 144
0.2882359027862549 152
0.29601168632507324 157
0.30540037155151367 165
0.31543636322021484 173
0.32364320755004883 179
0.3320591449737549 186
0.3404867649078369 194
0.3507823944091797 202
0.35974907875061035 209
0.3687436580657959 217
0.3766207695007324 223
0.3857603073120117 230
0.3939707279205322 237
0.40239429473876953 245
0.4120802879333496 251
0.42211222648620605 259
0.4304046630859375 267
0.43860459327697754 274
0.4468555450439453 281
0.45596981048583984 287
0.46445274353027344 295
0.4738309383392334 302
0.4827122688293457 311
0.49144840240478516 317
0.49970078468322754 324
0.5086426734924316 332
0.5185604095458984 340
0.5263738632202148 345
0.5345635414123535 353
0.5428669452667236 360
0.5525312423706055 367
0.5608792304992676 372
0.5744833946228027 380
0.5840291976928711 383
0.5924091339111328 387
0.6009030342102051 389
0.6101195812225342 390
0.6200530529022217 390
0.6282529830932617 390
0.6360595226287842 389
0.6444625854492188 387
0.6537191867828369 385
0.662064790725708 383
0.6716618537902832 379
0.6802053451538086 376
0.6883203983306885 371
0.6960196495056152 368
0.7055413722991943 363
0.7144596576690674 359
0.723804235458374 355
0.7319736480712891 351
0.7402083873748779 349
0.7490549087524414 346
0.7569751739501953 344
0.765681266784668 343
0.7746493816375732 343
0.7836320400238037 343
0.7917273044586182 343
0.8000752925872803 344
0.8093972206115723 345
0.8181161880493164 348
0.8266732692718506 350
0.8349292278289795 352
0.8429899215698242 354
0.8519396781921387 356
0.8609611988067627 358
0.8707916736602783 360
0.880709171295166 361
0.8886992931365967 362
0.8963742256164551 363
0.9064257144927979 363
0.9154548645019531 363
0.9244294166564941 363
0.9327421188354492 362
0.9414932727813721 361
0.9503154754638672 360
0.9584228992462158 359
0.9714415073394775 357
0.9809155464172363 356
0.989412784576416 355
0.9966518878936768 355
1.00616455078125 354
1.0156121253967285 353
1.0250914096832275 353
1.0330605506896973 353
1.0415756702423096 353
1.0503144264221191 353
1.0587260723114014 353
1.0682625770568848 353
1.0766937732696533 353
1.0857312679290771 353
1.0938160419464111 353
1.10359787940979 353
1.1158058643341064 353
1.1294922828674316 353
1.140486717224121 353
1.1523232460021973 353
1.1631104946136475 353
1.174515724182129 353
1.1886062622070312 353
1.198577642440796 353
1.206921100616455 353
1.216081142425537 353
1.224231243133545 353
1.232996940612793 353
1.2417023181915283 353
1.2504258155822754 353
1.258530855178833 353
1.2661309242248535 353
1.2743210792541504 353
1.2843263149261475 353
1.2924883365631104 353
1.3011102676391602 353
1.3107445240020752 353
1.3186540603637695 353
1.3264563083648682 353
1.3357810974121094 353
1.3448550701141357 353
1.3528599739074707 353
1.361621618270874 353
1.3745887279510498 353
1.3845241069793701 353
1.392768383026123 353
1.4014167785644531 353
1.410980224609375 353
1.4195029735565186 353
1.4266657829284668 353
1.435938835144043 353
1.4447791576385498 353
1.4529094696044922 353
1.4614572525024414 353
1.4696087837219238 353
1.4781746864318848 353
1.4868004322052002 353
1.4953396320343018 353
1.50346040725708 353
1.512643814086914 353
1.5209808349609375 353
1.5293395519256592 353
1.5382540225982666 353
1.546555519104004 353
1.5547401905059814 353
1.5631093978881836 353
1.571608304977417 353
1.5806505680084229 352
1.5897703170776367 352
1.5969367027282715 352
1.608464002609253 352
1.6168453693389893 352
1.6253788471221924 352
1.6355464458465576 352
1.6442546844482422 352
1.6524147987365723 352
1.6608636379241943 352
1.668745994567871 352
1.678126573562622 352
1.686535358428955 352
1.6947808265686035 352
1.7029547691345215 352
1.712817907333374 352
1.721515417098999 352
1.7296524047851562 352
1.7494525909423828 352
1.7566685676574707 352
1.7650642395019531 352
1.778346300125122 352
1.7862882614135742 352
1.7957735061645508 352
1.804889440536499 352
1.8138680458068848 352
1.8221197128295898 352
1.830256462097168 352
1.839994192123413 352
1.8476638793945312 352
1.8557629585266113 352
1.8638262748718262 352
1.872035264968872 352
1.8826844692230225 352
1.8928542137145996 352
1.9016716480255127 352
1.912041187286377 352
1.9202046394348145 352
1.9282562732696533 352
1.9358928203582764 352
1.945561170578003 352
1.9536728858947754 352
1.962015151977539 352
1.970271110534668 352
1.979461669921875 352
1.9876656532287598 352
1.9965736865997314 352
2.0070507526397705 352
2.015622615814209 352
2.0239920616149902 351
2.0321764945983887 351
2.0409555435180664 351
2.0502073764801025 350
2.0582668781280518 350
2.0659265518188477 349
2.074575662612915 349
2.0828170776367188 349
2.0917856693267822 349
2.1010918617248535 349
2.1109461784362793 348
2.1190361976623535 348
2.1265151500701904 349
2.1347782611846924 349
2.144423007965088 349
2.1525914669036865 349
2.160952091217041 349
2.1690680980682373 349
2.1815755367279053 349
2.1898858547210693 349
2.19873309135437 349
2.2082440853118896 349
2.2159087657928467 349
2.2240548133850098 349
2.2323241233825684 349
2.240962266921997 349
2.2501611709594727 349
2.258187770843506 349
2.2659878730773926 349
2.274808406829834 349
2.2827868461608887 349
2.291733741760254 349
2.30178165435791 349
2.313025712966919 349
2.3216934204101562 349
2.3304805755615234 349
2.339630365371704 349
2.3484747409820557 349
2.356168746948242 349
2.365830183029175 349
2.374586820602417 349
2.384143114089966 348
2.392866611480713 348
2.402255058288574 348
2.412065267562866 348
2.421109437942505 349
2.4310200214385986 349
2.440190553665161 349
2.448225975036621 349
2.456714153289795 348
2.464939594268799 348
2.473816394805908 348
2.481968402862549 348
2.4903085231781006 348
2.498364210128784 348
2.509016990661621 348
2.516526937484741 347
2.5247700214385986 347
2.5327866077423096 347
2.5419986248016357 347
2.5511040687561035 347
2.559659481048584 346
2.5668578147888184 346
2.5803871154785156 346
2.588432788848877 346
2.5962252616882324 346
2.606945037841797 346
2.6154696941375732 346
2.6237292289733887 346
2.6319897174835205 346
2.640618085861206 346
2.648581027984619 346
2.657092809677124 346
2.6656062602996826 346
2.674163579940796 346
2.685840606689453 346
2.693958044052124 346
2.702488899230957 346
2.712557077407837 346
2.7208313941955566 346
2.7287275791168213 346
2.736933469772339 346
2.745603322982788 346
2.7545573711395264 346
2.7626962661743164 346
2.7715892791748047 346
2.7797040939331055 346
2.786865234375 346
2.7954061031341553 346
2.8065004348754883 346
2.8146414756774902 346
2.8228673934936523 346
2.8314638137817383 346
2.8402044773101807 346
2.8482494354248047 346
2.8566739559173584 346
2.865454912185669 346
2.874032974243164 346
2.8822615146636963 346
2.890390634536743 346
2.8984408378601074 346
2.91036057472229 346
2.918440580368042 346
2.9263288974761963 346
2.936177968978882 346
2.944484233856201 346
2.952572822570801 346
2.9619252681732178 346
2.970892906188965 345
2.982783317565918 345
2.9914894104003906 345
3.000312089920044 345
3.010922908782959 344
3.0190818309783936 344
3.0265235900878906 344
3.035637140274048 343
3.0438766479492188 343
3.0520436763763428 343
3.061410903930664 343
3.0701756477355957 343
3.07818865776062 343
3.0858795642852783 343
3.0939629077911377 342
3.1024391651153564 342
3.112827777862549 342
3.1211097240448 342
3.12947416305542 343
3.138185977935791 343
3.145998239517212 343
3.1541519165039062 343
3.16361141204834 343
3.172234296798706 342
3.1814019680023193 342
3.1924595832824707 342
3.2054073810577393 343
3.2176616191864014 343
3.229642391204834 343
3.241654872894287 342
3.2526330947875977 342
3.264091730117798 342
3.272782802581787 343
3.281428813934326 343
3.2895872592926025 343
3.3047564029693604 342
3.314439296722412 342
3.3225927352905273 342
3.3316073417663574 342
3.33998703956604 342
3.3481290340423584 343
3.355847120285034 343
3.3639514446258545 342
3.376403570175171 342
3.385899543762207 342
3.3941617012023926 342
3.402956485748291 342
3.4120049476623535 342
3.4217793941497803 342
3.42995023727417 342
3.438560724258423 342
3.4494106769561768 342
3.456667900085449 342
3.465923547744751 342
3.47506046295166 342
3.4829776287078857 342
3.4915738105773926 342
3.5002851486206055 342
3.509573459625244 342
3.5195205211639404 342
3.5267701148986816 342
3.536170482635498 342
3.5443289279937744 342
3.5524656772613525 342
3.5607712268829346 342
3.5704421997070312 342
3.578542947769165 342
3.5863890647888184 342
3.59458065032959 342
3.604311227798462 342
3.612434148788452 342
3.6218607425689697 342
3.6305019855499268 342
3.638568162918091 342
3.646354913711548 342
3.6545660495758057 342
3.663804054260254 342
3.67280912399292 342
3.681393623352051 342
3.6895081996917725 342
3.698223829269409 342
3.7068710327148438 342
3.715479612350464 341
3.724468231201172 341
3.733013391494751 341
3.7415597438812256 340
3.7497241497039795 340
3.756917953491211 339
3.766414165496826 339
3.7802891731262207 338
3.7883472442626953 338
3.7966973781585693 338
3.8061883449554443 337
3.8143701553344727 337
3.8242545127868652 337
3.8329522609710693 337
3.8414466381073 337
3.8496787548065186 337
3.8568332195281982 337
3.865893602371216 337
3.8748340606689453 337
3.883018970489502 337
3.891502857208252 337
3.9002163410186768 337
3.9099276065826416 337
3.917602300643921 337
3.9283506870269775 337
3.9360928535461426 337
3.9444282054901123 337
3.953944683074951 337
3.9626147747039795 337
3.970931053161621 337
3.979997396469116 337
3.987626075744629 337
3.9963409900665283 337
4.005855083465576 337
4.014064788818359 337
4.0222015380859375 337
4.032389402389526 337
4.0406084060668945 337
4.048660516738892 337
4.056434154510498 337
4.065649747848511 337
4.073791027069092 337
4.082849979400635 337
4.091402053833008 337
4.09996485710144 337
4.108677387237549 337
4.116360425949097 337
4.124648332595825 337
4.134515285491943 337
4.142648696899414 337
4.150986194610596 337
4.159371376037598 337
4.167628288269043 337
4.181025266647339 337
4.18956732749939 337
4.198119640350342 337
4.206627607345581 337
4.215068578720093 337
4.222980499267578 337
4.232998847961426 337
4.242292881011963 337
4.250415325164795 337
4.258468151092529 337
4.2665855884552 337
4.274864435195923 337
4.28409218788147 337
4.292902708053589 337
4.312243461608887 337
4.320711851119995 337
4.329891920089722 337
4.339372634887695 337
4.346660614013672 337
4.3548924922943115 337
4.36575722694397 337
4.374334812164307 337
4.384631872177124 337
4.393714189529419 337
4.401905298233032 337
4.410999298095703 337
4.419868230819702 337
4.42962646484375 337
4.438547849655151 337
4.446412801742554 336
4.454579591751099 336
4.463381290435791 335
4.471681833267212 335
4.479968547821045 335
4.489065647125244 335
4.496945381164551 334
4.506117820739746 334
4.514305114746094 334
4.522406578063965 333
4.531523704528809 333
4.54222559928894 333
4.552660226821899 333
4.561578273773193 334
4.569884777069092 334
4.580986022949219 334
4.591987133026123 334
4.601062297821045 334
4.611847400665283 334
4.6199421882629395 333
4.628599166870117 333
4.63628077507019 333
4.645540952682495 333
4.653577566146851 334
4.663694620132446 334
4.6719231605529785 334
4.680068731307983 333
4.688777446746826 333
4.697073221206665 333
4.706551790237427 333
4.714780330657959 333
4.722972869873047 334
4.731904745101929 334
4.7409827709198 334
4.7493813037872314 333
4.765022039413452 333
4.773009538650513 333
4.782005310058594 333
4.79180645942688 333
4.799933671951294 333
4.80870246887207 334
4.819550037384033 334
4.828207015991211 333
4.836010694503784 333
4.845592260360718 333
4.853686332702637 333
4.864610195159912 333
4.874199390411377 333
4.882328510284424 333
4.89094090461731 333
4.900293827056885 333
4.910270690917969 333
4.918319463729858 333
4.926633834838867 333
4.934846878051758 333
4.944134712219238 333
4.952299356460571 333
4.961564064025879 333
4.969665050506592 333
4.9768760204315186 333
4.992004632949829 333
