0 0
0.012069463729858398 0
0.02713751792907715 0
0.0460052490234375 2
0.06308698654174805 7
0.08072590827941895 14
0.10079503059387207 24
0.11487126350402832 30
0.12299537658691406 35
0.1314084529876709 40
0.13974738121032715 45
0.15210270881652832 53
0.1632235050201416 62
0.171983003616333 67
0.1804518699645996 73
0.18915534019470215 80
0.1978456974029541 86
0.20610308647155762 92
0.21508336067199707 100
0.22462248802185059 108
0.23239469528198242 112
0.24064421653747559 120
0.24890518188476562 126
0.25822973251342773 132
0.2684056758880615 140
0.27696704864501953 148
0.28612565994262695 155
0.29645371437072754 163
0.30468058586120605 171
0.3133227825164795 178
0.3226923942565918 184
0.33109402656555176 192
0.3393516540527344 198
0.34798502922058105 205
0.3566319942474365 213
0.3671407699584961 222
0.375715970993042 228
0.384735107421875 236
0.3928358554840088 243
0.40142202377319336 249
0.4097473621368408 256
0.41945385932922363 264
0.42809605598449707 271
0.43645238876342773 277
0.4445991516113281 286
0.45291709899902344 292
0.4679856300354004 304
0.47627782821655273 310
0.4848353862762451 319
0.4926474094390869 324
0.5009779930114746 332
0.5091979503631592 338
0.519310712814331 347
0.5279140472412109 354
0.5361158847808838 360
0.5433757305145264 366
0.5581090450286865 375
0.5685594081878662 380
0.5773348808288574 385
0.5861978530883789 387
0.5948700904846191 390
0.6026911735534668 391
0.6111040115356445 392
0.6209604740142822 392
0.629166841506958 391
0.6380031108856201 390
0.6462430953979492 388
0.6548876762390137 385
0.6632740497589111 382
0.6728346347808838 378
0.6812801361083984 374
0.6903762817382812 371
0.6986861228942871 366
0.7070508003234863 362
0.7150046825408936 358
0.7250487804412842 354
0.7326948642730713 351
0.7409031391143799 348
0.7489972114562988 346
0.7581620216369629 344
0.767197847366333 343
0.7764196395874023 342
0.785388708114624 343
0.7928690910339355 344
0.8025145530700684 345
0.8107244968414307 347
0.8193373680114746 349
0.828876256942749 352
0.8382043838500977 354
0.8463890552520752 356
0.8553886413574219 359
0.8634214401245117 360
0.8727834224700928 362
0.8812031745910645 364
0.8902390003204346 364
0.8984265327453613 365
0.9066596031188965 365
0.9147412776947021 365
0.9245870113372803 364
0.9322528839111328 364
0.9405825138092041 362
0.9526679515838623 361
0.9621431827545166 360
0.9708752632141113 358
0.9803788661956787 357
0.9902005195617676 356
1.0001347064971924 355
1.00913405418396 354
1.0185110569000244 354
1.027897834777832 353
1.0360393524169922 353
1.045799970626831 353
1.0540006160736084 353
1.0633082389831543 353
1.0718762874603271 354
1.0816850662231445 354
1.089782476425171 354
1.0990931987762451 355
1.1106014251708984 355
1.122673511505127 356
1.1358447074890137 356
1.1468055248260498 356
1.158874750137329 356
1.1708426475524902 357
1.1848258972167969 357
1.1946983337402344 357
1.2023639678955078 357
1.2105822563171387 356
1.2192444801330566 356
1.228464126586914 356
1.2367830276489258 356
1.2448580265045166 356
1.2531225681304932 357
1.2625000476837158 357
1.2706880569458008 357
1.280416488647461 357
1.288586139678955 356
1.2970407009124756 356
1.3049349784851074 356
1.3164730072021484 356
1.324512243270874 356
1.3330657482147217 356
1.3413755893707275 356
1.356018304824829 356
1.3647403717041016 356
1.3725368976593018 356
1.3824729919433594 356
1.3906450271606445 356
1.3987607955932617 356
1.407043695449829 356
1.4162406921386719 356
1.4234085083007812 356
1.4327924251556396 356
1.440955400466919 356
1.449345588684082 356
1.4578361511230469 356
1.4667465686798096 356
1.4748854637145996 356
1.4849929809570312 356
1.4926836490631104 356
1.500889539718628 356
1.509000539779663 356
1.5185251235961914 356
1.5266897678375244 356
1.5362012386322021 356
1.54335618019104 356
1.552433729171753 356
1.5616528987884521 356
1.5693602561950684 356
1.578521966934204 356
1.5879325866699219 356
1.5962340831756592 356
1.6034023761749268 355
1.6128637790679932 355
1.6211094856262207 354
1.6292061805725098 354
1.6385879516601562 354
1.6472337245941162 354
1.655684232711792 354
1.6645221710205078 353
1.6722195148468018 353
1.6808087825775146 353
1.690032720565796 353
1.6982381343841553 353
1.7064175605773926 353
1.7150633335113525 353
1.722876787185669 353
1.7309958934783936 353
1.7406480312347412 353
1.748974084854126 353
1.7619879245758057 353
1.7701914310455322 353
1.7790791988372803 353
1.7884976863861084 353
1.7966694831848145 353
1.8046875 353
1.8128230571746826 353
1.8224432468414307 353
1.8306002616882324 353
1.8399925231933594 353
1.8490650653839111 353
1.8573505878448486 353
1.8666386604309082 353
1.874678134918213 353
1.8829493522644043 353
1.8923323154449463 353
1.9006447792053223 353
1.909102201461792 353
1.918248176574707 353
1.9268317222595215 353
1.9348607063293457 353
1.9448299407958984 353
1.9524176120758057 353
1.961421012878418 353
1.9692978858947754 353
1.97831392288208 353
1.9864158630371094 353
1.9958148002624512 353
2.005448818206787 353
2.0134527683258057 353
2.0221500396728516 353
2.0301997661590576 353
2.038372039794922 353
2.0484464168548584 353
2.0566132068634033 353
2.0662522315979004 353
2.073399066925049 353
2.082432270050049 353
2.090564489364624 353
2.0997273921966553 353
2.1079773902893066 353
2.116762638092041 353
2.124826669692993 353
2.132584810256958 353
2.1408653259277344 353
2.150616407394409 353
2.1633503437042236 353
2.171994209289551 353
2.1807405948638916 353
2.1888673305511475 353
2.1983296871185303 353
2.2064833641052246 353
2.2153537273406982 353
2.222820520401001 353
2.2309391498565674 353
2.239001989364624 353
2.248776912689209 352
2.2572786808013916 352
2.2662692070007324 352
2.273421049118042 352
2.282248020172119 352
2.2903950214385986 352
2.299398899078369 352
2.3083713054656982 352
2.316673994064331 351
2.324763536453247 351
2.3360018730163574 351
2.3446736335754395 350
2.353095293045044 350
2.362454891204834 350
2.3706557750701904 350
2.3791255950927734 350
2.3877878189086914 350
2.395963430404663 350
2.40486216545105 350
2.412973642349243 350
2.421213388442993 350
2.429197072982788 350
2.437879800796509 350
2.4465019702911377 350
2.4579646587371826 350
2.4723703861236572 350
2.4811692237854004 350
2.489145517349243 350
2.4978201389312744 350
2.5078134536743164 350
2.516235113143921 350
2.5250778198242188 350
2.532717227935791 350
2.5421667098999023 350
2.5511679649353027 350
2.564862012863159 350
2.5732882022857666 350
2.584773540496826 350
2.5925981998443604 350
2.601830244064331 350
2.6104683876037598 350
2.6187260150909424 350
2.62680983543396 350
2.6348390579223633 350
2.643087148666382 350
2.652578592300415 350
2.6617960929870605 350
2.6697733402252197 350
2.678816556930542 350
2.6870858669281006 350
2.695050001144409 350
2.703421115875244 350
2.712381362915039 350
2.7205073833465576 350
2.7286651134490967 350
2.7371556758880615 350
2.746089458465576 350
2.7550060749053955 350
2.7633254528045654 350
2.7722573280334473 350
2.780524492263794 350
2.7886106967926025 350
2.796977996826172 350
2.8066515922546387 350
2.8147709369659424 350
2.8223979473114014 350
2.830493927001953 350
2.839049816131592 350
2.84735369682312 350
2.856736421585083 350
2.865962028503418 350
2.874544143676758 350
2.8822336196899414 349
2.890418291091919 349
2.898578643798828 349
2.9083468914031982 348
2.9166321754455566 348
2.9246740341186523 348
2.9323909282684326 347
2.9418087005615234 347
2.949760913848877 347
2.963109254837036 346
2.9723732471466064 346
2.9808037281036377 346
2.98897123336792 346
2.9972808361053467 346
3.0060126781463623 347
3.014951229095459 347
3.0225887298583984 347
3.0311965942382812 347
3.0404319763183594 347
3.048551082611084 347
3.056706666946411 346
3.0678350925445557 346
3.076296091079712 346
3.0834319591522217 346
3.0929906368255615 346
3.1014292240142822 346
3.1114087104797363 346
3.1192944049835205 346
3.127713441848755 346
3.135784149169922 346
3.1447739601135254 346
3.1523847579956055 346
3.163113832473755 346
3.1728057861328125 346
3.183392286300659 346
3.1953916549682617 346
3.207118034362793 346
3.2206497192382812 346
3.231768846511841 346
3.243082284927368 346
3.2557554244995117 346
3.272611141204834 346
3.2818543910980225 346
3.289792537689209 346
3.3050477504730225 346
3.3127458095550537 346
3.3248627185821533 346
3.332554340362549 346
3.341721296310425 346
3.349787712097168 346
3.3631415367126465 346
3.3731250762939453 346
3.3828446865081787 346
3.391268491744995 346
3.3997883796691895 346
3.4084932804107666 346
3.4178264141082764 346
3.426142692565918 346
3.4333274364471436 346
3.4422333240509033 346
3.450373888015747 346
3.4587361812591553 346
3.4693267345428467 346
3.4778566360473633 346
3.4860079288482666 346
3.4931883811950684 346
3.5023369789123535 346
3.51058030128479 346
3.5199971199035645 346
3.5282320976257324 346
3.5366909503936768 346
3.544780731201172 346
3.5524580478668213 346
3.5618913173675537 346
3.571706533432007 346
3.580034017562866 346
3.5882411003112793 346
3.596442222595215 346
3.605058431625366 346
3.612699031829834 346
3.6222074031829834 346
3.6303231716156006 346
3.639230728149414 346
3.6477692127227783 346
3.655968427658081 346
3.6649084091186523 345
3.6749227046966553 344
3.6826565265655518 344
3.6909496784210205 344
3.6992084980010986 344
3.7081856727600098 344
3.7163844108581543 344
3.725379467010498 343
3.733466148376465 343
3.7420294284820557 343
3.750067949295044 343
3.7626919746398926 343
3.7727749347686768 343
3.7811026573181152 343
3.7892379760742188 343
3.797769546508789 343
3.8066000938415527 343
3.814664602279663 343
3.8233232498168945 343
3.8318822383880615 343
3.8406949043273926 343
3.8488378524780273 343
3.8571410179138184 343
3.8666422367095947 343
3.8761656284332275 343
3.883406400680542 343
3.894713878631592 343
3.9030449390411377 343
3.911428213119507 343
3.9193496704101562 343
3.9287595748901367 343
3.9379184246063232 343
3.946227550506592 343
3.953392267227173 343
3.9626073837280273 343
3.972248077392578 343
3.9812870025634766 343
3.989328622817993 343
3.9985523223876953 343
4.006714820861816 343
4.014777421951294 343
4.022414445877075 343
4.0322277545928955 343
4.04042649269104 343
4.048604488372803 343
4.057170152664185 343
4.067355394363403 343
4.077208518981934 343
4.085339307785034 343
4.092848300933838 343
4.101867914199829 343
4.109946250915527 343
4.118278503417969 343
4.127435684204102 343
4.136826515197754 343
4.144879341125488 343
4.152575254440308 343
4.166616916656494 343
4.174755096435547 343
4.1840715408325195 343
4.192233324050903 343
4.200953006744385 343
4.209217071533203 343
4.2177722454071045 343
4.225952863693237 343
4.235965728759766 343
4.24321722984314 343
4.251710414886475 343
4.259941816329956 343
4.269296646118164 343
4.278309345245361 342
4.287447929382324 342
4.296679973602295 342
4.304833173751831 342
4.31250262260437 342
4.320709943771362 342
4.32886004447937 342
4.338645935058594 342
4.34681510925293 342
4.354922533035278 342
4.365034818649292 342
4.372694492340088 342
4.382747173309326 342
4.390886306762695 342
4.400851726531982 342
4.408974885940552 342
4.4177305698394775 342
4.425899982452393 342
4.435951471328735 342
4.4431610107421875 342
4.4517364501953125 342
4.468713283538818 342
4.477344274520874 342
4.488135814666748 342
4.496753454208374 342
4.5048582553863525 342
4.512603998184204 342
4.52299952507019 341
4.5322887897491455 341
4.541742563247681 340
4.5497753620147705 340
4.558038949966431 340
4.570956468582153 339
4.580681800842285 339
4.591252326965332 339
4.600329160690308 339
4.608474493026733 339
4.6166603565216064 339
4.624756574630737 339
4.632914304733276 339
4.6423821449279785 339
4.652813673019409 339
4.662817001342773 339
4.670974493026733 339
4.679201364517212 339
4.689061164855957 339
4.698052883148193 339
4.706800937652588 339
4.715938568115234 339
4.723145961761475 339
4.732369422912598 339
4.741424560546875 339
4.749342441558838 339
4.757816553115845 339
4.766782283782959 339
4.774850845336914 339
4.7827043533325195 339
4.792179822921753 339
4.800735950469971 339
4.808907985687256 339
4.817199945449829 339
4.825098991394043 339
4.833313465118408 339
4.842868328094482 339
4.851125955581665 339
4.860319137573242 339
4.868543386459351 339
4.876707077026367 339
4.884814500808716 339
4.894688606262207 339
4.902505397796631 339
4.910687685012817 339
4.918859004974365 339
4.92800235748291 339
4.936144590377808 339
4.945089817047119 339
4.952760457992554 339
4.967361211776733 339
4.97586727142334 339
4.983057737350464 339
4.993357181549072 339
