0 0
0.013287544250488281 0
0.030675172805786133 0
0.047332763671875 1
0.06707453727722168 6
0.08668994903564453 14
0.10314083099365234 21
0.11190390586853027 26
0.12030363082885742 30
0.12998604774475098 36
0.1386113166809082 41
0.14715361595153809 48
0.15647649765014648 53
0.16598105430603027 60
0.17336130142211914 66
0.18295621871948242 73
0.19214105606079102 78
0.20197510719299316 86
0.21042108535766602 92
0.2187962532043457 99
0.2279191017150879 104
0.2363600730895996 110
0.2446439266204834 116
0.2533736228942871 121
0.2626945972442627 126
0.2711670398712158 133
0.2801332473754883 138
0.2890591621398926 143
0.29860639572143555 153
0.3126983642578125 156
0.32169079780578613 160
0.3304743766784668 163
0.3388373851776123 166
0.34770774841308594 170
0.35704874992370605 174
0.3662397861480713 178
0.37458014488220215 184
0.38483142852783203 188
0.39327192306518555 192
0.40204739570617676 195
0.4121360778808594 200
0.4204576015472412 203
0.42920708656311035 207
0.4380793571472168 210
0.4464864730834961 213
0.45610690116882324 217
0.46495652198791504 221
0.47294163703918457 224
0.48250699043273926 227
0.49184679985046387 230
0.5104563236236572 238
0.5202479362487793 242
0.5299718379974365 245
0.5384788513183594 247
0.5470221042633057 248
0.555840253829956 250
0.5659289360046387 252
0.5732769966125488 255
0.5827901363372803 258
0.5920453071594238 260
0.600318431854248 262
0.6102755069732666 265
0.6191997528076172 267
0.6286046504974365 269
0.6370372772216797 271
0.6454381942749023 273
0.653118371963501 275
0.6632440090179443 277
0.6719436645507812 278
0.6813962459564209 280
0.6905786991119385 283
0.6988697052001953 286
0.7129812240600586 289
0.721928596496582 290
0.7311873435974121 291
0.7397711277008057 292
0.7482962608337402 293
0.7572641372680664 296
0.7666835784912109 298
0.774911642074585 299
0.783937931060791 299
0.7929348945617676 300
0.8018503189086914 301
0.8101596832275391 303
0.8202295303344727 305
0.8292183876037598 308
0.8379688262939453 308
0.8462338447570801 309
0.8545098304748535 309
0.8645617961883545 310
0.8725090026855469 311
0.8821239471435547 314
0.8912503719329834 315
0.8998937606811523 316
0.9082529544830322 316
0.9184970855712891 317
0.9274213314056396 318
0.9360611438751221 320
0.943366289138794 321
0.9521877765655518 322
0.9610922336578369 322
0.9706234931945801 322
0.9793641567230225 323
0.9890623092651367 324
0.9978926181793213 326
1.006248950958252 327
1.0144765377044678 327
1.0247600078582764 327
1.0345141887664795 328
1.0425324440002441 328
1.050828218460083 330
1.0597262382507324 330
1.069234848022461 330
1.0780589580535889 330
1.088137149810791 330
1.0966122150421143 331
1.109367847442627 334
1.1192305088043213 336
1.1287460327148438 338
1.137214183807373 338
1.1458256244659424 338
1.1532046794891357 337
1.163121223449707 338
1.1733925342559814 339
1.1831934452056885 340
1.1930477619171143 340
1.2021937370300293 340
1.2111778259277344 339
1.2213714122772217 340
1.2303695678710938 341
1.238659143447876 342
1.2472186088562012 342
1.2573721408843994 342
1.2658491134643555 342
1.2759101390838623 342
1.2850048542022705 344
1.293917179107666 345
1.3022286891937256 345
1.3105499744415283 344
1.3188695907592773 344
1.3292622566223145 344
1.3382515907287598 346
1.346618890762329 347
1.356050729751587 347
1.363435983657837 346
1.3729469776153564 345
1.3831605911254883 346
1.3923516273498535 346
1.4009044170379639 348
1.409229040145874 348
1.4179706573486328 347
1.4281108379364014 346
1.4364495277404785 347
1.4447529315948486 348
1.4532644748687744 349
1.4621615409851074 349
1.470560073852539 348
1.480910301208496 348
1.4899160861968994 348
1.498201608657837 348
1.5110955238342285 350
1.5207195281982422 352
1.5304045677185059 353
1.5403530597686768 354
1.5496714115142822 353
1.5587217807769775 352
1.5672898292541504 351
1.5767457485198975 351
1.5866384506225586 352
1.5949914455413818 353
1.6030051708221436 353
1.6118099689483643 353
1.6205344200134277 353
1.6298959255218506 354
1.6393568515777588 354
1.6480450630187988 354
1.657027006149292 354
1.6650583744049072 354
1.6728334426879883 354
1.6829705238342285 355
1.6920385360717773 356
1.7005643844604492 356
1.7088572978973389 356
1.7179722785949707 356
1.726358413696289 356
1.7357673645019531 356
1.7430593967437744 356
1.7523472309112549 356
1.7607650756835938 357
1.7692241668701172 357
1.7785468101501465 357
1.7885675430297852 357
1.796811819076538 357
1.8049895763397217 357
1.8127996921539307 357
1.8222081661224365 358
1.8318448066711426 357
1.8406503200531006 356
1.8489975929260254 356
1.859426498413086 357
1.8717231750488281 359
1.8862788677215576 359
1.898014783859253 358
1.916388750076294 356
1.9284696578979492 356
1.9424092769622803 357
1.9545831680297852 358
1.9623730182647705 358
1.9706382751464844 357
1.9791374206542969 357
1.9904100894927979 357
1.9988915920257568 358
2.008953094482422 359
2.0184130668640137 359
2.026676893234253 358
2.036268711090088 357
2.044555425643921 357
2.0560405254364014 357
2.063985586166382 358
2.072188377380371 358
2.081385612487793 358
2.091243267059326 359
2.099900722503662 359
2.1082210540771484 358
2.1174256801605225 358
2.125886917114258 358
2.133188486099243 358
2.1425421237945557 358
2.152254819869995 358
2.160645008087158 359
2.1688449382781982 358
2.177828788757324 358
2.188657283782959 358
2.1970314979553223 359
2.205723285675049 359
2.213057041168213 359
2.2220633029937744 358
2.2304916381835938 358
2.240142345428467 358
2.2491538524627686 359
2.2579288482666016 359
2.266202211380005 359
2.273953676223755 359
2.2832939624786377 358
2.2929816246032715 358
2.3017756938934326 358
2.313339948654175 359
2.3228204250335693 359
2.331361770629883 359
2.3407351970672607 359
2.349738121032715 358
2.3584165573120117 358
2.366702079772949 358
2.3748579025268555 359
2.3863706588745117 359
2.395808458328247 359
2.4031310081481934 358
2.411895275115967 358
2.4206409454345703 358
2.42887544631958 358
2.4373281002044678 359
2.446756362915039 359
2.4565014839172363 359
2.464693784713745 358
2.4762418270111084 358
2.4861221313476562 358
2.495059013366699 358
2.5029561519622803 359
2.511704683303833 359
2.5225093364715576 358
2.53110671043396 358
2.5393733978271484 358
2.54929780960083 359
2.558506488800049 359
2.566812038421631 359
2.575002908706665 358
2.586449146270752 358
2.596061944961548 358
2.6033596992492676 358
2.6121625900268555 359
2.620784044265747 359
2.628955841064453 358
2.6379315853118896 358
2.647865056991577 358
2.6566340923309326 359
2.664964199066162 359
2.67280650138855 359
2.6822946071624756 358
2.6907830238342285 358
2.7001726627349854 358
2.7122464179992676 359
2.7213613986968994 359
2.729921340942383 359
2.738414764404297 359
2.748487949371338 358
2.757042407989502 358
2.7661173343658447 358
2.77337384223938 359
2.7892003059387207 359
2.7987115383148193 359
2.807433605194092 358
2.8167266845703125 358
2.82495379447937 358
2.8327255249023438 358
2.8432767391204834 359
2.8548922538757324 359
2.862699508666992 359
2.8711750507354736 358
2.880889654159546 358
2.889116048812866 358
2.900019645690918 358
2.9083497524261475 358
2.917703628540039 358
2.926064968109131 359
2.9334211349487305 358
2.9422144889831543 358
2.9519999027252197 358
2.960359811782837 358
2.969740867614746 358
2.9783406257629395 359
2.990607976913452 358
3.0217292308807373 356
3.0416228771209717 358
3.062337875366211 362
3.082401752471924 366
3.1040070056915283 365
3.128300189971924 360
3.142806053161621 358
3.1647989749908447 359
3.1822006702423096 362
3.2000303268432617 364
3.2187817096710205 362
3.238109588623047 360
3.256636142730713 360
3.277217388153076 364
3.297072410583496 367
3.3181822299957275 366
3.3297624588012695 364
3.3384649753570557 363
3.347356081008911 362
3.356564998626709 362
3.364759683609009 362
3.37256121635437 362
3.386326551437378 362
3.3945186138153076 362
3.402308940887451 361
3.412541389465332 361
3.421074390411377 361
3.429187536239624 361
3.438584566116333 361
3.447897434234619 361
3.4570937156677246 361
3.4653663635253906 360
3.4731698036193848 360
3.48317813873291 360
3.491952657699585 361
3.5003340244293213 361
3.5128579139709473 360
3.5230014324188232 360
3.5318586826324463 360
3.5401716232299805 360
3.549091339111328 360
3.5648140907287598 360
3.589174270629883 359
3.609257459640503 359
3.626704692840576 359
3.6562695503234863 364
3.6679930686950684 367
3.6863224506378174 368
3.708228588104248 365
3.7263283729553223 359
3.746145486831665 356
3.763012170791626 356
3.7849619388580322 359
3.802489995956421 360
3.8211801052093506 358
3.840237617492676 355
3.856796979904175 355
3.878603935241699 358
3.8960158824920654 360
3.9217841625213623 356
3.9405736923217773 349
3.968313694000244 346
3.995727777481079 348
4.023183584213257 357
4.048650026321411 361
4.070306062698364 360
4.08932089805603 356
4.109010934829712 353
4.128059387207031 354
4.14249062538147 356
4.160156488418579 358
4.1806135177612305 355
4.200708866119385 350
4.221669673919678 348
4.238620281219482 349
4.256420850753784 352
4.2782065868377686 354
4.29827880859375 352
4.319061517715454 346
4.336426496505737 344
4.354784727096558 345
4.370707273483276 348
4.392383575439453 350
4.414510726928711 349
4.431226015090942 345
4.45196270942688 344
4.470305442810059 346
4.498025178909302 353
4.5158398151397705 354
4.533198118209839 352
4.5545313358306885 349
4.570472002029419 350
4.589387893676758 353
4.610698461532593 356
4.628891706466675 355
4.648454904556274 352
4.665095567703247 350
4.682979583740234 352
4.700775384902954 356
4.726580381393433 358
4.745968341827393 356
4.763027906417847 350
4.7945826053619385 347
4.818184852600098 350
4.834825754165649 356
4.85831880569458 359
4.878357172012329 358
4.896787405014038 353
4.918774127960205 352
4.937357664108276 353
4.9571778774261475 356
4.9761803150177 355
4.997862815856934 351
