0 0
0.016072750091552734 0
0.033968210220336914 0
0.05078125 2
0.07259583473205566 8
0.08899426460266113 14
0.11620402336120605 28
0.13641738891601562 40
0.1482090950012207 48
0.15981030464172363 56
0.17387771606445312 64
0.18549251556396484 72
0.19792413711547852 81
0.20693206787109375 89
0.21636343002319336 95
0.23002958297729492 106
0.2385406494140625 113
0.24703526496887207 120
0.2559478282928467 126
0.26628756523132324 134
0.2762889862060547 142
0.284820556640625 150
0.293734073638916 156
0.3011617660522461 162
0.31073832511901855 170
0.3194453716278076 177
0.3301200866699219 185
0.33847618103027344 193
0.3468911647796631 199
0.356325626373291 206
0.3666353225708008 212
0.37546873092651367 216
0.3854844570159912 222
0.3944220542907715 228
0.4041142463684082 232
0.41402149200439453 238
0.4227638244628906 244
0.4331984519958496 249
0.4435758590698242 254
0.4510378837585449 258
0.4622366428375244 262
0.47010231018066406 266
0.479870080947876 270
0.4883463382720947 274
0.4969654083251953 276
0.505805492401123 280
0.5150718688964844 284
0.5236685276031494 287
0.5335907936096191 290
0.5409462451934814 292
0.5496735572814941 294
0.558722734451294 296
0.5671215057373047 299
0.5759701728820801 302
0.5855209827423096 305
0.5940260887145996 307
0.6023149490356445 308
0.6109507083892822 310
0.619685173034668 311
0.6344685554504395 314
0.6427364349365234 316
0.6507558822631836 318
0.6601235866546631 320
0.6685647964477539 321
0.6769652366638184 323
0.6864886283874512 324
0.6957545280456543 325
0.7040398120880127 326
0.7140138149261475 327
0.722182035446167 328
0.7306206226348877 329
0.7403318881988525 330
0.7489957809448242 332
0.7580626010894775 333
0.7663815021514893 334
0.774857759475708 334
0.783484697341919 334
0.793621301651001 336
0.8009810447692871 337
0.8106067180633545 338
0.8189733028411865 338
0.8280489444732666 339
0.8371415138244629 340
0.8457863330841064 340
0.8541054725646973 341
0.8638365268707275 342
0.8730692863464355 342
0.8806686401367188 343
0.8907716274261475 343
0.8994936943054199 344
0.9085025787353516 344
0.9167602062225342 344
0.9259920120239258 344
0.9348902702331543 345
0.9443249702453613 346
0.9525878429412842 347
0.9610209465026855 348
0.9696977138519287 347
0.9779233932495117 346
0.986483097076416 346
0.9965016841888428 347
1.004941701889038 348
1.0142836570739746 348
1.0234730243682861 348
1.0361220836639404 348
1.0458509922027588 348
1.054248332977295 348
1.0631892681121826 349
1.0707871913909912 350
1.079500436782837 350
1.087721586227417 350
1.0970525741577148 349
1.1059556007385254 349
1.1151106357574463 349
1.1239941120147705 350
1.1321821212768555 350
1.1407902240753174 351
1.149538278579712 351
1.158371925354004 350
1.1668682098388672 350
1.17555832862854 350
1.18381667137146 350
1.1939079761505127 350
1.2017459869384766 351
1.2107505798339844 352
1.2195477485656738 352
1.2284724712371826 351
1.236823558807373 351
1.2467052936553955 351
1.2561466693878174 352
1.2645413875579834 352
1.272758960723877 352
1.2805485725402832 352
1.2897121906280518 352
1.298694372177124 353
1.308175802230835 353
1.3164570331573486 352
1.3258662223815918 352
1.3341472148895264 352
1.3422868251800537 352
1.3510732650756836 353
1.360443115234375 353
1.368828535079956 352
1.3791332244873047 352
1.3886983394622803 352
1.3981006145477295 353
1.4065778255462646 353
1.4161250591278076 353
1.4254868030548096 352
1.437953233718872 352
1.4480624198913574 352
1.4567551612854004 352
1.4656994342803955 353
1.4739937782287598 353
1.482175588607788 353
1.4909238815307617 352
1.5004277229309082 352
1.5098028182983398 353
1.5183608531951904 353
1.5277342796325684 353
1.5361144542694092 352
1.5445144176483154 352
1.5545575618743896 352
1.562779426574707 352
1.5705738067626953 352
1.5789361000061035 351
1.5884623527526855 351
1.5979812145233154 352
1.606452226638794 352
1.6158907413482666 352
1.6245434284210205 351
1.6330950260162354 350
1.6408026218414307 350
1.6503851413726807 351
1.660125970840454 352
1.6684820652008057 353
1.6768133640289307 353
1.6859395503997803 352
1.6942672729492188 352
1.70396089553833 352
1.7138359546661377 352
1.7226803302764893 352
1.7305128574371338 352
1.7388384342193604 351
1.7470734119415283 351
1.7577576637268066 351
1.7662794589996338 352
1.7749214172363281 352
1.7831473350524902 352
1.7911458015441895 351
1.8006954193115234 351
1.8102974891662598 350
1.81968355178833 352
1.8335556983947754 352
1.8409488201141357 351
1.8499164581298828 350
1.8602039813995361 350
1.8685846328735352 350
1.876884937286377 350
1.8870856761932373 351
1.8957958221435547 351
1.9050555229187012 351
1.9144401550292969 350
1.9234471321105957 350
1.9307940006256104 350
1.9394731521606445 350
1.947906494140625 350
1.9584295749664307 350
1.9666612148284912 350
1.97511625289917 349
1.9842979907989502 349
1.9925215244293213 349
2.000332832336426 349
2.011721611022949 349
2.020606279373169 349
2.0289645195007324 349
2.0374598503112793 349
2.0460195541381836 348
2.0561068058013916 349
2.065675735473633 350
2.0740129947662354 350
2.0821847915649414 349
2.0909574031829834 348
2.0996503829956055 347
2.112859010696411 347
2.1227076053619385 347
2.1306629180908203 348
2.1391563415527344 348
2.147505044937134 348
2.1571478843688965 347
2.1682679653167725 347
2.177677631378174 347
2.1885335445404053 348
2.200068950653076 348
2.2144362926483154 348
2.228588104248047 346
2.246760368347168 345
2.2608165740966797 345
2.274075508117676 347
2.284900188446045 348
2.29362416267395 349
2.3010146617889404 349
2.312220335006714 348
2.3205456733703613 348
2.3289365768432617 347
2.337204694747925 347
2.34588885307312 347
2.355023145675659 348
2.364544630050659 348
2.372788906097412 348
2.3807036876678467 347
2.3900129795074463 347
2.39827036857605 347
2.40651273727417 347
2.4171016216278076 347
2.42590069770813 347
2.4341611862182617 347
2.4423367977142334 346
2.4507837295532227 346
2.4595131874084473 346
2.468500852584839 346
2.4770665168762207 346
2.4864237308502197 346
2.4948570728302 346
2.503099203109741 346
2.512357473373413 346
2.5224099159240723 346
2.5302255153656006 345
2.538705825805664 345
2.5479393005371094 345
2.5563912391662598 345
2.565857410430908 346
2.574690818786621 346
2.583885431289673 345
2.5916833877563477 344
2.60002064704895 344
2.6095988750457764 344
2.619556427001953 345
2.6279139518737793 345
2.640432596206665 344
2.649996280670166 344
2.6584126949310303 343
2.668041229248047 343
2.676831007003784 344
2.6864213943481445 344
2.694852352142334 344
2.7031381130218506 344
2.713784694671631 344
2.7228219509124756 343
2.730867862701416 343
2.7422893047332764 343
2.7507410049438477 344
2.7594985961914062 344
2.7686479091644287 344
2.777650833129883 344
2.7865405082702637 343
2.795078992843628 343
2.8035852909088135 343
2.8136913776397705 343
2.8225913047790527 343
2.830366849899292 343
2.838670253753662 343
2.8479316234588623 343
2.85622501373291 343
2.8644790649414062 342
2.8741111755371094 342
2.883899688720703 342
2.8916890621185303 343
2.900000810623169 343
2.9095213413238525 343
2.9182207584381104 342
2.927530288696289 342
2.93597149848938 341
2.9444830417633057 341
2.9536778926849365 342
2.961057424545288 342
2.9706225395202637 342
2.9799294471740723 342
2.9887256622314453 341
2.996955633163452 341
3.005636215209961 341
3.0155482292175293 342
3.024897336959839 342
3.0379483699798584 340
3.0470380783081055 340
3.055813789367676 340
3.0641393661499023 340
3.0736701488494873 340
3.082268238067627 340
3.0906717777252197 340
3.0991132259368896 340
3.1083128452301025 340
3.117173433303833 340
3.126645803451538 340
3.135098457336426 340
3.1441707611083984 340
3.1525702476501465 340
3.1603498458862305 340
3.16858172416687 340
3.178476572036743 340
3.1867122650146484 340
3.195127487182617 340
3.2037322521209717 340
3.213857650756836 340
3.22115159034729 340
3.2370760440826416 340
3.2470543384552 340
3.2557532787323 340
3.2641689777374268 340
3.272519111633301 339
3.282661199569702 339
3.290494441986084 340
3.2989389896392822 340
3.3074779510498047 340
3.317031145095825 339
3.3270537853240967 339
3.335888147354126 338
3.3448755741119385 340
3.3534181118011475 340
3.360772132873535 339
3.369602918624878 338
3.3798561096191406 338
3.388427495956421 339
3.4039955139160156 340
3.4138758182525635 340
3.4212050437927246 340
3.4307260513305664 340
3.4445390701293945 339
3.453439950942993 338
3.4609601497650146 338
3.4699792861938477 339
3.4801583290100098 340
3.488626718521118 340
3.497762441635132 340
3.506324052810669 339
3.5163283348083496 338
3.5248966217041016 338
3.5341527462005615 338
3.542728900909424 339
3.550642490386963 340
3.559443712234497 339
3.568019151687622 338
3.576798677444458 338
3.586364269256592 338
3.5949180126190186 338
3.603975296020508 338
3.613192081451416 338
3.6207518577575684 338
3.6296133995056152 338
3.6388535499572754 337
3.648029088973999 337
3.6563947200775146 337
3.664857864379883 337
3.673095941543579 337
3.6828501224517822 337
3.69089674949646 336
3.700136423110962 336
3.7101082801818848 336
3.7184574604034424 337
3.726961374282837 337
3.736450672149658 336
3.745973587036133 336
3.7550888061523438 335
3.7651636600494385 335
3.774324893951416 336
3.782723903656006 336
3.791825771331787 336
3.799992084503174 335
3.8104424476623535 334
3.8188841342926025 334
3.827082872390747 335
3.8409721851348877 336
3.849803924560547 337
3.8584721088409424 336
3.8670129776000977 335
3.8761472702026367 334
3.884556770324707 334
3.894021987915039 335
3.9023241996765137 336
3.9135076999664307 336
3.9208359718322754 336
3.9296822547912598 336
3.938945770263672 335
3.9480302333831787 334
3.9564743041992188 334
3.965146064758301 335
3.974292039871216 336
3.982623338699341 336
3.9923160076141357 336
4.0001513957977295 335
4.010552883148193 334
4.018983602523804 334
4.027138948440552 334
4.0357561111450195 334
4.045833110809326 335
4.054213047027588 335
4.062499046325684 334
4.070453882217407 334
4.079531908035278 334
4.087775707244873 334
4.096882343292236 334
4.110520362854004 334
4.12471342086792 333
4.1334686279296875 334
4.14380955696106 334
4.1511454582214355 334
4.159832239151001 334
4.169619798660278 333
4.17823600769043 333
4.18650484085083 333
4.1960248947143555 334
4.204408168792725 334
4.2148542404174805 333
4.224114656448364 332
4.238968133926392 332
4.248674154281616 334
4.2571470737457275 335
4.267104625701904 335
4.279467344284058 334
4.290728569030762 332
4.304972171783447 332
4.3169214725494385 332
4.3284478187561035 334
4.340595722198486 334
4.354351997375488 333
4.366342782974243 332
4.377990007400513 331
4.387789726257324 332
4.3971593379974365 333
4.408880710601807 334
4.41822361946106 333
4.426510810852051 332
4.435125350952148 331
4.446624755859375 331
4.456509590148926 332
4.46553373336792 333
4.475049257278442 334
4.484500885009766 333
4.492819309234619 332
4.5024094581604 330
4.512315511703491 330
4.520693063735962 331
4.529609680175781 332
4.5386857986450195 332
4.548236131668091 331
4.556568622589111 330
4.565191268920898 330
4.5741846561431885 330
4.582431793212891 330
4.590440034866333 330
4.600123882293701 331
4.609969615936279 330
4.618308067321777 329
4.62747597694397 328
4.640489816665649 329
4.650456666946411 330
4.659163236618042 331
4.667919158935547 332
4.676758527755737 331
4.6855857372283936 330
4.694011926651001 330
4.704846382141113 330
4.71453595161438 330
4.723613023757935 331
4.731023788452148 330
4.742432355880737 330
4.751070022583008 329
4.759791851043701 329
4.768995761871338 329
4.77716588973999 329
4.785822629928589 329
4.794114112854004 329
4.803942918777466 328
4.813486099243164 328
4.820874452590942 328
4.830352306365967 329
4.839532375335693 329
4.847761869430542 328
4.85702109336853 328
4.8656957149505615 328
4.874516725540161 328
4.882786512374878 328
4.890724420547485 328
4.8995583057403564 328
4.91033673286438 328
4.918652534484863 327
4.927863121032715 327
4.936871528625488 327
4.945701360702515 328
4.955076456069946 328
4.963627099990845 328
4.972322225570679 328
4.980149745941162 327
4.988562107086182 326
4.997786998748779 326
