0 0
0.012754678726196289 0
0.03145456314086914 0
0.05052351951599121 2
0.06514525413513184 6
0.08354020118713379 13
0.10480737686157227 21
0.12124013900756836 31
0.13050127029418945 36
0.13894295692443848 42
0.14728426933288574 47
0.15537714958190918 54
0.16479182243347168 58
0.17482233047485352 65
0.18328094482421875 72
0.19265437126159668 78
0.20102381706237793 86
0.21006369590759277 92
0.21943902969360352 99
0.23211097717285156 108
0.24067902565002441 115
0.250338077545166 122
0.2598888874053955 129
0.2693295478820801 136
0.2786693572998047 141
0.28706836700439453 147
0.29541611671447754 152
0.30429720878601074 156
0.31266045570373535 160
0.322995662689209 168
0.33153343200683594 172
0.341127872467041 179
0.35018301010131836 183
0.35888099670410156 188
0.3672327995300293 192
0.3778836727142334 197
0.3853633403778076 201
0.39487171173095703 205
0.4033498764038086 210
0.4116060733795166 214
0.42267847061157227 219
0.43114256858825684 222
0.43998169898986816 225
0.4485800266265869 228
0.4579811096191406 232
0.4654104709625244 235
0.47560882568359375 240
0.4844067096710205 242
0.493541955947876 246
0.5021710395812988 249
0.5107886791229248 251
0.5194063186645508 254
0.5293381214141846 257
0.5376236438751221 260
0.545337438583374 263
0.5540745258331299 266
0.5630152225494385 268
0.5724813938140869 270
0.5818941593170166 272
0.5908937454223633 274
0.5993640422821045 277
0.6080217361450195 280
0.6154417991638184 283
0.6268303394317627 286
0.6440386772155762 288
0.6572542190551758 291
0.6687383651733398 294
0.6835527420043945 296
0.6954505443572998 297
0.7080621719360352 300
0.7193777561187744 303
0.7307178974151611 306
0.7393124103546143 308
0.7480556964874268 310
0.7584173679351807 311
0.7689352035522461 312
0.7792561054229736 313
0.7883243560791016 314
0.7966814041137695 317
0.804610013961792 318
0.8130922317504883 319
0.8222980499267578 319
0.831467866897583 320
0.8401021957397461 320
0.8485064506530762 322
0.8575475215911865 323
0.8651330471038818 324
0.8746638298034668 324
0.8843615055084229 325
0.892988920211792 326
0.9014053344726562 327
0.9101371765136719 328
0.9184207916259766 328
0.9278707504272461 328
0.9369947910308838 328
0.9449214935302734 329
0.9542789459228516 331
0.9625575542449951 332
0.9715218544006348 333
0.9815707206726074 333
0.9909605979919434 332
0.9995205402374268 332
1.0080883502960205 333
1.0154469013214111 334
1.024622917175293 336
1.040177583694458 336
1.0487034320831299 335
1.0582020282745361 334
1.0661041736602783 335
1.0799872875213623 337
1.0895252227783203 338
1.0980606079101562 339
1.105438232421875 338
1.11436128616333 338
1.123553991317749 337
1.131631851196289 337
1.1415495872497559 338
1.1502103805541992 339
1.1593008041381836 341
1.167996883392334 341
1.1770541667938232 340
1.1872437000274658 340
1.1950371265411377 340
1.2033729553222656 341
1.2116260528564453 342
1.220848798751831 344
1.2295610904693604 344
1.238943099975586 343
1.247492790222168 343
1.2562263011932373 343
1.2644915580749512 343
1.2749121189117432 344
1.2832789421081543 343
1.293274164199829 342
1.3014090061187744 342
1.3100535869598389 343
1.3184657096862793 344
1.3272387981414795 345
1.3380606174468994 344
1.3454921245574951 344
1.3549678325653076 343
1.363515853881836 342
1.3728523254394531 343
1.381145715713501 344
1.3911540508270264 344
1.3999173641204834 344
1.4083247184753418 343
1.4166712760925293 344
1.4253265857696533 344
1.4401047229766846 345
1.4492449760437012 345
1.458207607269287 346
1.4661340713500977 346
1.4751265048980713 345
1.4839229583740234 345
1.493959665298462 345
1.5023696422576904 346
1.5107321739196777 346
1.520132303237915 347
1.5286624431610107 347
1.5368671417236328 346
1.5469510555267334 346
1.5554742813110352 347
1.5642921924591064 348
1.5735268592834473 348
1.5818860530853271 348
1.592365026473999 348
1.6008238792419434 347
1.6092538833618164 348
1.618178367614746 348
1.6255009174346924 348
1.634171724319458 348
1.6433696746826172 348
1.6532866954803467 348
1.6614282131195068 349
1.6702308654785156 349
1.680487871170044 349
1.6893668174743652 349
1.6986634731292725 348
1.7070393562316895 348
1.7151031494140625 349
1.7243564128875732 350
1.7328336238861084 350
1.7410552501678467 349
1.7520923614501953 348
1.7606842517852783 348
1.7692322731018066 349
1.7793943881988525 350
1.7901344299316406 350
1.7992231845855713 350
1.807847499847412 348
1.8152592182159424 348
1.8242301940917969 348
1.8381621837615967 348
1.847226619720459 348
1.8555703163146973 348
1.8643896579742432 348
1.873826503753662 348
1.8819572925567627 348
1.8911423683166504 348
1.900700569152832 348
1.9089736938476562 348
1.917891025543213 348
1.9252066612243652 348
1.9339649677276611 348
1.9423558712005615 348
1.9529829025268555 348
1.9612071514129639 348
1.9696297645568848 348
1.9789066314697266 348
1.9880142211914062 348
1.995319128036499 348
2.0069022178649902 348
2.0148544311523438 348
2.024070978164673 348
2.03232479095459 348
2.0406529903411865 348
2.0505640506744385 348
2.0595662593841553 348
2.0682425498962402 348
2.0801708698272705 348
2.0903444290161133 348
2.098623037338257 348
2.1080877780914307 348
2.116943597793579 348
2.1247167587280273 348
2.13458251953125 348
2.142890214920044 348
2.1529266834259033 348
2.161611557006836 348
2.1702654361724854 348
2.179340362548828 348
2.1893370151519775 348
2.1994638442993164 348
2.2088072299957275 348
2.218134880065918 348
2.225423574447632 348
2.2384612560272217 348
2.2467238903045654 348
2.2570221424102783 348
2.2653250694274902 348
2.2748358249664307 348
2.2839205265045166 348
2.292330265045166 348
2.300605297088623 348
2.3101799488067627 348
2.3192105293273926 348
2.3272390365600586 348
2.3351523876190186 348
2.343581438064575 348
2.3529393672943115 348
2.362363576889038 347
2.3710272312164307 347
2.380510091781616 347
2.389573097229004 348
2.3981616497039795 348
2.4071803092956543 348
2.415591239929199 348
2.424441337585449 347
2.4329047203063965 347
2.441143274307251 347
2.4503231048583984 347
2.4599978923797607 346
2.468474864959717 346
2.4780073165893555 346
2.486884593963623 347
2.494983434677124 347
2.503403425216675 347
2.5129635334014893 346
2.521890640258789 346
2.5303194522857666 346
2.538637161254883 346
2.547624349594116 346
2.555218458175659 345
2.5653765201568604 345
2.5748095512390137 345
2.5840389728546143 346
2.5925025939941406 346
2.6007659435272217 345
2.6104989051818848 345
2.6196112632751465 345
2.628117799758911 345
2.640292167663574 346
2.6492912769317627 346
2.657911539077759 346
2.6672205924987793 344
2.6787614822387695 344
2.6879143714904785 345
2.6953837871551514 346
2.7040891647338867 346
2.717258930206299 346
2.7294657230377197 346
2.7408180236816406 346
2.7527639865875244 345
2.7661502361297607 344
2.778839349746704 344
2.792050361633301 346
2.8032777309417725 347
2.8127503395080566 347
2.821556568145752 346
2.8303093910217285 345
2.8386662006378174 344
2.8469831943511963 344
2.8554415702819824 344
2.8649110794067383 344
2.874872922897339 344
2.8855996131896973 344
2.894237756729126 344
2.902583122253418 344
2.910978317260742 344
2.921201705932617 343
2.9299821853637695 343
2.938498020172119 343
2.947899580001831 343
2.9567577838897705 343
2.9652767181396484 342
2.9750585556030273 342
2.9843451976776123 343
2.9927401542663574 343
3.0024452209472656 343
3.011491060256958 343
3.0215530395507812 342
3.030345916748047 342
3.0423762798309326 342
3.0513579845428467 342
3.0602338314056396 342
3.0696141719818115 341
3.078946828842163 341
3.0884432792663574 342
3.0967533588409424 342
3.104555368423462 342
3.112985849380493 342
3.1230108737945557 341
3.1314022541046143 341
3.1401050090789795 341
3.148864984512329 341
3.157921552658081 341
3.1652817726135254 341
3.1772100925445557 341
3.1871800422668457 340
3.195023775100708 340
3.2033963203430176 340
3.211923122406006 340
3.2216038703918457 340
3.230271577835083 340
3.238638401031494 340
3.2475671768188477 340
3.2551538944244385 340
3.263834238052368 340
3.2742226123809814 340
3.2839412689208984 340
3.2921385765075684 339
3.3006904125213623 339
3.3089871406555176 339
3.3182084560394287 339
3.327298164367676 340
3.335333824157715 340
3.3440117835998535 339
3.352790594100952 338
3.361131191253662 338
3.369983196258545 339
3.388049364089966 340
3.3955349922180176 340
3.4042789936065674 339
3.4134135246276855 338
3.422837257385254 337
3.4313242435455322 338
3.4444403648376465 339
3.453577995300293 341
3.4622206687927246 341
3.4707651138305664 340
3.4815359115600586 340
3.4902725219726562 339
3.4987473487854004 339
3.5069832801818848 340
3.5172922611236572 340
3.5267391204833984 339
3.5346710681915283 338
3.543126106262207 338
3.55237078666687 338
3.5607364177703857 339
3.5694479942321777 339
3.5807406902313232 339
3.5891292095184326 338
3.5978691577911377 338
3.605262279510498 338
3.6144323348999023 338
3.6228318214416504 338
3.6325182914733887 338
3.6408379077911377 338
3.6502106189727783 337
3.658644676208496 337
3.6668801307678223 337
3.6800432205200195 338
3.688570499420166 338
3.6972148418426514 338
3.705065965652466 338
3.7144298553466797 337
3.7228610515594482 337
3.734273672103882 337
3.742980480194092 337
3.7524056434631348 337
3.76088809967041 337
3.769306182861328 337
3.7802743911743164 336
3.789402484893799 336
3.7983689308166504 336
3.8062028884887695 337
3.8153235912323 337
3.8240294456481934 337
3.8331472873687744 336
3.8472185134887695 335
3.8551666736602783 335
3.864017963409424 336
3.8738772869110107 336
3.8839528560638428 336
3.892418622970581 336
3.9007599353790283 335
3.9095654487609863 335
3.91935396194458 335
3.9280686378479004 335
3.9372103214263916 335
3.945513963699341 335
3.9546027183532715 335
3.9629123210906982 335
3.9713447093963623 335
3.9809703826904297 335
3.9906954765319824 335
3.999110698699951 335
4.008192300796509 335
4.020827054977417 335
4.0293285846710205 335
4.038654804229736 334
4.048771858215332 334
4.057111501693726 334
4.064905405044556 334
4.08253026008606 334
4.094106435775757 334
4.103073358535767 334
4.112643480300903 334
4.1209187507629395 334
4.130581855773926 334
4.1400957107543945 333
4.149108171463013 333
4.157267808914185 333
4.165090560913086 333
4.174628496170044 333
4.183931589126587 333
4.193267822265625 333
4.201420783996582 333
4.211292266845703 332
4.22014045715332 332
4.228663444519043 333
4.238304376602173 334
4.2513978481292725 333
4.2603325843811035 332
4.2688915729522705 331
4.279344320297241 331
4.2887122631073 332
4.297148704528809 333
4.3050901889801025 333
4.320620059967041 332
4.329132318496704 331
4.338640451431274 331
4.34816575050354 331
4.35547399520874 332
4.364277124404907 332
4.373423337936401 332
4.3825461864471436 332
4.391921043395996 331
4.40052604675293 331
4.410416126251221 331
4.418665647506714 331
4.42684268951416 331
4.434727668762207 332
4.445029258728027 332
4.453425884246826 332
4.4615678787231445 331
4.470556259155273 331
4.480860710144043 330
4.489478588104248 331
4.498804330825806 332
4.507057189941406 332
4.5168397426605225 331
4.5248658657073975 331
4.533426284790039 331
4.544048547744751 331
4.55238938331604 331
4.560774326324463 330
4.569370985031128 330
4.578900098800659 330
4.587133169174194 331
4.596900701522827 331
4.604789972305298 331
4.613993167877197 330
4.622429370880127 330
4.6308088302612305 329
4.640611886978149 330
4.6553733348846436 331
4.664353847503662 332
4.674753189086914 332
4.683936834335327 331
4.692356824874878 330
4.701519250869751 330
4.710958003997803 330
4.720111846923828 331
4.72850489616394 331
4.7366943359375 331
4.74552845954895 330
4.754742383956909 330
4.763106346130371 330
4.772063255310059 330
4.781488418579102 330
4.7911927700042725 330
4.804420471191406 330
4.816884279251099 329
4.828680992126465 329
4.839596748352051 330
4.852997541427612 330
4.864577531814575 329
4.877972602844238 327
4.889923810958862 327
4.900626182556152 328
4.9094367027282715 329
4.918292284011841 330
4.927117347717285 329
4.935168504714966 329
4.944537878036499 328
4.954205751419067 329
4.962661981582642 330
4.970940828323364 330
4.980770111083984 330
4.989237070083618 330
4.997515439987183 330
