0 0
0.016162872314453125 0
0.03375506401062012 0
0.04862046241760254 2
0.06748366355895996 6
0.08458280563354492 13
0.10647249221801758 23
0.11545085906982422 28
0.12541460990905762 33
0.1339564323425293 38
0.14267611503601074 45
0.15091633796691895 50
0.16057085990905762 57
0.1698746681213379 62
0.17825579643249512 70
0.1873176097869873 75
0.19644641876220703 82
0.20490622520446777 90
0.21453619003295898 96
0.22427034378051758 104
0.2327437400817871 110
0.2420365810394287 118
0.25038671493530273 124
0.2601659297943115 130
0.2696671485900879 138
0.2781028747558594 146
0.286513090133667 152
0.2944071292877197 158
0.30367136001586914 164
0.31319189071655273 170
0.322115421295166 177
0.33069491386413574 182
0.34397244453430176 189
0.35244202613830566 195
0.3621022701263428 200
0.37151432037353516 204
0.3800849914550781 208
0.38869285583496094 214
0.3974590301513672 219
0.4064648151397705 224
0.4161357879638672 230
0.4248335361480713 233
0.4342231750488281 237
0.4426577091217041 240
0.4509274959564209 244
0.4599266052246094 249
0.46978211402893066 252
0.47853589057922363 256
0.48685717582702637 258
0.4944744110107422 262
0.5038430690765381 265
0.5133066177368164 269
0.5228531360626221 272
0.5314164161682129 274
0.5403246879577637 276
0.5488944053649902 278
0.5581352710723877 282
0.5692517757415771 285
0.5777878761291504 287
0.5861537456512451 288
0.5941383838653564 290
0.6034445762634277 292
0.6117498874664307 295
0.6238851547241211 298
0.6333310604095459 300
0.641965389251709 301
0.6504185199737549 302
0.6597874164581299 304
0.6696100234985352 307
0.678788423538208 310
0.6877777576446533 312
0.6960170269012451 313
0.7044754028320312 314
0.7132759094238281 314
0.7236521244049072 316
0.7326655387878418 319
0.7439801692962646 320
0.7541570663452148 322
0.7637269496917725 322
0.7736392021179199 322
0.7821381092071533 324
0.7904865741729736 325
0.8002274036407471 327
0.8087062835693359 328
0.818096399307251 328
0.8276875019073486 328
0.8371579647064209 329
0.844609260559082 331
0.8533487319946289 332
0.8616619110107422 333
0.8722546100616455 334
0.8806617259979248 334
0.8894550800323486 334
0.8986289501190186 334
0.9073450565338135 335
0.9148023128509521 337
0.9260461330413818 339
0.9343724250793457 340
0.9432458877563477 340
0.9515011310577393 339
0.9600036144256592 339
0.9701547622680664 340
0.9787120819091797 341
0.9872393608093262 342
0.994697093963623 343
1.0040199756622314 343
1.0122926235198975 343
1.022653579711914 344
1.0318949222564697 345
1.040381669998169 346
1.0488574504852295 347
1.0575675964355469 347
1.0664658546447754 347
1.0765154361724854 346
1.084280014038086 347
1.092552900314331 348
1.1017053127288818 348
1.1100828647613525 349
1.1186575889587402 349
1.129422903060913 349
1.1383130550384521 349
1.1514289379119873 350
1.1600227355957031 351
1.169492483139038 352
1.1792190074920654 352
1.1881489753723145 350
1.1993837356567383 350
1.207763910293579 351
1.2161250114440918 352
1.226405382156372 352
1.2346599102020264 352
1.2434542179107666 351
1.2518601417541504 351
1.2602336406707764 351
1.2695562839508057 352
1.2788853645324707 353
1.287496566772461 353
1.2947981357574463 352
1.3041746616363525 352
1.3125784397125244 352
1.3208775520324707 352
1.3317501544952393 352
1.3400299549102783 352
1.3482837677001953 353
1.357478380203247 354
1.3694396018981934 354
1.3827319145202637 353
1.3941857814788818 352
1.4064819812774658 351
1.418241262435913 352
1.4326322078704834 354
1.444300651550293 354
1.4543006420135498 354
1.4633104801177979 353
1.4717183113098145 353
1.4817516803741455 353
1.490067958831787 353
1.4993515014648438 354
1.5077807903289795 354
1.5160245895385742 354
1.5307376384735107 354
1.5394840240478516 354
1.5516085624694824 354
1.5601651668548584 354
1.56943678855896 354
1.5776135921478271 354
1.5868971347808838 354
1.5985386371612549 354
1.6065804958343506 354
1.6143360137939453 354
1.6238152980804443 354
1.6336760520935059 354
1.6441059112548828 354
1.6523916721343994 354
1.6617882251739502 354
1.6700663566589355 354
1.6784236431121826 355
1.6886816024780273 355
1.6984443664550781 354
1.7074759006500244 354
1.7147574424743652 354
1.7242913246154785 354
1.7341461181640625 354
1.7424492835998535 354
1.7506544589996338 354
1.7593441009521484 354
1.7682230472564697 354
1.7764084339141846 354
1.786055088043213 354
1.7942585945129395 354
1.8025610446929932 354
1.810683250427246 354
1.8194751739501953 354
1.8293166160583496 354
1.8387115001678467 354
1.8471438884735107 354
1.8544623851776123 354
1.8635845184326172 354
1.871859073638916 354
1.8800978660583496 354
1.8895981311798096 354
1.8987905979156494 354
1.9072988033294678 354
1.9146122932434082 354
1.9239835739135742 354
1.932553768157959 354
1.941943883895874 354
1.9544446468353271 354
1.9638068675994873 354
1.9721994400024414 354
1.980534553527832 354
1.9900438785552979 354
1.9992833137512207 354
2.008781909942627 354
2.0175249576568604 354
2.0274174213409424 354
2.0347349643707275 354
2.04591703414917 354
2.0541605949401855 354
2.0634429454803467 354
2.0716328620910645 354
2.0800976753234863 354
2.088451862335205 354
2.098681926727295 354
2.1068546772003174 354
2.1143972873687744 354
2.1259536743164062 354
2.133737564086914 354
2.1433207988739014 354
2.1516101360321045 354
2.160433530807495 354
2.1689035892486572 354
2.177388906478882 354
2.1846799850463867 354
2.1954517364501953 354
2.2038204669952393 354
2.214449405670166 354
2.2245304584503174 354
2.233201026916504 354
2.241419553756714 354
2.25042462348938 354
2.259488344192505 354
2.2677249908447266 354
2.2754876613616943 354
2.2836477756500244 354
2.293757438659668 354
2.3020732402801514 354
2.310337543487549 354
2.319181203842163 354
2.3287789821624756 354
2.3374245166778564 354
2.3499975204467773 354
2.3593175411224365 354
2.367687225341797 354
2.3759028911590576 354
2.384000062942505 354
2.3932981491088867 354
2.403278112411499 354
2.4114890098571777 354
2.4198567867279053 354
2.4298620223999023 354
2.438246726989746 354
2.4477181434631348 354
2.4562137126922607 354
2.464024782180786 354
2.472421884536743 354
2.4806578159332275 354
2.4898359775543213 354
2.4992947578430176 354
2.507561683654785 354
2.5148959159851074 354
2.5274789333343506 354
2.5363502502441406 354
2.544160842895508 354
2.553619384765625 354
2.5623178482055664 354
2.570528984069824 354
2.5801303386688232 354
2.589416980743408 354
2.598761796951294 354
2.6080148220062256 354
2.616159677505493 354
2.624742031097412 354
2.6333627700805664 354
2.643944025039673 354
2.6534745693206787 354
2.662303924560547 354
2.670504093170166 354
2.6793277263641357 354
2.6875710487365723 354
2.694864511489868 354
2.7043814659118652 354
2.712707281112671 354
2.721496820449829 354
2.7305026054382324 354
2.7393500804901123 354
2.752156972885132 354
2.7605011463165283 354
2.769366502761841 354
2.77773118019104 354
2.7865054607391357 354
2.7942872047424316 354
2.8038947582244873 354
2.812700033187866 354
2.8221826553344727 354
2.8304641246795654 354
2.8389170169830322 354
2.847395896911621 353
2.857570171356201 353
2.8649351596832275 354
2.8746471405029297 354
2.8865256309509277 354
2.894292116165161 353
2.903900384902954 353
2.9122769832611084 352
2.9241888523101807 353
2.9326815605163574 354
2.9408090114593506 354
2.9500958919525146 354
2.9595842361450195 354
2.967846393585205 353
2.9771926403045654 353
2.984909772872925 353
2.993783473968506 353
3.0020434856414795 353
3.011445999145508 353
3.020616054534912 353
3.029855966567993 352
3.038299083709717 352
3.0464885234832764 353
3.0569143295288086 353
3.064476728439331 353
3.0732879638671875 352
3.082251787185669 352
3.090461254119873 352
3.0992941856384277 352
3.1085219383239746 352
3.117830753326416 352
3.12772798538208 352
3.1359262466430664 352
3.14372181892395 352
3.159301519393921 351
3.1677510738372803 351
3.1763038635253906 351
3.1865341663360596 352
3.1944637298583984 352
3.2028818130493164 352
3.2122344970703125 351
3.222757577896118 351
3.2308943271636963 351
3.239558696746826 351
3.248587131500244 352
3.257150173187256 352
3.266169309616089 351
3.2741715908050537 351
3.2837586402893066 350
3.292174816131592 352
3.3005034923553467 352
3.3098509311676025 352
3.318815231323242 351
3.328219413757324 350
3.336531639099121 350
3.3616280555725098 353
3.3701207637786865 354
3.3793694972991943 355
3.3877532482147217 355
3.3959717750549316 354
3.4041736125946045 354
3.414198637008667 353
3.423689842224121 353
3.432096481323242 354
3.4423718452453613 354
3.4541361331939697 353
3.4676260948181152 352
3.4801089763641357 352
3.4916257858276367 354
3.5033257007598877 354
3.517479181289673 353
3.5295450687408447 352
3.5388970375061035 351
3.548081159591675 351
3.561232805252075 352
3.570688247680664 354
3.5803403854370117 354
3.588822841644287 353
3.597773790359497 352
3.6060733795166016 351
3.616102457046509 351
3.624772787094116 352
3.63358736038208 353
3.642277956008911 354
3.6516025066375732 354
3.661618947982788 352
3.671839714050293 352
3.680725574493408 353
3.6895053386688232 354
3.698024272918701 354
3.706285238265991 354
3.7147321701049805 353
3.7249343395233154 352
3.733750343322754 352
3.742112159729004 352
3.7515249252319336 353
3.760054111480713 353
3.769670248031616 353
3.778672695159912 352
3.7872233390808105 352
3.7945823669433594 352
3.803316354751587 352
3.8123316764831543 351
3.8233978748321533 350
3.8318161964416504 350
3.840146064758301 351
3.8494038581848145 352
3.857804536819458 352
3.866037130355835 352
3.874631643295288 351
3.8841545581817627 350
3.8926265239715576 350
3.901176929473877 350
3.910109043121338 350
3.9186573028564453 351
3.929183006286621 351
3.9376204013824463 350
3.9465863704681396 349
3.959263563156128 349
3.967694044113159 349
3.9777302742004395 350
3.9860498905181885 350
3.993878126144409 350
4.002317905426025 350
4.011422872543335 350
4.019792795181274 349
4.030020713806152 349
4.039222240447998 348
4.048299312591553 350
4.057251930236816 350
4.064637660980225 350
4.0741963386535645 349
4.083388805389404 349
4.091776132583618 348
4.100087881088257 349
4.109440565109253 350
4.118009090423584 350
4.128860712051392 349
4.13749098777771 348
4.146108627319336 347
4.154114723205566 347
4.162643671035767 347
4.172285079956055 348
4.182608366012573 348
4.190777778625488 348
4.199448823928833 348
4.208288908004761 347
4.216905355453491 347
4.227478742599487 347
4.234911680221558 348
4.244415998458862 348
4.252874851226807 348
4.26092267036438 348
4.2695677280426025 347
4.279725551605225 347
4.28813910484314 346
4.296502590179443 347
4.304643154144287 347
4.313931465148926 348
4.323112487792969 348
4.33224081993103 347
4.341655492782593 347
4.3500282764434814 346
4.363223075866699 347
4.371669292449951 347
4.381916284561157 347
4.390151739120483 347
4.39861536026001 347
4.407504081726074 347
4.414798021316528 346
4.424497604370117 346
4.434067964553833 346
4.443406343460083 347
4.452295780181885 347
4.460526466369629 347
4.469359397888184 346
4.478261470794678 346
4.487738847732544 346
4.495922565460205 346
4.503739356994629 346
4.512591361999512 346
4.528738498687744 346
4.540457010269165 346
4.549429893493652 346
4.557836532592773 346
4.566051244735718 346
4.574381351470947 346
4.587153673171997 346
4.594475030899048 346
4.6032633781433105 346
4.611892223358154 346
4.620206117630005 346
4.629461050033569 346
4.640448808670044 346
4.6492016315460205 346
4.657604455947876 346
4.664929628372192 346
4.674174070358276 346
4.683801651000977 346
4.692095994949341 346
4.700363874435425 346
4.709460258483887 346
4.718041181564331 346
4.727585315704346 346
4.736823081970215 346
4.745413541793823 346
4.7537007331848145 346
4.76643967628479 346
4.77467942237854 346
4.784446716308594 346
4.793298244476318 346
4.80193018913269 346
4.811220645904541 346
4.819584846496582 346
4.828654527664185 346
4.838925123214722 346
4.847394943237305 346
4.854682683944702 346
4.863346338272095 346
4.8722546100616455 346
4.880483865737915 346
4.88987922668457 346
4.8982884883880615 346
4.907578706741333 346
4.914874076843262 346
4.924278020858765 346
4.932628154754639 346
4.942439317703247 346
4.95070481300354 346
4.959499359130859 346
4.967731714248657 346
4.976581811904907 346
4.984411954879761 346
4.9939374923706055 346
