0 0
0.012646675109863281 0
0.02780604362487793 0
0.04949307441711426 3
0.0686502456665039 7
0.08402204513549805 15
0.10379648208618164 25
0.12224149703979492 34
0.13135027885437012 40
0.1405014991760254 45
0.1490621566772461 50
0.15731596946716309 57
0.16562104225158691 63
0.17596864700317383 70
0.18353891372680664 75
0.19233083724975586 81
0.20105361938476562 89
0.21183991432189941 96
0.22077369689941406 103
0.23530054092407227 115
0.24400830268859863 123
0.25350093841552734 129
0.26329684257507324 135
0.2726857662200928 145
0.2818474769592285 151
0.29001688957214355 157
0.2987172603607178 164
0.307924747467041 172
0.3164384365081787 179
0.32541918754577637 187
0.3339657783508301 195
0.3432745933532715 200
0.3545849323272705 209
0.36351847648620605 218
0.3734908103942871 227
0.3832395076751709 232
0.39182138442993164 241
0.3999934196472168 247
0.4095487594604492 255
0.4180028438568115 262
0.4272301197052002 270
0.4372878074645996 279
0.4454829692840576 285
0.4534268379211426 292
0.46242451667785645 299
0.47236132621765137 307
0.48154377937316895 315
0.4897806644439697 321
0.4983968734741211 328
0.5078363418579102 337
0.5164110660552979 343
0.5237383842468262 350
0.5353491306304932 359
0.5430762767791748 364
0.5512781143188477 371
0.5595059394836426 376
0.5688302516937256 380
0.5770919322967529 383
0.5873279571533203 388
0.5964982509613037 389
0.6056582927703857 391
0.6151888370513916 391
0.623002290725708 391
0.6391730308532715 389
0.6478419303894043 386
0.6564257144927979 383
0.663769006729126 380
0.6731085777282715 377
0.6825459003448486 372
0.6908261775970459 368
0.6991028785705566 364
0.7082934379577637 359
0.717616081237793 354
0.7265276908874512 351
0.736666202545166 347
0.7438902854919434 344
0.7526102066040039 343
0.7607340812683105 341
0.7694809436798096 340
0.7779207229614258 340
0.7871577739715576 341
0.7952368259429932 342
0.8033225536346436 343
0.8117392063140869 345
0.8205876350402832 347
0.828810453414917 349
0.8393347263336182 353
0.8476388454437256 355
0.8556029796600342 357
0.8632814884185791 358
0.872516393661499 360
0.8806099891662598 361
0.8896324634552002 362
0.8980042934417725 362
0.9071249961853027 363
0.9156451225280762 362
0.9233529567718506 361
0.9328052997589111 361
0.9424641132354736 359
0.9506072998046875 359
0.9588232040405273 357
0.9669513702392578 356
0.975489616394043 355
0.9831840991973877 354
0.9925494194030762 353
1.000624418258667 352
1.0094599723815918 351
1.0178194046020508 351
1.0259230136871338 351
1.0410125255584717 350
1.049440622329712 350
1.0578389167785645 351
1.0663466453552246 351
1.0749962329864502 351
1.0826740264892578 351
1.0916619300842285 352
1.0996887683868408 352
1.1090385913848877 352
1.1172080039978027 353
1.1271352767944336 353
1.1366987228393555 353
1.147608757019043 353
1.1593077182769775 353
1.1713557243347168 353
1.1824922561645508 353
1.195446252822876 353
1.2073304653167725 353
1.2184584140777588 353
1.2317194938659668 353
1.2459189891815186 353
1.2551031112670898 353
1.2628107070922852 353
1.271697759628296 353
1.2797057628631592 353
1.2884604930877686 353
1.297701358795166 353
1.3067662715911865 353
1.3139824867248535 353
1.322500228881836 353
1.3322887420654297 353
1.3407695293426514 353
1.3498129844665527 352
1.3583617210388184 352
1.3664867877960205 352
1.3752286434173584 351
1.382948875427246 351
1.391089916229248 351
1.4003541469573975 351
1.4091618061065674 351
1.4173638820648193 350
1.425447702407837 350
1.4377977848052979 350
1.4485573768615723 350
1.4568486213684082 350
1.464505672454834 350
1.4734036922454834 350
1.481703519821167 350
1.4897379875183105 350
1.4990904331207275 350
1.5080006122589111 350
1.5163891315460205 350
1.5235950946807861 351
1.533092737197876 351
1.5416920185089111 350
1.5509846210479736 350
1.559248685836792 350
1.5675568580627441 350
1.5764684677124023 350
1.5836420059204102 350
1.5923762321472168 350
1.6023485660552979 351
1.6103382110595703 351
1.6186017990112305 350
1.626805305480957 350
1.6372334957122803 350
1.6452937126159668 350
1.6539552211761475 350
1.6625041961669922 350
1.6711666584014893 350
1.6793458461761475 350
1.6877362728118896 350
1.6956429481506348 350
1.7054576873779297 350
1.7132666110992432 350
1.7214272022247314 349
1.7297537326812744 349
1.7398536205291748 349
1.7503647804260254 348
1.7587010860443115 348
1.7677345275878906 347
1.7756259441375732 347
1.783311128616333 347
1.7915043830871582 347
1.8011105060577393 346
1.8093397617340088 346
1.8177931308746338 346
1.825667381286621 346
1.8403205871582031 346
1.8487317562103271 347
1.8580148220062256 347
1.866912603378296 347
1.8746387958526611 347
1.8828036785125732 347
1.891101598739624 347
1.899904727935791 347
1.909315824508667 347
1.917632818222046 346
1.9256014823913574 346
1.935455322265625 347
1.9435884952545166 347
1.9523847103118896 347
1.9613616466522217 347
1.9699113368988037 347
1.9784250259399414 347
1.9865851402282715 347
1.9937891960144043 347
2.002998113632202 346
2.012998342514038 346
2.0212085247039795 346
2.0383312702178955 346
2.0468497276306152 346
2.056821823120117 345
2.0672335624694824 345
2.0753040313720703 345
2.0831382274627686 345
2.093533992767334 344
2.102590560913086 344
2.112304210662842 344
2.120023250579834 344
2.12872576713562 344
2.1384336948394775 344
2.1478185653686523 344
2.157520055770874 344
2.16629695892334 344
2.173553943634033 344
2.181784152984619 344
2.1899478435516357 344
2.1989386081695557 344
2.2084450721740723 344
2.2166316509246826 344
2.223830461502075 344
2.2331185340881348 344
2.246790647506714 344
2.253960132598877 344
2.263458251953125 344
2.2725231647491455 344
2.280616283416748 344
2.2888193130493164 344
2.2977354526519775 344
2.306270122528076 344
2.3152079582214355 344
2.3229100704193115 344
2.3317980766296387 344
2.3399250507354736 344
2.3490047454833984 344
2.357215404510498 343
2.367347478866577 343
2.375430107116699 343
2.3830819129943848 343
2.3913028240203857 342
2.400297164916992 342
2.408562421798706 342
2.4175431728363037 341
2.4255194664001465 341
2.4353063106536865 341
2.442992925643921 341
2.45165753364563 341
2.4597156047821045 341
2.469858407974243 341
2.478384494781494 341
2.4866843223571777 341
2.4938933849334717 341
2.5028274059295654 340
2.5109832286834717 340
2.5198962688446045 340
2.5284128189086914 340
2.5383591651916504 340
2.5466508865356445 340
2.5551693439483643 341
2.5640223026275635 341
2.5726027488708496 340
2.5807321071624756 340
2.588902235031128 340
2.5978705883026123 340
2.6063928604125977 340
2.6152358055114746 340
2.622931718826294 340
2.632889747619629 340
2.6452887058258057 340
2.653089761734009 340
2.6669790744781494 340
2.6750237941741943 340
2.682746648788452 340
2.690805196762085 340
2.6993050575256348 340
2.707552433013916 340
2.7166974544525146 340
2.723956823348999 340
2.7346296310424805 340
2.742717742919922 340
2.7507755756378174 340
2.759521961212158 340
2.7693495750427246 340
2.777660846710205 340
2.7856009006500244 340
2.7934014797210693 340
2.8024861812591553 340
2.8105733394622803 340
2.819587230682373 340
2.8279194831848145 340
2.837787389755249 340
2.846285104751587 339
2.8535430431365967 339
2.862636089324951 339
2.871746301651001 339
2.8797764778137207 338
2.8883237838745117 338
2.896827459335327 337
2.9040377140045166 337
2.9127633571624756 337
2.9218382835388184 337
2.931675672531128 336
2.9397058486938477 336
2.9479992389678955 336
2.956346273422241 336
2.9654788970947266 336
2.9740006923675537 336
2.9825384616851807 337
2.9907805919647217 337
2.9991323947906494 337
3.0073108673095703 337
3.0154151916503906 337
3.0238003730773926 337
3.0336549282073975 337
3.0465328693389893 336
3.0537264347076416 336
3.0628366470336914 336
3.0727291107177734 336
3.080831289291382 336
3.0891482830047607 337
3.098313808441162 337
3.106414318084717 337
3.1136109828948975 337
3.123037338256836 336
3.1330556869506836 336
3.141235589981079 336
3.1495361328125 336
3.1579020023345947 336
3.166958808898926 336
3.1770801544189453 336
3.1851754188537598 336
3.1928532123565674 336
3.2016830444335938 335
3.20987868309021 335
3.218353033065796 335
3.2288103103637695 335
3.240797996520996 334
3.252326726913452 334
3.2637546062469482 334
3.2779204845428467 334
3.288790702819824 334
3.308974266052246 334
3.317300319671631 334
3.3254497051239014 334
3.3367056846618652 334
3.3439197540283203 334
3.3526811599731445 334
3.3617208003997803 334
3.3697757720947266 334
3.379756450653076 334
3.3884694576263428 334
3.3971142768859863 334
3.405158281326294 334
3.412808656692505 334
3.4209916591644287 334
3.431443929672241 334
3.439556837081909 334
3.45231032371521 334
3.4611399173736572 334
3.4694182872772217 334
3.4792182445526123 333
3.4876203536987305 333
3.496546745300293 333
3.503751039505005 333
3.5125322341918945 333
3.5206298828125 333
3.5311403274536133 332
3.539423704147339 332
3.547736644744873 331
3.555687665939331 331
3.5638673305511475 331
3.572510242462158 331
3.5824146270751953 331
3.5905396938323975 331
3.5993642807006836 331
3.6076390743255615 331
3.615551233291626 331
3.623314380645752 331
3.6351678371429443 331
3.643019676208496 331
3.6512222290039062 332
3.659899950027466 332
3.6684048175811768 332
3.676805019378662 331
3.6885199546813965 331
3.69716477394104 331
3.7052693367004395 331
3.7129628658294678 331
3.721153497695923 331
3.731020450592041 331
3.7402877807617188 331
3.748737096786499 331
3.757556676864624 331
3.765568494796753 331
3.773383855819702 331
3.782454490661621 331
3.7923269271850586 331
3.80031418800354 331
3.808753490447998 331
3.816950798034668 331
3.8250420093536377 331
3.833540916442871 330
3.8473055362701416 330
3.8554420471191406 329
3.86330246925354 329
3.871854782104492 329
3.879903554916382 328
3.8897335529327393 328
3.8984367847442627 328
3.9066691398620605 327
3.9138925075531006 327
3.9229543209075928 327
3.9323318004608154 327
3.941297769546509 327
3.949460983276367 327
3.958484172821045 328
3.9666478633880615 328
3.9738683700561523 328
3.9823930263519287 328
3.9929583072662354 328
4.001154184341431 328
4.009270906448364 328
4.018474102020264 328
4.026787281036377 328
4.044609785079956 328
4.0534327030181885 328
4.061943769454956 328
4.069908857345581 328
4.078466415405273 328
4.088034629821777 328
4.097846508026123 328
4.106404542922974 328
4.115445613861084 328
4.123543739318848 328
4.132691144943237 328
4.141754150390625 328
4.152605056762695 328
4.161272048950195 328
4.169561386108398 328
4.177873373031616 328
4.186979532241821 328
4.1963160037994385 328
4.203558444976807 328
4.211779594421387 328
4.220570802688599 328
4.228977680206299 328
4.238304853439331 328
4.251748323440552 328
4.259930372238159 327
4.2685911655426025 327
4.276900768280029 327
4.285345077514648 327
4.295227766036987 327
4.302918434143066 326
4.311150312423706 326
4.31978440284729 325
4.328340768814087 325
4.337120771408081 325
4.346673488616943 325
4.35526704788208 324
4.362977504730225 324
4.371088981628418 324
4.3792173862457275 324
4.3883376121521 324
4.397334575653076 324
4.4054200649261475 324
4.413277626037598 324
4.421990633010864 324
4.431291341781616 324
4.439452409744263 324
4.449270009994507 324
4.45752739906311 324
4.465551137924194 324
4.473400592803955 324
4.482616186141968 324
4.490727663040161 324
4.499771356582642 324
4.508368253707886 324
4.516927480697632 324
4.52459979057312 324
4.533628225326538 324
4.541921854019165 324
4.551752090454102 324
4.559725046157837 324
4.56834602355957 324
4.576512813568115 324
4.584542751312256 324
4.592825651168823 324
4.601950645446777 324
4.609912872314453 324
4.619113206863403 324
4.627310752868652 324
4.636965751647949 324
4.650347471237183 324
4.659739255905151 324
4.668503046035767 324
4.676926612854004 324
4.685503244400024 324
4.693161725997925 324
4.702579975128174 323
4.7108683586120605 323
4.719646215438843 323
4.728006362915039 322
4.737284421920776 322
4.745356321334839 321
4.755215406417847 321
4.762852668762207 321
4.7711501121521 321
4.779937505722046 321
4.788514137268066 320
4.79666805267334 320
4.806504011154175 320
4.815202236175537 320
4.822824239730835 320
4.831954002380371 320
4.839869976043701 321
4.848887920379639 321
4.858327627182007 321
4.866499900817871 320
4.873756647109985 320
4.88301944732666 320
4.891356468200684 320
4.899460315704346 320
4.9092183113098145 321
4.918472051620483 321
4.92667293548584 321
4.935609817504883 320
4.9434332847595215 320
4.9524595737457275 320
4.961452007293701 320
4.969591379165649 320
4.97792387008667 320
4.986984014511108 321
4.995055437088013 321
