0 0
0.016103744506835938 0
0.03562116622924805 0
0.053375244140625 1
0.07025861740112305 5
0.09337353706359863 15
0.11102867126464844 24
0.12082028388977051 29
0.1295948028564453 35
0.13818144798278809 41
0.1465592384338379 46
0.15587449073791504 51
0.1656503677368164 58
0.17399358749389648 63
0.18297553062438965 71
0.19068646430969238 77
0.19945669174194336 83
0.20839142799377441 90
0.21900415420532227 97
0.22821283340454102 105
0.23655223846435547 111
0.24545836448669434 117
0.2541787624359131 125
0.26384735107421875 132
0.2722008228302002 140
0.28009462356567383 146
0.28972554206848145 153
0.29813480377197266 161
0.3067185878753662 167
0.31755566596984863 175
0.32611703872680664 181
0.3346564769744873 189
0.3434295654296875 196
0.35231637954711914 204
0.3658020496368408 213
0.3742082118988037 221
0.38390302658081055 227
0.39212703704833984 235
0.4002997875213623 240
0.41012001037597656 247
0.4200162887573242 254
0.4284825325012207 259
0.43678712844848633 264
0.44692564010620117 270
0.4562265872955322 274
0.46481990814208984 279
0.4741239547729492 283
0.4833800792694092 287
0.4907684326171875 291
0.4994981288909912 295
0.5100183486938477 298
0.5202147960662842 301
0.5288240909576416 303
0.5379586219787598 305
0.5469050407409668 309
0.5555522441864014 312
0.5646281242370605 316
0.5756847858428955 318
0.5846872329711914 320
0.5933122634887695 321
0.6006824970245361 323
0.6101782321929932 325
0.6200909614562988 327
0.6284403800964355 329
0.636725664138794 331
0.6460728645324707 332
0.6547012329101562 333
0.6629843711853027 334
0.6726245880126953 336
0.6810424327850342 337
0.6898305416107178 337
0.6982309818267822 338
0.7081058025360107 340
0.7177865505218506 341
0.7269225120544434 343
0.7362492084503174 343
0.7454092502593994 343
0.7537143230438232 343
0.764923095703125 345
0.7760207653045654 346
0.7855291366577148 347
0.7940011024475098 348
0.8022315502166748 348
0.8122236728668213 349
0.8201601505279541 349
0.8297891616821289 349
0.8380746841430664 350
0.8488686084747314 351
0.8603990077972412 351
0.8736526966094971 351
0.8858251571655273 351
0.897280216217041 351
0.9096803665161133 352
0.9243443012237549 353
0.9357955455780029 353
0.9459753036499023 354
0.9542696475982666 353
0.9625511169433594 353
0.9703876972198486 353
0.9805240631103516 354
0.9889755249023438 354
0.9973063468933105 355
1.0058817863464355 355
1.0164985656738281 354
1.0259671211242676 354
1.0343058109283447 355
1.0425665378570557 355
1.0507228374481201 355
1.0593500137329102 355
1.067765712738037 355
1.078526258468628 355
1.0870048999786377 355
1.0955946445465088 356
1.1038897037506104 356
1.113750696182251 356
1.1210510730743408 355
1.130706787109375 355
1.1393721103668213 355
1.1481893062591553 356
1.1564934253692627 357
1.168712854385376 356
1.1789886951446533 355
1.187762975692749 354
1.196228265762329 354
1.2045543193817139 355
1.214421272277832 355
1.2226336002349854 356
1.2321150302886963 356
1.2399272918701172 356
1.249556064605713 355
1.2578012943267822 355
1.266089916229248 355
1.2743747234344482 356
1.2842767238616943 357
1.2925050258636475 357
1.3003149032592773 356
1.3100545406341553 355
1.3183565139770508 354
1.3268280029296875 354
1.3363661766052246 355
1.3452942371368408 355
1.3534986972808838 355
1.3607933521270752 355
1.3695423603057861 355
1.3784728050231934 356
1.3879320621490479 355
1.396233081817627 355
1.404646396636963 354
1.4138638973236084 355
1.4221463203430176 355
1.4301207065582275 355
1.439704418182373 355
1.448664903640747 355
1.4577271938323975 355
1.4660022258758545 355
1.47503662109375 355
1.4846405982971191 355
1.4926819801330566 355
1.500441074371338 355
1.510300636291504 355
1.5186779499053955 355
1.5268409252166748 355
1.536309003829956 355
1.545743465423584 355
1.5544090270996094 355
1.5626463890075684 355
1.578800916671753 355
1.5903899669647217 355
1.5990126132965088 355
1.6088662147521973 355
1.6169517040252686 355
1.6255607604980469 355
1.6338739395141602 355
1.643864631652832 355
1.6516425609588623 355
1.6603455543518066 355
1.6688153743743896 355
1.6777966022491455 355
1.686835527420044 355
1.6956074237823486 355
1.7038474082946777 355
1.7138440608978271 355
1.722031831741333 355
1.7300870418548584 355
1.7399685382843018 355
1.7482492923736572 355
1.756481409072876 355
1.7655389308929443 355
1.7743282318115234 355
1.7825510501861572 355
1.7916083335876465 355
1.7998065948486328 355
1.809483289718628 355
1.817718505859375 355
1.8261046409606934 355
1.8343760967254639 355
1.8442187309265137 355
1.852433204650879 355
1.8607041835784912 355
1.8693928718566895 355
1.8780021667480469 355
1.8863110542297363 354
1.8960094451904297 355
1.9053819179534912 355
1.9143941402435303 355
1.922623634338379 354
1.9304373264312744 354
1.9396584033966064 354
1.948840856552124 354
1.9573662281036377 355
1.9665141105651855 355
1.9797639846801758 354
1.9882171154022217 353
1.9978454113006592 353
2.0099401473999023 353
2.0182602405548096 354
2.026613473892212 355
2.0354623794555664 355
2.0453600883483887 354
2.053650140762329 353
2.060991048812866 353
2.0696897506713867 353
2.078665018081665 354
2.08732008934021 354
2.0979983806610107 353
2.1073548793792725 353
2.116314172744751 352
2.1247739791870117 352
2.1330454349517822 352
2.1416025161743164 353
2.150770425796509 353
2.159452438354492 353
2.168281316757202 352
2.1775946617126465 352
2.1859066486358643 352
2.194171190261841 352
2.2039618492126465 353
2.2135541439056396 353
2.2208948135375977 352
2.2295985221862793 351
2.238752841949463 351
2.248168468475342 352
2.256441593170166 353
2.2654576301574707 353
2.2749221324920654 352
2.2834644317626953 351
2.2908287048339844 351
2.300431728363037 351
2.310297966003418 351
2.3185770511627197 351
2.3269107341766357 351
2.336167573928833 351
2.3447697162628174 352
2.3541433811187744 351
2.362386703491211 351
2.3757266998291016 350
2.384267568588257 351
2.3924994468688965 351
2.4016451835632324 351
2.414340019226074 351
2.423682451248169 351
2.430971145629883 351
2.4401397705078125 351
2.4497406482696533 351
2.4580025672912598 351
2.4676382541656494 351
2.4780709743499756 350
2.4863483905792236 350
2.4947781562805176 350
2.5047006607055664 351
2.513862371444702 351
2.5217273235321045 351
2.53090238571167 351
2.540070056915283 350
2.5484015941619873 350
2.5579535961151123 350
2.5663981437683105 350
2.5755770206451416 350
2.584360361099243 350
2.5925331115722656 350
2.6003103256225586 350
2.6109282970428467 350
2.6195638179779053 349
2.6280910968780518 349
2.6369307041168213 350
2.645580768585205 350
2.654836416244507 351
2.663327932357788 350
2.671583890914917 349
2.680332660675049 348
2.688857316970825 348
2.696948289871216 348
2.7080562114715576 349
2.716318368911743 349
2.724757671356201 349
2.7338900566101074 348
2.742161512374878 348
2.7501018047332764 348
2.7595932483673096 348
2.7726190090179443 349
2.780606985092163 348
2.7898480892181396 348
2.798261880874634 347
2.809699535369873 348
2.817978858947754 349
2.832493543624878 349
2.849529981613159 347
2.870014190673828 345
2.8902459144592285 345
2.9101815223693848 349
2.929826259613037 353
2.9587767124176025 351
2.98765230178833 343
3.023899793624878 340
3.038825750350952 342
3.0549631118774414 346
3.0726523399353027 349
3.080587387084961 349
3.0898234844207764 349
3.100740432739258 347
3.1121633052825928 347
3.119999647140503 348
3.1284093856811523 348
3.136895179748535 349
3.145655632019043 349
3.15468430519104 348
3.1654512882232666 348
3.1779589653015137 348
3.186312437057495 348
3.1956074237823486 348
3.2045395374298096 348
3.2143661975860596 348
3.222630262374878 348
3.2319846153259277 348
3.2397820949554443 348
3.248039722442627 348
3.2564077377319336 348
3.2665226459503174 348
3.2749722003936768 348
3.2836410999298096 348
3.2909789085388184 347
3.3006327152252197 347
3.3101296424865723 348
3.319636106491089 348
3.327864646911621 347
3.3368239402770996 347
3.3456599712371826 347
3.3539352416992188 347
3.3621151447296143 347
3.372032642364502 346
3.379865884780884 346
3.3882670402526855 347
3.3979201316833496 347
3.4063470363616943 347
3.41634464263916 346
3.424914836883545 346
3.4341189861297607 346
3.4423117637634277 346
3.450129508972168 346
3.4583892822265625 346
3.4684531688690186 346
3.4767990112304688 346
3.492285966873169 346
3.502089738845825 346
3.51072096824646 346
3.5203990936279297 346
3.5297086238861084 346
3.5380423069000244 346
3.5463156700134277 346
3.5547547340393066 346
3.5637476444244385 346
3.5765442848205566 346
3.585531711578369 346
3.593966007232666 346
3.6037163734436035 346
3.6125659942626953 346
3.622037172317505 346
3.6303999423980713 346
3.6387596130371094 346
3.6473851203918457 346
3.6557962894439697 346
3.665440797805786 346
3.676123857498169 346
3.684385299682617 346
3.692614793777466 346
3.7008538246154785 346
3.7103965282440186 346
3.7187283039093018 346
3.729218006134033 346
3.7373666763305664 345
3.745856523513794 346
3.75429630279541 347
3.7635691165924072 346
3.7726211547851562 345
3.7805991172790527 345
3.789414882659912 345
3.7982869148254395 345
3.807961940765381 345
3.8162646293640137 345
3.825927257537842 345
3.834820508956909 345
3.843275308609009 344
3.850630044937134 344
3.8593697547912598 344
3.8683691024780273 345
3.877943754196167 345
3.8863604068756104 345
3.895655393600464 344
3.904095411300659 344
3.9136803150177 343
3.921051502227783 343
3.9316153526306152 344
3.939821481704712 344
3.9482548236846924 343
3.956585168838501 343
3.965968132019043 343
3.978954553604126 344
3.9875307083129883 344
3.9963366985321045 344
4.00504469871521 343
4.01597785949707 343
4.0242908000946045 342
4.034719228744507 343
4.0432658195495605 343
4.050748109817505 343
4.059983730316162 343
4.068415641784668 343
4.07788872718811 343
4.086183071136475 342
4.09534215927124 342
4.1035847663879395 342
4.112465143203735 342
4.120287656784058 343
4.130704402923584 343
4.13938045501709 342
4.1477460861206055 341
4.156132936477661 341
4.165397882461548 342
4.174875736236572 343
4.184841632843018 343
4.193798303604126 342
4.201645612716675 341
4.210675001144409 341
4.219330072402954 341
4.228831052780151 341
4.237050294876099 341
4.245840549468994 341
4.254147052764893 342
4.263413190841675 341
4.270790100097656 341
4.280207395553589 341
4.288491487503052 341
4.297500133514404 341
4.305999279022217 341
4.315343856811523 341
4.323673963546753 341
4.333637714385986 341
4.340944290161133 341
4.349681854248047 341
4.358437776565552 341
4.3668272495269775 341
4.378944396972656 341
4.388418436050415 341
4.397587537765503 341
4.419516086578369 341
4.4296040534973145 341
4.4387969970703125 341
4.447523832321167 341
4.455841541290283 341
4.465451955795288 341
4.475398302078247 341
4.484784841537476 341
4.493972539901733 341
4.5021538734436035 341
4.510560750961304 341
4.518984794616699 341
4.529399394989014 341
4.538976192474365 341
4.547533988952637 341
4.556088447570801 341
4.565397262573242 341
4.573836803436279 341
4.582005739212036 341
4.592078924179077 341
4.599954843521118 341
4.609583377838135 341
4.617785930633545 341
4.626840114593506 341
4.636179685592651 341
4.644718647003174 341
4.652933597564697 341
4.6616058349609375 341
4.6699604988098145 341
4.678263425827026 341
4.688183307647705 341
4.696871042251587 341
4.705499887466431 341
4.714327096939087 341
4.7236998081207275 341
4.731007099151611 341
4.740582227706909 341
4.748995542526245 341
4.758144378662109 341
4.766433954238892 341
4.77846622467041 341
4.787034511566162 341
4.797002792358398 340
4.8058435916900635 340
4.815496921539307 340
4.824086427688599 341
4.832280158996582 341
4.840951681137085 341
4.849843263626099 341
4.8587024211883545 340
4.866895437240601 340
4.875493764877319 340
4.883790731430054 340
4.893819332122803 340
4.901624917984009 340
4.910537242889404 339
4.918988466262817 339
4.927777051925659 339
4.936455488204956 340
4.94616436958313 340
4.955374240875244 340
4.963789463043213 339
4.971660375595093 339
4.979872226715088 338
4.988743782043457 338
4.9982593059539795 339
