0 0
0.020556926727294922 0
0.036301374435424805 1
0.058615922927856445 3
0.07539963722229004 8
0.09228777885437012 15
0.10629463195800781 21
0.1154947280883789 26
0.12483596801757812 31
0.13225674629211426 36
0.14124536514282227 40
0.15025901794433594 47
0.15974187850952148 54
0.16807174682617188 59
0.17725229263305664 64
0.18562674522399902 72
0.19396638870239258 78
0.20366215705871582 85
0.21213269233703613 91
0.22167420387268066 98
0.23012399673461914 104
0.23864531517028809 110
0.2476809024810791 118
0.2577855587005615 126
0.2666177749633789 132
0.2751271724700928 140
0.28432655334472656 146
0.2920100688934326 153
0.3008003234863281 159
0.310760498046875 167
0.320004940032959 175
0.32824134826660156 182
0.3370523452758789 188
0.34630441665649414 196
0.35659360885620117 204
0.3650193214416504 211
0.373370885848999 219
0.38201236724853516 226
0.3908045291900635 232
0.3992500305175781 239
0.4136507511138916 252
0.4268653392791748 262
0.4387853145599365 272
0.4508941173553467 282
0.46501946449279785 295
0.4770495891571045 303
0.4885575771331787 313
0.5005958080291748 322
0.5133090019226074 331
0.5220143795013428 337
0.5317976474761963 342
0.5410351753234863 346
0.5494384765625 350
0.5578689575195312 352
0.5677423477172852 354
0.5770056247711182 355
0.5853085517883301 356
0.5935235023498535 357
0.6013784408569336 357
0.6115684509277344 357
0.6215717792510986 358
0.6299779415130615 358
0.6380529403686523 358
0.6472444534301758 358
0.6554954051971436 358
0.6650023460388184 358
0.6722824573516846 358
0.681441068649292 359
0.6897842884063721 359
0.6979820728302002 359
0.7070944309234619 359
0.7165920734405518 359
0.725696325302124 359
0.7339310646057129 359
0.7429227828979492 359
0.7510967254638672 359
0.7593607902526855 359
0.7687644958496094 359
0.7773532867431641 360
0.7856647968292236 360
0.7938868999481201 360
0.8018271923065186 359
0.8162589073181152 359
0.8255410194396973 359
0.8337428569793701 360
0.8421640396118164 360
0.8508248329162598 360
0.8591418266296387 360
0.8690507411956787 359
0.877903938293457 359
0.886568546295166 359
0.8948054313659668 360
0.9021801948547363 360
0.911491870880127 360
0.9218535423278809 359
0.9306540489196777 359
0.9393477439880371 359
0.9475698471069336 359
0.9560010433197021 360
0.9642550945281982 360
0.9753017425537109 359
0.9834997653961182 359
0.9913585186004639 359
0.9996140003204346 360
1.0086417198181152 360
1.0179879665374756 360
1.0270488262176514 359
1.0361285209655762 359
1.0468733310699463 359
1.0552444458007812 360
1.0633952617645264 360
1.0735218524932861 360
1.0812897682189941 360
1.0895354747772217 359
1.0983271598815918 359
1.1073412895202637 359
1.1155905723571777 360
1.1259613037109375 360
1.1342337131500244 360
1.1429307460784912 360
1.1511449813842773 359
1.1595304012298584 359
1.1677803993225098 359
1.1781198978424072 360
1.1868751049041748 360
1.1950805187225342 359
1.202876329421997 359
1.216707706451416 359
1.2269501686096191 360
1.2353508472442627 360
1.244309663772583 360
1.2518236637115479 360
1.260216474533081 359
1.2686264514923096 359
1.2793388366699219 359
1.2876060009002686 360
1.2960710525512695 360
1.3048572540283203 360
1.312129020690918 360
1.3234539031982422 359
1.3312480449676514 359
1.3402533531188965 359
1.3483271598815918 359
1.3569726943969727 360
1.365131139755249 360
1.3751842975616455 360
1.3839216232299805 359
1.3916749954223633 359
1.4001266956329346 359
1.408919334411621 360
1.417236566543579 360
1.4271385669708252 359
1.4361543655395508 359
1.4448161125183105 359
1.4520692825317383 359
1.460956335067749 360
1.4696044921875 360
1.4790558815002441 359
1.487802267074585 359
1.4962835311889648 359
1.5053050518035889 359
1.5134868621826172 360
1.522200107574463 360
1.531658411026001 360
1.54093599319458 359
1.5506668090820312 359
1.5588150024414062 359
1.567103624343872 359
1.5772662162780762 360
1.586214303970337 360
1.594693899154663 359
1.6035687923431396 359
1.616089105606079 359
1.6273236274719238 360
1.6366472244262695 360
1.6449110507965088 360
1.652191162109375 360
1.6608366966247559 360
1.6697916984558105 359
1.6793642044067383 359
1.6880457401275635 360
1.6969053745269775 360
1.7060472965240479 360
1.7142612934112549 359
1.723351240158081 359
1.7319691181182861 359
1.7410717010498047 359
1.749321460723877 360
1.7577307224273682 360
1.7662134170532227 360
1.7753405570983887 359
1.7847356796264648 359
1.7934455871582031 359
1.8016035556793213 359
1.8098204135894775 359
1.8186161518096924 359
1.8277044296264648 360
1.8377468585968018 360
1.846142053604126 359
1.8546996116638184 359
1.8620014190673828 359
1.8711235523223877 359
1.8795297145843506 360
1.8889868259429932 360
1.8976476192474365 360
1.9067802429199219 359
1.9150948524475098 359
1.9239850044250488 359
1.9337222576141357 359
1.9416334629058838 360
1.9499897956848145 360
1.9581007957458496 360
1.9673161506652832 359
1.9756660461425781 359
1.9851326942443848 359
1.9938101768493652 359
2.0048255920410156 360
2.021435022354126 360
2.029806137084961 359
2.039654016494751 359
2.047865152359009 359
2.057622194290161 359
2.067819118499756 359
2.07625675201416 359
2.085533618927002 359
2.093764305114746 359
2.101989269256592 359
2.110607385635376 359
2.1195883750915527 359
2.127847909927368 359
2.1380059719085693 359
2.146690607070923 360
2.1550135612487793 360
2.1628055572509766 360
2.1717324256896973 359
2.180546998977661 359
2.189671277999878 359
2.1993865966796875 359
2.2076363563537598 360
2.2160873413085938 360
2.225508213043213 359
2.234992265701294 359
2.244257926940918 359
2.251809597015381 359
2.2602145671844482 359
2.269075870513916 359
2.2773289680480957 360
2.2856225967407227 360
2.2952558994293213 360
2.3046023845672607 359
2.312068462371826 359
2.3214046955108643 359
2.329730272293091 359
2.339754104614258 360
2.347982883453369 360
2.3568739891052246 359
2.365658760070801 359
2.3738932609558105 359
2.381647825241089 359
2.3909730911254883 359
2.39983868598938 360
2.408074140548706 360
2.4328551292419434 358
2.4420862197875977 358
2.451296329498291 358
2.4595694541931152 357
2.4681851863861084 357
2.4769318103790283 357
2.485269546508789 358
2.49505615234375 358
2.5070817470550537 358
2.518643856048584 357
2.531226873397827 357
2.545034408569336 357
2.5565664768218994 357
2.5682215690612793 357
2.579525947570801 357
2.587743043899536 358
2.597822666168213 358
2.606949806213379 358
2.615391969680786 357
2.625493288040161 357
2.6346590518951416 357
2.6419384479522705 357
2.651277542114258 357
2.659745216369629 357
2.668808937072754 357
2.6771481037139893 357
2.6853394508361816 357
2.693459987640381 357
2.7034757137298584 357
2.7116496562957764 357
2.7212672233581543 357
2.735229253768921 357
2.743450880050659 357
2.7522029876708984 357
2.760814905166626 357
2.769704580307007 357
2.7799856662750244 357
2.7888786792755127 357
2.7988884449005127 357
2.8072516918182373 357
2.8199996948242188 357
2.8292558193206787 357
2.8391220569610596 357
2.8482539653778076 357
2.856879234313965 357
2.8658204078674316 357
2.873910427093506 357
2.8817875385284424 357
2.8902528285980225 357
2.8999950885772705 357
2.908132791519165 357
2.9167747497558594 357
2.925950288772583 357
2.935098886489868 357
2.942915439605713 357
2.9518606662750244 357
2.9610538482666016 357
2.969350814819336 357
2.977590322494507 357
2.9859988689422607 357
2.9950175285339355 357
3.0039267539978027 357
3.0117757320404053 357
3.025153875350952 357
3.034719228744507 357
3.0419888496398926 357
3.051429510116577 357
3.060575246810913 357
3.0687742233276367 357
3.0782644748687744 357
3.087750196456909 357
3.0967421531677246 357
3.1059212684631348 357
3.113933563232422 357
3.1237401962280273 357
3.1319336891174316 357
3.1417994499206543 357
3.1502394676208496 357
3.1605706214904785 357
3.168760061264038 357
3.1770684719085693 357
3.1852879524230957 357
3.193674325942993 357
3.203305244445801 357
3.2111339569091797 357
3.2248146533966064 357
3.233461856842041 357
3.2413992881774902 357
3.2497751712799072 357
3.259798288345337 357
3.2681360244750977 357
3.276761054992676 357
3.2849576473236084 357
3.2937419414520264 357
3.301560640335083 357
3.3110299110412598 357
3.320633888244629 357
3.329533815383911 357
3.337723970413208 357
3.346168041229248 357
3.3618226051330566 357
3.3702666759490967 357
3.378817558288574 357
3.3875341415405273 357
3.396939516067505 357
3.405217409133911 357
3.414667844772339 357
3.4235336780548096 357
3.432185649871826 357
3.441025972366333 357
3.4492762088775635 357
3.4592864513397217 357
3.467501640319824 357
3.475922107696533 357
3.4839491844177246 357
3.493990898132324 357
3.501861333847046 357
3.5113775730133057 357
3.520796060562134 357
3.530130386352539 357
3.538287878036499 357
3.5468955039978027 357
3.555279493331909 357
3.565324306488037 357
3.573451042175293 357
3.5812156200408936 357
3.589487075805664 357
3.5981063842773438 357
3.6066980361938477 357
3.6211211681365967 357
3.6300888061523438 357
3.638322114944458 357
3.6480610370635986 357
3.658101797103882 357
3.667602300643921 357
3.6761281490325928 357
3.6846940517425537 357
3.693402051925659 357
3.7013487815856934 357
3.709604263305664 357
3.719738721847534 357
3.7281765937805176 357
3.737396478652954 357
3.7456512451171875 357
3.7538511753082275 357
3.763808012008667 357
3.7716116905212402 357
3.7800419330596924 357
3.788282632827759 357
3.797611713409424 357
3.8060247898101807 357
3.815281867980957 357
3.8250160217285156 357
3.8328027725219727 357
3.840996265411377 357
3.8492343425750732 357
3.8581302165985107 357
3.8675930500030518 357
3.8760006427764893 357
3.8842520713806152 357
3.8921451568603516 357
3.9007654190063477 357
3.909013271331787 357
3.9192092418670654 357
3.9282820224761963 357
3.936882734298706 357
3.9456145763397217 357
3.9537851810455322 357
3.9621284008026123 357
3.971625804901123 357
3.980123281478882 357
3.989194631576538 357
3.997462511062622 357
4.005914926528931 357
4.01391077041626 357
4.028819561004639 357
4.037456750869751 357
4.046079158782959 357
4.054992437362671 357
4.062309503555298 357
4.071781873703003 357
4.080058336257935 357
4.089248418807983 357
4.097660303115845 357
4.1060473918914795 357
4.114586591720581 357
4.125314235687256 357
4.133526802062988 357
4.141347408294678 357
4.14965295791626 357
4.159736156463623 357
4.169176340103149 357
4.1775572299957275 357
4.185955286026001 357
4.195106029510498 357
4.2028937339782715 357
4.21105170249939 357
4.221570253372192 357
4.229961156845093 357
4.23807954788208 357
4.246708393096924 357
4.25536847114563 357
4.263553619384766 357
4.272161245346069 357
4.280930280685425 357
4.289668560028076 357
4.298159837722778 357
4.3069281578063965 357
4.315154075622559 357
4.325291156768799 357
4.33344841003418 357
4.341421842575073 357
4.350570201873779 357
4.3591039180755615 357
4.367430210113525 357
4.376846551895142 357
4.3850579261779785 357
4.3937156200408936 357
4.401636600494385 357
4.409934997558594 357
4.418178081512451 357
4.431705713272095 357
4.4405577182769775 357
4.448864936828613 357
4.4582390785217285 357
4.46684455871582 357
4.475839614868164 357
4.483972549438477 357
4.492290496826172 357
4.500866174697876 357
4.509047985076904 357
4.517476797103882 357
4.527967691421509 357
4.536658048629761 357
4.544881105422974 357
4.553692817687988 357
4.5614800453186035 357
4.569852352142334 357
4.5812273025512695 357
4.594305992126465 357
4.605273485183716 357
4.617082834243774 357
4.631751775741577 357
4.643817901611328 357
4.65674901008606 357
4.668084383010864 357
4.681145668029785 357
4.693459987640381 357
4.701408624649048 357
4.709655284881592 357
4.719013452529907 357
4.729464530944824 357
4.737692594528198 357
4.7461631298065186 357
4.755334377288818 357
4.7634437084198 357
4.7711968421936035 357
4.780761957168579 357
4.7895965576171875 357
4.797846078872681 357
4.80631160736084 357
4.814938068389893 357
4.828876256942749 357
4.838078022003174 357
4.8468310832977295 357
4.855587959289551 357
4.864733934402466 357
4.872067213058472 357
4.881659507751465 357
4.891014337539673 357
4.899257183074951 357
4.907517194747925 357
4.9159300327301025 357
4.925664186477661 357
4.935298681259155 357
4.9434826374053955 357
4.951864719390869 357
4.960657358169556 357
4.968843460083008 357
4.977360010147095 357
4.9870007038116455 357
4.9953813552856445 357
