0 0
0.013969898223876953 0
0.03448152542114258 0
0.05354881286621094 1
0.07269287109375 6
0.09343171119689941 14
0.10837793350219727 22
0.1166372299194336 26
0.1262202262878418 31
0.13474249839782715 37
0.1435379981994629 42
0.15282297134399414 49
0.16210603713989258 54
0.17059087753295898 61
0.17964982986450195 67
0.1879594326019287 73
0.19643354415893555 79
0.20674824714660645 87
0.22011685371398926 97
0.22949481010437012 103
0.23692083358764648 110
0.2458512783050537 116
0.25589942932128906 123
0.2644956111907959 131
0.2728273868560791 138
0.2820429801940918 144
0.29094576835632324 152
0.299605131149292 159
0.3105649948120117 168
0.31941771507263184 175
0.32827329635620117 183
0.3362081050872803 187
0.3448910713195801 196
0.35349535942077637 204
0.36371588706970215 210
0.3721504211425781 217
0.3809545040130615 225
0.3897876739501953 231
0.39856600761413574 240
0.408916711807251 248
0.4166088104248047 255
0.4259305000305176 261
0.4342827796936035 269
0.4544055461883545 285
0.464005708694458 291
0.47241806983947754 299
0.4808974266052246 303
0.4900693893432617 307
0.4983360767364502 312
0.5095725059509277 316
0.516970157623291 319
0.5263803005218506 323
0.5347738265991211 325
0.5432548522949219 327
0.551703929901123 330
0.561833381652832 332
0.5701954364776611 335
0.5784990787506104 337
0.5892860889434814 338
0.596733808517456 339
0.6074824333190918 341
0.6223874092102051 343
0.6309769153594971 345
0.6396331787109375 346
0.6469800472259521 347
0.6562530994415283 348
0.6657674312591553 349
0.6740717887878418 349
0.6834444999694824 350
0.691810131072998 351
0.7001407146453857 351
0.7096157073974609 352
0.7201292514801025 353
0.7284393310546875 353
0.7364144325256348 354
0.7452671527862549 354
0.753887414932251 355
0.763317346572876 355
0.7718181610107422 355
0.7801146507263184 355
0.7892515659332275 355
0.7965812683105469 356
0.8062543869018555 357
0.8164281845092773 357
0.8248913288116455 357
0.8329682350158691 357
0.8417975902557373 356
0.8501260280609131 357
0.8583974838256836 357
0.8680675029754639 357
0.8758511543273926 357
0.8841879367828369 357
0.8924274444580078 357
0.9008898735046387 358
0.91082763671875 358
0.9208848476409912 358
0.929384708404541 358
0.9380366802215576 358
0.9458441734313965 358
0.9541337490081787 358
0.9627063274383545 358
0.9726729393005371 359
0.9815990924835205 359
0.9900085926055908 359
0.9982168674468994 359
1.0082011222839355 359
1.0219001770019531 359
1.0304648876190186 359
1.039628267288208 359
1.0469651222229004 359
1.055743932723999 359
1.0640006065368652 359
1.0735564231872559 359
1.0819053649902344 359
1.0909249782562256 359
1.1016016006469727 359
1.1107983589172363 359
1.1200780868530273 359
1.1289634704589844 359
1.1375689506530762 359
1.1457066535949707 359
1.1540203094482422 359
1.162412166595459 359
1.1723246574401855 359
1.1807408332824707 359
1.1891860961914062 359
1.1965115070343018 359
1.2064392566680908 359
1.2148892879486084 359
1.2249021530151367 359
1.2329719066619873 359
1.2422468662261963 359
1.2508189678192139 359
1.259310007095337 359
1.2665858268737793 359
1.276383638381958 359
1.2852318286895752 359
1.2934534549713135 359
1.3023428916931152 359
1.3114850521087646 359
1.3197569847106934 359
1.3297443389892578 359
1.3382909297943115 359
1.3462316989898682 359
1.3545920848846436 359
1.3627164363861084 359
1.3720283508300781 359
1.3816173076629639 359
1.3898208141326904 359
1.3979763984680176 359
1.408214807510376 359
1.4202888011932373 359
1.4302656650543213 359
1.4395112991333008 359
1.4467782974243164 359
1.4555728435516357 359
1.463965654373169 359
1.4728195667266846 359
1.482292890548706 359
1.4906842708587646 359
1.4996566772460938 359
1.5092287063598633 359
1.5165317058563232 359
1.5259990692138672 359
1.5357680320739746 359
1.5439939498901367 359
1.5522630214691162 359
1.5606803894042969 359
1.5697455406188965 359
1.579331398010254 359
1.5866098403930664 359
1.5952463150024414 359
1.6064066886901855 359
1.6146955490112305 359
1.6227877140045166 359
1.6328530311584473 359
1.6421797275543213 359
1.650468111038208 359
1.6585617065429688 359
1.666750192642212 359
1.6753811836242676 359
1.6843130588531494 359
1.6925640106201172 359
1.7018110752105713 359
1.7112162113189697 359
1.7196621894836426 359
1.7327139377593994 359
1.7439532279968262 359
1.7555134296417236 359
1.7681050300598145 359
1.781346082687378 359
1.7921545505523682 359
1.8053655624389648 359
1.816117286682129 359
1.829341173171997 359
1.8385810852050781 359
1.8464508056640625 359
1.8552234172821045 359
1.863473892211914 359
1.8723077774047852 359
1.8807871341705322 359
1.8901450634002686 359
1.899437665939331 359
1.9084131717681885 359
1.9162132740020752 359
1.9244844913482666 359
1.934678554534912 359
1.943873643875122 359
1.9521028995513916 359
1.9603116512298584 359
1.9691996574401855 359
1.976517915725708 359
1.9860432147979736 359
1.9942951202392578 359
2.005894899368286 359
2.014223575592041 359
2.0224766731262207 359
2.031909465789795 359
2.041395664215088 359
2.049654722213745 359
2.0569536685943604 359
2.066437005996704 359
2.0747666358947754 359
2.0828893184661865 359
2.0923705101013184 359
2.101635217666626 359
2.1117329597473145 359
2.121816635131836 359
2.13055157661438 359
2.1399118900299072 359
2.1480462551116943 359
2.1558468341827393 359
2.165308952331543 359
2.1735010147094727 359
2.1820452213287354 359
2.1915318965911865 359
2.2003142833709717 359
2.2095043659210205 359
2.216783285140991 359
2.2305781841278076 359
2.2400436401367188 359
2.2482564449310303 359
2.2561914920806885 359
2.265455961227417 359
2.273688316345215 359
2.282047748565674 359
2.291649580001831 359
2.3006603717803955 359
2.3099231719970703 359
2.318100929260254 359
2.3258719444274902 359
2.3346314430236816 359
2.3440070152282715 359
2.3522684574127197 359
2.3614866733551025 359
2.3697543144226074 359
2.377511978149414 359
2.385694980621338 359
2.3957316875457764 359
2.4046554565429688 359
2.412790060043335 359
2.4216372966766357 359
2.43011736869812 359
2.4383223056793213 359
2.446798086166382 359
2.4559223651885986 359
2.4647417068481445 359
2.4728477001190186 359
2.4820666313171387 359
2.490288496017456 359
2.5003325939178467 359
2.5096380710601807 359
2.516960382461548 359
2.5255703926086426 359
2.5343809127807617 359
2.5439271926879883 359
2.5523104667663574 359
2.5620996952056885 359
2.5704715251922607 359
2.578566789627075 359
2.586329460144043 359
2.5960633754730225 359
2.6063287258148193 359
2.614658832550049 359
2.629330635070801 359
2.6366372108459473 359
2.6463027000427246 359
2.654715061187744 359
2.663940191268921 359
2.672240734100342 359
2.6807854175567627 359
2.6892549991607666 359
2.6993634700775146 359
2.7082126140594482 359
2.716010570526123 359
2.7243876457214355 359
2.7336812019348145 359
2.7419707775115967 359
2.751455307006836 359
2.760666608810425 359
2.7689387798309326 359
2.7764670848846436 359
2.785281181335449 359
2.7942092418670654 359
2.804434299468994 359
2.8128321170806885 359
2.8214354515075684 359
2.830120801925659 359
2.8383100032806396 359
2.846287250518799 359
2.8557076454162598 359
2.868265151977539 359
2.876159429550171 359
2.8844165802001953 359
2.8981523513793945 359
2.9256091117858887 359
2.945448398590088 359
2.968329668045044 359
2.986353874206543 359
3.0128982067108154 359
3.041374921798706 359
3.0715372562408447 359
3.098180055618286 359
3.119511842727661 359
3.139803409576416 359
3.160060167312622 359
3.1814589500427246 359
3.2015039920806885 359
3.221553087234497 359
3.2381539344787598 359
3.2541136741638184 359
3.274315118789673 359
3.282658576965332 359
3.291934013366699 359
3.3001956939697266 359
3.310248851776123 359
3.3184547424316406 359
3.3274474143981934 359
3.3383493423461914 359
3.346137046813965 359
3.3544623851776123 359
3.364593505859375 359
3.3726742267608643 359
3.3819797039031982 359
3.391838550567627 359
3.400146722793579 359
3.4103195667266846 359
3.4185125827789307 359
3.431867837905884 359
3.4405758380889893 359
3.4486076831817627 359
3.4569029808044434 359
3.4664864540100098 359
3.4748737812042236 359
3.502892255783081 359
3.5201034545898438 359
3.5417909622192383 359
3.5600240230560303 359
3.581549644470215 359
3.5963854789733887 359
3.619624614715576 359
3.639543056488037 359
3.6686174869537354 359
3.6846611499786377 359
3.705990791320801 359
3.723698139190674 359
3.7420666217803955 359
3.759457588195801 359
3.7786242961883545 359
3.7995269298553467 359
3.831984281539917 359
3.858330726623535 359
3.8841166496276855 359
3.9124441146850586 359
3.9334850311279297 359
3.9500067234039307 359
3.9713830947875977 359
3.986729621887207 359
4.0061328411102295 359
4.024500131607056 359
4.043519735336304 359
4.063544034957886 359
4.083645582199097 359
4.100627422332764 359
4.124001741409302 359
4.140350103378296 359
4.160471200942993 359
4.181808948516846 359
4.201468467712402 359
4.219439744949341 359
4.243870735168457 359
4.262619972229004 359
4.280059814453125 359
4.299423933029175 359
4.321442127227783 359
4.336385250091553 359
4.355600357055664 359
4.372514486312866 359
4.390684366226196 359
4.4120564460754395 359
4.428619384765625 359
4.444658279418945 359
4.462677240371704 359
4.4807069301605225 359
4.501910209655762 359
4.518444299697876 359
4.536107778549194 359
4.552944660186768 358
4.570136308670044 359
4.592050075531006 359
4.610252141952515 359
4.639343976974487 357
4.658487796783447 357
4.674630403518677 357
4.704399824142456 357
4.724406719207764 357
4.743543863296509 357
4.760348081588745 356
4.779410123825073 357
4.798107385635376 358
4.819565296173096 357
4.838882207870483 355
4.856091499328613 355
4.872941017150879 355
4.890628337860107 357
4.91179633140564 357
4.9268410205841064 357
4.948866844177246 356
4.968148231506348 357
4.986725091934204 357
