0 0
0.015604257583618164 0
0.03294777870178223 0
0.04805564880371094 2
0.06944394111633301 7
0.08931159973144531 15
0.10880160331726074 25
0.12332797050476074 33
0.1317601203918457 39
0.14010143280029297 44
0.14902710914611816 50
0.15777921676635742 56
0.16666817665100098 62
0.17580699920654297 69
0.18590474128723145 76
0.19685006141662598 84
0.20427846908569336 90
0.21329832077026367 96
0.22356677055358887 103
0.2319498062133789 111
0.2440500259399414 120
0.25295114517211914 126
0.2618725299835205 134
0.27072620391845703 141
0.2800722122192383 148
0.29011964797973633 156
0.29950571060180664 163
0.308093786239624 171
0.3166978359222412 178
0.32692456245422363 186
0.33435654640197754 192
0.34319543838500977 199
0.3516201972961426 207
0.3609468936920166 214
0.3695070743560791 220
0.3790755271911621 228
0.38867878913879395 236
0.3982727527618408 245
0.4069082736968994 251
0.41426992416381836 258
0.42363858222961426 264
0.43321895599365234 272
0.4415600299835205 280
0.449967622756958 286
0.45941925048828125 291
0.46775341033935547 297
0.47725915908813477 302
0.4855613708496094 306
0.4959893226623535 311
0.5038435459136963 314
0.512829065322876 316
0.5218362808227539 320
0.5313587188720703 323
0.5396931171417236 325
0.5481669902801514 328
0.5573971271514893 330
0.5656425952911377 332
0.5736551284790039 334
0.5832221508026123 336
0.5936036109924316 338
0.6027944087982178 339
0.6141402721405029 340
0.6235239505767822 341
0.6331765651702881 342
0.6458485126495361 344
0.6542227268218994 345
0.6657235622406006 346
0.6737253665924072 347
0.6832997798919678 348
0.6934237480163574 348
0.702368974685669 348
0.7115318775177002 349
0.721733570098877 350
0.7313582897186279 351
0.7397065162658691 352
0.7483212947845459 352
0.757462739944458 352
0.7656838893890381 351
0.7735147476196289 351
0.7829976081848145 352
0.7927608489990234 352
0.801098108291626 353
0.8096010684967041 353
0.8188393115997314 353
0.8271055221557617 353
0.8364222049713135 354
0.8441479206085205 354
0.8533852100372314 354
0.8616683483123779 354
0.8700811862945557 354
0.8790266513824463 354
0.8889567852020264 353
0.8981740474700928 354
0.9072299003601074 354
0.9154543876647949 354
0.923961877822876 354
0.9327671527862549 354
0.9418985843658447 355
0.9502980709075928 354
0.9593665599822998 354
0.9676816463470459 354
0.9758925437927246 354
0.9856500625610352 354
0.9941728115081787 354
1.0028865337371826 355
1.0117127895355225 354
1.0209345817565918 354
1.0293829441070557 354
1.0421881675720215 354
1.051712989807129 354
1.0600433349609375 354
1.0688984394073486 354
1.0772960186004639 354
1.0873851776123047 354
1.0968477725982666 354
1.1041584014892578 354
1.1136772632598877 354
1.122687578201294 354
1.1309139728546143 354
1.1400563716888428 354
1.148792028427124 354
1.1577072143554688 354
1.1659350395202637 354
1.1739354133605957 354
1.1830933094024658 354
1.1931278705596924 354
1.201432466506958 354
1.2098994255065918 354
1.2196266651153564 354
1.228975772857666 354
1.239576816558838 354
1.2480430603027344 354
1.2572345733642578 354
1.2654070854187012 354
1.2731916904449463 354
1.2814610004425049 354
1.2927229404449463 354
1.3009543418884277 354
1.3093392848968506 354
1.3188912868499756 354
1.3272159099578857 354
1.3354485034942627 354
1.344214677810669 354
1.3535125255584717 353
1.3618767261505127 353
1.370192050933838 352
1.3788928985595703 353
1.387932300567627 353
1.3981075286865234 353
1.40671706199646 353
1.4140398502349854 353
1.4233839511871338 352
1.4506635665893555 351
1.4592418670654297 351
1.467799425125122 352
1.4760582447052002 352
1.484384298324585 352
1.4950220584869385 352
1.5032532215118408 351
1.5115406513214111 351
1.5212359428405762 351
1.5296690464019775 351
1.5381343364715576 351
1.548290729522705 351
1.556793212890625 351
1.5641648769378662 351
1.572866678237915 350
1.5816349983215332 350
1.5902557373046875 350
1.6015541553497314 351
1.6098356246948242 351
1.619241714477539 351
1.627547025680542 350
1.6358404159545898 350
1.6436865329742432 350
1.653834342956543 350
1.6622447967529297 349
1.6729011535644531 349
1.6858806610107422 350
1.6998088359832764 350
1.7116076946258545 349
1.7240500450134277 348
1.7366526126861572 348
1.7500605583190918 348
1.758798599243164 348
1.7672338485717773 348
1.7754688262939453 349
1.7839395999908447 348
1.7934596538543701 348
1.8029253482818604 348
1.8111557960510254 348
1.8198564052581787 348
1.828700304031372 347
1.8370449542999268 347
1.8512415885925293 348
1.859835147857666 348
1.8684117794036865 349
1.8769233226776123 349
1.8856618404388428 348
1.8942573070526123 347
1.903857707977295 347
1.9131031036376953 347
1.9215004444122314 347
1.9302690029144287 347
1.9389405250549316 347
1.9477636814117432 347
1.9572291374206543 347
1.9653937816619873 347
1.9732205867767334 347
1.9821248054504395 347
1.990952968597412 347
2.0060877799987793 347
2.0155141353607178 347
2.0233266353607178 347
2.032207727432251 347
2.040379524230957 347
2.050685405731201 347
2.0611374378204346 347
2.0695817470550537 347
2.079197645187378 347
2.0874645709991455 347
2.0966341495513916 347
2.105922222137451 346
2.116675615310669 346
2.1240551471710205 347
2.13331937789917 347
2.141681671142578 347
2.150757312774658 346
2.160057306289673 346
2.168769359588623 346
2.177666664123535 346
2.1858911514282227 346
2.1954073905944824 345
2.2032618522644043 345
2.2132458686828613 345
2.221546173095703 345
2.2297873497009277 345
2.238281011581421 345
2.2517948150634766 345
2.2613790035247803 344
2.2697994709014893 344
2.2790729999542236 344
2.2873823642730713 344
2.296330213546753 344
2.3039731979370117 344
2.3142099380493164 344
2.3228793144226074 344
2.3311707973480225 344
2.339958429336548 344
2.3493335247039795 344
2.358856439590454 344
2.367375612258911 344
2.3755576610565186 344
2.383894205093384 343
2.3932862281799316 343
2.401641368865967 343
2.4114723205566406 343
2.4197821617126465 343
2.428396224975586 343
2.4368982315063477 343
2.4460599422454834 343
2.4538354873657227 343
2.4633948802948 343
2.4716851711273193 343
2.480417251586914 342
2.4892592430114746 342
2.498833656311035 342
2.507230520248413 342
2.517202615737915 342
2.5250203609466553 342
2.5333425998687744 342
2.542372226715088 342
2.551016092300415 342
2.559358596801758 342
2.5688581466674805 341
2.5775363445281982 341
2.58581805229187 341
2.595569372177124 341
2.6033432483673096 341
2.6134374141693115 341
2.624023675918579 341
2.632707118988037 340
2.6417465209960938 340
2.6555325984954834 341
2.664231300354004 341
2.67327618598938 342
2.682213306427002 341
2.690924644470215 340
2.6999094486236572 340
2.7093048095703125 339
2.7189509868621826 339
2.727415084838867 339
2.735616683959961 340
2.743713617324829 340
2.7529194355010986 339
2.761197328567505 339
2.770376443862915 339
2.7797327041625977 339
2.788306713104248 339
2.797495126724243 340
2.8057072162628174 339
2.8141260147094727 339
2.8235535621643066 339
2.8318490982055664 339
2.8410122394561768 339
2.8499884605407715 339
2.85872745513916 339
2.8681037425994873 338
2.8773200511932373 338
2.885550022125244 338
2.894162893295288 338
2.902928352355957 338
2.911569833755493 338
2.921457052230835 338
2.9297034740448 338
2.938178539276123 338
2.947338819503784 338
2.955566883087158 338
2.963383674621582 338
2.9734814167022705 338
2.981815814971924 338
2.994093179702759 338
3.002786874771118 338
3.01167631149292 338
3.0209944248199463 338
3.0295767784118652 338
3.0380756855010986 338
3.0516223907470703 337
3.0607361793518066 337
3.0700716972351074 336
3.0792081356048584 336
3.0876047611236572 337
3.0970277786254883 337
3.104339122772217 337
3.1134305000305176 337
3.1230385303497314 336
3.1328232288360596 336
3.141648530960083 336
3.150007486343384 337
3.159355401992798 337
3.16762638092041 337
3.1775569915771484 336
3.185830593109131 336
3.194197177886963 336
3.2028582096099854 336
3.211560010910034 336
3.2198331356048584 336
3.229377269744873 336
3.2383503913879395 336
3.2468101978302 335
3.2541677951812744 335
3.2634470462799072 335
3.273555278778076 335
3.281870126724243 335
3.290698528289795 336
3.2997617721557617 336
3.308936357498169 336
3.3172409534454346 335
3.326934814453125 335
3.3342440128326416 335
3.343576669692993 335
3.3518428802490234 335
3.3676204681396484 334
3.3775711059570312 334
3.3858327865600586 334
3.3950092792510986 334
3.403337001800537 334
3.4126832485198975 334
3.4211041927337646 334
3.430072069168091 334
3.43935489654541 334
3.451862335205078 334
3.4602417945861816 334
3.4695630073547363 334
3.479848861694336 334
3.4883627891540527 334
3.497588634490967 334
3.5071330070495605 334
3.514961004257202 333
3.5232248306274414 333
3.532710552215576 333
3.541417121887207 333
3.549860954284668 333
3.55837082862854 333
3.5675017833709717 333
3.5768465995788574 333
3.585937976837158 333
3.596025228500366 333
3.604325771331787 332
3.6130380630493164 332
3.621401309967041 332
3.6307528018951416 332
3.641232967376709 332
3.650282859802246 332
3.6589388847351074 332
3.6672115325927734 332
3.6769297122955322 331
3.6866488456726074 331
3.6957364082336426 331
3.7040910720825195 331
3.712768316268921 331
3.721017599105835 331
3.7294342517852783 331
3.7392947673797607 331
3.7487800121307373 331
3.7599542140960693 331
3.7721011638641357 331
3.7842371463775635 330
3.797769069671631 330
3.8100132942199707 330
3.8216845989227295 330
3.8328421115875244 331
3.841432571411133 331
3.8539555072784424 330
3.8627970218658447 330
3.8719072341918945 329
3.881286859512329 329
3.8907558917999268 329
3.89980411529541 329
3.908949613571167 329
3.917219638824463 330
3.925438404083252 330
3.9356045722961426 329
3.943598747253418 329
3.951892852783203 328
3.9601571559906006 329
3.969557046890259 329
3.9787261486053467 330
3.992111921310425 329
4.003714323043823 328
4.014280557632446 327
4.023175001144409 326
4.031466484069824 326
4.041658639907837 328
4.051501989364624 328
4.05986762046814 327
4.069231986999512 326
4.078145980834961 326
4.087455749511719 326
4.096904754638672 327
4.105950593948364 327
4.117175340652466 327
4.124973297119141 327
4.133834600448608 326
4.143364906311035 326
4.15171217918396 327
4.159976005554199 327
4.1692469120025635 327
4.177545547485352 326
4.1858673095703125 326
4.196792364120483 326
4.205777645111084 326
4.213587522506714 327
4.221898555755615 327
4.230294466018677 327
4.24021577835083 326
4.253397226333618 326
4.261925935745239 326
4.271170139312744 326
4.279610633850098 326
4.288931369781494 326
4.299564599990845 326
4.30802845954895 326
4.316348552703857 326
4.3239734172821045 325
4.333386421203613 325
4.342994213104248 325
4.3514487743377686 326
4.359709978103638 326
4.368775129318237 326
4.37711238861084 325
4.384988307952881 325
4.394385576248169 325
4.403618574142456 325
4.41212272644043 326
4.420308351516724 326
4.428955554962158 325
4.4380199909210205 325
4.447425603866577 325
4.455610990524292 325
4.463629484176636 325
4.473146438598633 326
4.48144006729126 326
4.490675449371338 325
4.509751319885254 325
4.518237113952637 326
4.526876449584961 326
4.535455703735352 326
4.543271780014038 326
4.553880214691162 324
4.562383651733398 324
4.571661710739136 324
4.579931020736694 324
4.588860034942627 324
4.600183010101318 324
4.609918117523193 324
4.619534969329834 324
4.627924680709839 324
4.637115240097046 324
4.644973993301392 324
4.659014463424683 323
4.668352842330933 323
4.677022933959961 323
4.684338331222534 323
4.694267272949219 323
4.704184293746948 323
4.7130286693573 323
4.721435785293579 323
4.73039174079895 323
4.739069700241089 323
4.747373580932617 323
4.756947040557861 323
4.765653848648071 323
4.773667573928833 323
4.782071828842163 322
4.790735960006714 322
4.801543951034546 323
4.80987024307251 323
4.818398714065552 323
4.827072858810425 323
4.8359620571136475 323
4.843812704086304 322
4.85348916053772 322
4.861820936203003 322
4.870733022689819 322
4.87914252281189 322
4.887568712234497 322
4.898085117340088 322
4.907336711883545 321
4.915581703186035 321
4.923453330993652 321
4.932679653167725 321
4.940931797027588 322
4.949597358703613 321
4.959129095077515 320
4.968184471130371 320
4.976869344711304 320
4.98420262336731 320
4.9940505027771 321
