0 0
0.015504837036132812 0
0.03255152702331543 0
0.048673391342163086 1
0.06595158576965332 5
0.08591532707214355 12
0.10271811485290527 21
0.11913609504699707 29
0.131882905960083 36
0.14111828804016113 43
0.15011048316955566 49
0.15847134590148926 55
0.16805243492126465 60
0.17644023895263672 67
0.18545937538146973 73
0.19270873069763184 79
0.20136499404907227 85
0.2122504711151123 94
0.22233176231384277 101
0.23081374168395996 107
0.2403717041015625 115
0.2485640048980713 121
0.2576911449432373 127
0.267164945602417 135
0.2754049301147461 142
0.2842838764190674 150
0.2921326160430908 155
0.3005640506744385 163
0.3096492290496826 169
0.31999754905700684 179
0.32840681076049805 185
0.33716320991516113 192
0.34540414810180664 198
0.35422253608703613 207
0.36203551292419434 211
0.37152576446533203 219
0.3798396587371826 226
0.3891713619232178 234
0.39763379096984863 241
0.4058964252471924 247
0.4156532287597656 255
0.4252040386199951 264
0.43251943588256836 271
0.4412391185760498 277
0.45038604736328125 285
0.4593353271484375 292
0.4676833152770996 300
0.477215051651001 307
0.48589181900024414 313
0.4940502643585205 322
0.5018062591552734 327
0.5113434791564941 335
0.5219264030456543 343
0.5342671871185303 355
0.542111873626709 360
0.5513849258422852 367
0.5596480369567871 373
0.5680279731750488 377
0.5774295330047607 382
0.5863349437713623 386
0.5944478511810303 389
0.602231502532959 391
0.6116824150085449 391
0.6203272342681885 392
0.6303813457489014 391
0.6385862827301025 390
0.6478228569030762 389
0.656156063079834 386
0.6643624305725098 383
0.6738994121551514 379
0.6822667121887207 375
0.690671443939209 371
0.6987216472625732 367
0.7073140144348145 363
0.7165892124176025 359
0.725853681564331 355
0.7339787483215332 351
0.741783857345581 349
0.7528226375579834 346
0.7613654136657715 344
0.7694342136383057 343
0.7784886360168457 343
0.7874538898468018 344
0.7956130504608154 345
0.8027968406677246 346
0.8127319812774658 349
0.8213465213775635 351
0.8303277492523193 353
0.8384690284729004 355
0.847724199295044 357
0.8559355735778809 359
0.8640434741973877 362
0.8719432353973389 363
0.8817706108093262 364
0.889965295791626 365
0.8981425762176514 365
0.9065892696380615 366
0.9165654182434082 365
0.9245092868804932 364
0.9381330013275146 363
0.9472992420196533 362
0.9556505680084229 361
0.9628405570983887 360
0.9713845252990723 359
0.9813072681427002 357
0.989945650100708 357
0.9985394477844238 356
1.0072083473205566 355
1.0171620845794678 355
1.0253422260284424 355
1.0361084938049316 354
1.0455586910247803 354
1.055307149887085 355
1.0624923706054688 355
1.0707902908325195 355
1.0806541442871094 356
1.0923140048980713 356
1.1059205532073975 357
1.1184625625610352 357
1.1313447952270508 358
1.1423940658569336 358
1.1544771194458008 358
1.1658949851989746 358
1.1765038967132568 358
1.1875131130218506 357
1.1956908702850342 357
1.203385353088379 357
1.2139835357666016 357
1.2216320037841797 357
1.2299964427947998 357
1.2391571998596191 357
1.2478001117706299 358
1.2568163871765137 358
1.2655351161956787 358
1.272707462310791 358
1.2824864387512207 357
1.2911956310272217 357
1.29996919631958 357
1.3081269264221191 357
1.3174023628234863 357
1.3256950378417969 358
1.339435338973999 358
1.3486926555633545 358
1.357320785522461 357
1.3654544353485107 357
1.3726608753204346 357
1.3818027973175049 357
1.3911287784576416 357
1.3991525173187256 357
1.4076075553894043 357
1.4164559841156006 357
1.424389362335205 357
1.4322566986083984 357
1.4416251182556152 357
1.450488567352295 357
1.458519458770752 357
1.4672064781188965 357
1.4759228229522705 357
1.484001874923706 357
1.4925665855407715 357
1.5011587142944336 357
1.5105915069580078 357
1.5185811519622803 357
1.5272600650787354 357
1.5354042053222656 357
1.5458965301513672 357
1.553966999053955 357
1.5617620944976807 357
1.5699107646942139 357
1.5784287452697754 357
1.5878803730010986 357
1.5960290431976318 357
1.6041100025177002 357
1.617405652999878 357
1.625563144683838 357
1.632753610610962 357
1.6426653861999512 357
1.651906967163086 357
1.6600708961486816 357
1.6681809425354004 357
1.6771931648254395 357
1.6854839324951172 357
1.69429612159729 357
1.7019433975219727 357
1.7120890617370605 357
1.7202644348144531 357
1.7322862148284912 357
1.7420244216918945 357
1.7511911392211914 357
1.7594163417816162 357
1.7688236236572266 357
1.7785637378692627 357
1.787280797958374 357
1.796151876449585 357
1.804246187210083 357
1.8140232563018799 357
1.8218061923980713 357
1.8302044868469238 357
1.8383228778839111 356
1.8483765125274658 356
1.8573687076568604 355
1.8654990196228027 355
1.8727498054504395 355
1.881568193435669 355
1.8898119926452637 355
1.8987133502960205 355
1.9077181816101074 355
1.916745901107788 354
1.9250636100769043 354
1.9323081970214844 354
1.9413948059082031 354
1.9505658149719238 354
1.9594075679779053 354
1.9676096439361572 354
1.9762048721313477 354
1.984238862991333 354
1.9919235706329346 354
2.0012521743774414 354
2.0126242637634277 354
2.0211129188537598 354
2.0288164615631104 354
2.0373072624206543 354
2.0468051433563232 354
2.0556833744049072 354
2.063344955444336 354
2.071592092514038 354
2.0805599689483643 354
2.0891661643981934 354
2.098165988922119 354
2.1072945594787598 354
2.1160647869110107 354
2.1240928173065186 354
2.1366126537323 354
2.14568829536438 354
2.1548545360565186 354
2.1622815132141113 354
2.1705162525177 354
2.179537296295166 354
2.187873601913452 354
2.1960484981536865 354
2.2057886123657227 354
2.215686082839966 354
2.2233669757843018 354
2.231445074081421 354
2.2403085231781006 354
2.24971604347229 354
2.2578797340393066 354
2.266730308532715 354
2.276143789291382 354
2.2853357791900635 354
2.2925634384155273 354
2.301841974258423 354
2.311652660369873 354
2.3198113441467285 354
2.327939748764038 354
2.336209535598755 354
2.3453338146209717 354
2.354267120361328 354
2.362377166748047 354
2.371551990509033 354
2.3796417713165283 354
2.3877992630004883 354
2.395995616912842 354
2.405672073364258 354
2.414454221725464 354
2.422119140625 354
2.4305715560913086 354
2.4393928050994873 354
2.447636365890503 354
2.45674467086792 354
2.466083288192749 354
2.475245714187622 354
2.4824159145355225 354
2.4911224842071533 354
2.499122381210327 354
2.508763313293457 354
2.517643451690674 354
2.5257537364959717 354
2.5383503437042236 354
2.5473012924194336 354
2.556492328643799 354
2.56442928314209 354
2.5725555419921875 354
2.581120491027832 354
2.588792085647583 354
2.597409725189209 354
2.6075446605682373 354
2.6201672554016113 354
2.6282858848571777 354
2.6380624771118164 354
2.646230936050415 354
2.6542794704437256 354
2.6627442836761475 354
2.67533540725708 354
2.6825568675994873 354
2.691099166870117 354
2.698801279067993 354
2.709306240081787 354
2.718130111694336 354
2.7274904251098633 354
2.7366559505462646 354
2.7447664737701416 353
2.752261161804199 353
2.7615602016448975 353
2.7704837322235107 353
2.7791473865509033 353
2.787684917449951 353
2.795830249786377 353
2.8047547340393066 353
2.8147854804992676 352
2.8222882747650146 352
2.8305068016052246 352
2.839341640472412 352
2.8477158546447754 351
2.856041193008423 351
2.8653595447540283 351
2.8740925788879395 351
2.8822712898254395 351
2.890371084213257 351
2.8985955715179443 351
2.9077529907226562 351
2.9176981449127197 351
2.925882577896118 351
2.937955141067505 351
2.946220636367798 351
2.9542770385742188 351
2.9634296894073486 351
2.9722445011138916 351
2.98120379447937 351
2.989433765411377 351
2.997617483139038 351
3.006434202194214 351
3.0164482593536377 351
3.024360418319702 351
3.0321507453918457 351
3.041058301925659 351
3.048753261566162 351
3.0572826862335205 351
3.066236972808838 351
3.07528018951416 351
3.0827770233154297 351
3.0914390087127686 351
3.099837064743042 351
3.1084468364715576 351
3.1185710430145264 351
3.1271820068359375 351
3.1356723308563232 351
3.1433329582214355 351
3.151568651199341 351
3.1597225666046143 351
3.177539587020874 351
3.189333438873291 351
3.201169490814209 351
3.2165029048919678 351
3.2273647785186768 351
3.240027666091919 351
3.2520506381988525 351
3.260646104812622 351
3.270598888397217 351
3.278582811355591 351
3.2874257564544678 351
3.2955572605133057 351
3.3111844062805176 351
3.3202245235443115 351
3.3285562992095947 351
3.3416149616241455 351
3.3499109745025635 351
3.358241558074951 351
3.3672282695770264 351
3.3765366077423096 351
3.3844220638275146 351
3.393927574157715 351
3.4025838375091553 351
3.4121103286743164 351
3.421487808227539 351
3.4295952320098877 351
3.438359022140503 351
3.4472172260284424 351
3.45536470413208 351
3.4626333713531494 351
3.472477674484253 351
3.4810550212860107 351
3.488762617111206 351
3.4983644485473633 351
3.5071675777435303 351
3.516078233718872 351
3.5254006385803223 351
3.533902168273926 351
3.541649580001831 351
3.5497987270355225 351
3.5579960346221924 351
3.567094087600708 351
3.5760436058044434 351
3.5841681957244873 351
3.5922629833221436 351
3.601262092590332 351
3.609940767288208 350
3.618112325668335 350
3.6276540756225586 350
3.636704683303833 349
3.6451470851898193 349
3.652369260787964 349
3.660653591156006 349
3.669328212738037 348
3.6783382892608643 348
3.686842203140259 348
3.695643663406372 348
3.7041430473327637 348
3.7124710083007812 348
3.7212181091308594 347
3.7312285900115967 347
3.742605686187744 347
3.7513954639434814 348
3.761122941970825 348
3.769960880279541 348
3.779163360595703 348
3.787445545196533 348
3.795610189437866 348
3.8042867183685303 347
3.8134517669677734 347
3.821563720703125 348
3.831298828125 348
3.8393666744232178 348
3.847630023956299 348
3.855764865875244 348
3.865135431289673 348
3.8723838329315186 348
3.8817269802093506 348
3.889874219894409 348
3.8996315002441406 348
3.9078214168548584 348
3.9167635440826416 348
3.9253151416778564 348
3.935253858566284 348
3.942500114440918 348
3.951201915740967 348
3.9593255519866943 348
3.968193292617798 348
3.976452589035034 348
3.985828399658203 348
3.9938554763793945 348
4.001832962036133 348
4.0112152099609375 347
4.019321918487549 347
4.027644395828247 348
4.037675380706787 348
4.045968055725098 348
4.054009914398193 348
4.062136888504028 347
4.070307493209839 347
4.078431844711304 347
4.08783483505249 347
4.09677791595459 347
4.105732440948486 347
4.11443305015564 347
4.122079849243164 347
4.141193628311157 347
4.149420499801636 347
4.1579155921936035 347
4.167245388031006 347
4.175361156463623 347
4.18428111076355 347
4.195583820343018 347
4.2027788162231445 347
4.2140491008758545 347
4.222388029098511 347
4.231498956680298 347
4.240541934967041 347
4.250076532363892 347
4.258251428604126 347
4.267377614974976 347
4.2754926681518555 347
4.284311294555664 347
4.29223108291626 347
4.300745487213135 347
4.310182571411133 347
4.318270921707153 347
4.327365159988403 347
4.336493492126465 347
4.34443211555481 347
4.352254867553711 347
4.361315488815308 347
4.3695409297943115 347
4.377710580825806 347
4.3868019580841064 347
4.395768404006958 347
4.403438091278076 347
4.41250467300415 347
4.421164035797119 347
4.429978132247925 347
4.439301490783691 347
4.44752836227417 347
4.455651760101318 347
4.46417498588562 347
4.472068548202515 347
4.480249643325806 347
4.489888906478882 347
4.498694181442261 347
4.507282733917236 347
4.516591548919678 347
4.5254294872283936 347
4.532790660858154 347
4.547155857086182 347
4.555450201034546 347
4.564237594604492 347
4.572066783905029 347
4.580233812332153 347
4.589674949645996 347
4.598408222198486 347
4.606824159622192 347
4.626488924026489 347
4.634445428848267 347
4.643394470214844 347
4.65176796913147 347
4.660793304443359 347
4.671070337295532 347
4.679788112640381 347
4.6879801750183105 346
4.697746753692627 346
4.706180095672607 345
4.715501070022583 345
4.7253100872039795 345
4.7342846393585205 345
4.742737054824829 345
4.751284122467041 345
4.760017395019531 345
4.768302917480469 345
4.776686429977417 345
4.784781455993652 345
4.79449200630188 345
4.802171230316162 345
4.811498403549194 345
4.819598197937012 345
4.828619956970215 345
4.837167263031006 345
4.846184730529785 345
4.854308843612671 345
4.862470865249634 345
4.870805740356445 345
4.878758668899536 345
4.88744854927063 345
4.897386074066162 345
4.905552864074707 345
4.914443492889404 345
4.922605991363525 345
4.931453466415405 345
4.944086790084839 345
4.952783823013306 345
4.962027072906494 345
4.970337152481079 345
4.978440999984741 345
4.986799716949463 345
4.996556520462036 345
