0 0
0.013054609298706055 0
0.030258893966674805 0
0.048191070556640625 1
0.06725955009460449 5
0.0874643325805664 13
0.10581707954406738 22
0.1154165267944336 28
0.12419843673706055 33
0.13314104080200195 38
0.1422734260559082 44
0.15083003044128418 49
0.1600351333618164 56
0.1692047119140625 62
0.17830491065979004 69
0.18691778182983398 74
0.1942739486694336 80
0.20303726196289062 88
0.21289610862731934 94
0.22352004051208496 102
0.2318718433380127 109
0.24125385284423828 116
0.24962806701660156 122
0.2593555450439453 130
0.26774120330810547 138
0.27706146240234375 144
0.28543925285339355 151
0.2933971881866455 155
0.30370259284973145 164
0.3142838478088379 170
0.3238370418548584 176
0.3327367305755615 182
0.34148383140563965 188
0.3498806953430176 192
0.3607010841369629 198
0.36989688873291016 204
0.37925052642822266 209
0.38800764083862305 215
0.39960551261901855 221
0.410675048828125 227
0.4200856685638428 231
0.42968249320983887 235
0.43911051750183105 238
0.44756197929382324 242
0.4566631317138672 246
0.4658167362213135 250
0.47420525550842285 254
0.48314499855041504 257
0.4914989471435547 260
0.49988412857055664 263
0.5099244117736816 266
0.5189127922058105 269
0.5288500785827637 272
0.5376920700073242 275
0.5463259220123291 278
0.5539515018463135 280
0.5636463165283203 282
0.5728559494018555 285
0.5813207626342773 286
0.5923094749450684 288
0.6031723022460938 292
0.612602710723877 295
0.6222691535949707 298
0.6306350231170654 299
0.639702320098877 301
0.6482384204864502 302
0.657008171081543 304
0.6666688919067383 307
0.6753921508789062 310
0.6832787990570068 311
0.6916396617889404 312
0.6999077796936035 313
0.7091913223266602 314
0.7189109325408936 317
0.7288644313812256 320
0.7374899387359619 321
0.745781660079956 322
0.7536129951477051 322
0.7621047496795654 323
0.7721004486083984 324
0.7808206081390381 326
0.7893257141113281 328
0.8120601177215576 332
0.8829100131988525 335
0.9112975597381592 336
0.9627776145935059 343
1.0073010921478271 362
1.0932965278625488 363
1.1442935466766357 330
1.212913990020752 321
1.2773728370666504 341
1.3334457874298096 374
1.3801136016845703 386
1.4489810466766357 370
1.5323374271392822 321
1.5730805397033691 311
1.61006760597229 318
1.641270637512207 328
1.6696200370788574 336
1.6997177600860596 336
1.7354788780212402 328
1.7601549625396729 327
1.792816400527954 333
1.8201210498809814 347
1.8580348491668701 353
1.887629747390747 349
1.9139301776885986 341
1.950364589691162 341
1.9981606006622314 356
2.073071002960205 350
2.1219027042388916 326
2.1728689670562744 319
2.224061965942383 337
2.281663417816162 371
2.340041399002075 376
2.400710344314575 355
2.4610650539398193 322
2.4968457221984863 308
2.5396106243133545 309
2.585710287094116 328
2.644031286239624 366
2.718986749649048 372
2.749967575073242 359
2.7954561710357666 336
2.838837146759033 326
2.8775482177734375 332
2.9320614337921143 356
2.9691522121429443 362
2.9999752044677734 354
3.053032636642456 337
3.0871546268463135 331
3.1276040077209473 340
3.1669838428497314 355
3.1976938247680664 366
3.2570369243621826 358
3.3132102489471436 331
3.350231170654297 319
3.391566514968872 326
3.445511817932129 348
3.478060722351074 356
3.5087878704071045 355
3.5541181564331055 340
3.6122887134552 336
3.648956537246704 348
3.675738573074341 357
3.703371286392212 358
3.7400243282318115 346
3.777340888977051 340
3.8256452083587646 348
3.8588595390319824 360
3.8869731426239014 367
3.9289703369140625 364
3.9583303928375244 353
3.996959924697876 349
4.035776615142822 360
4.0714826583862305 377
4.107876777648926 383
4.139467477798462 380
4.170929908752441 369
4.21686577796936 365
4.25550651550293 376
4.285608291625977 384
4.317881107330322 378
4.390015602111816 348
4.47568154335022 347
4.553097248077393 381
4.600322723388672 398
4.674288749694824 370
4.759917736053467 332
4.841703653335571 334
4.929427623748779 376
5.000255346298218 412
