0 0
0.012996196746826172 0
0.031523942947387695 0
0.04805302619934082 2
0.06759166717529297 8
0.0894782543182373 17
0.10395622253417969 23
0.1138620376586914 28
0.12235403060913086 33
0.13145947456359863 38
0.14001131057739258 44
0.1497499942779541 51
0.15945816040039062 57
0.16805219650268555 64
0.17661094665527344 69
0.18406081199645996 75
0.19495153427124023 82
0.20403599739074707 90
0.212907075881958 96
0.2213127613067627 102
0.22996020317077637 110
0.2387988567352295 116
0.247178316116333 122
0.25708484649658203 132
0.26894474029541016 140
0.27737998962402344 146
0.28704214096069336 154
0.2963693141937256 162
0.3068976402282715 170
0.3183155059814453 180
0.3360292911529541 194
0.3481154441833496 204
0.3612542152404785 216
0.3732633590698242 224
0.38575220108032227 236
0.3983790874481201 245
0.4091169834136963 254
0.4175267219543457 262
0.42694783210754395 268
0.43436717987060547 275
0.4431936740875244 282
0.4517362117767334 290
0.46202802658081055 298
0.4711611270904541 305
0.47948288917541504 311
0.4878711700439453 319
0.497661828994751 327
0.5074281692504883 332
0.5156769752502441 338
0.5240967273712158 342
0.532954216003418 345
0.5412712097167969 348
0.5495789051055908 350
0.5595190525054932 352
0.5680758953094482 354
0.5763571262359619 355
0.5839314460754395 356
0.5940191745758057 356
0.6026620864868164 356
0.6118893623352051 357
0.6201291084289551 357
0.6294498443603516 357
0.637718915939331 358
0.6459972858428955 358
0.6537792682647705 358
0.6638562679290771 358
0.6729702949523926 358
0.6812336444854736 358
0.6896066665649414 358
0.6993880271911621 358
0.7088954448699951 358
0.717155933380127 358
0.729694128036499 358
0.7383334636688232 358
0.7470340728759766 358
0.7543716430664062 358
0.7642502784729004 358
0.7742729187011719 358
0.7829203605651855 358
0.7922096252441406 358
0.8003218173980713 358
0.8090929985046387 358
0.8183138370513916 358
0.827021598815918 358
0.8343217372894287 358
0.8429183959960938 358
0.8510971069335938 358
0.8598697185516357 358
0.8695380687713623 358
0.8787353038787842 358
0.8869526386260986 358
0.8968994617462158 358
0.9041504859924316 358
0.9135806560516357 358
0.9220373630523682 358
0.9308855533599854 358
0.9392192363739014 358
0.9474656581878662 358
0.9556293487548828 358
0.9655821323394775 358
0.9733901023864746 358
0.9822940826416016 358
0.9917988777160645 358
1.0006418228149414 358
1.0090572834014893 358
1.0181398391723633 358
1.0270698070526123 358
1.0343940258026123 358
1.0430843830108643 358
1.0515055656433105 358
1.060356616973877 358
1.070981502532959 358
1.0797512531280518 358
1.0881915092468262 358
1.0981554985046387 358
1.1067426204681396 358
1.1156888008117676 358
1.1235671043395996 358
1.1367907524108887 358
1.1440958976745605 358
1.152872085571289 358
1.1612720489501953 358
1.1710708141326904 358
1.179539442062378 358
1.1975505352020264 358
1.2094786167144775 358
1.2189466953277588 358
1.2274253368377686 358
1.236285924911499 358
1.2438864707946777 358
1.2522082328796387 358
1.2603790760040283 358
1.2702620029449463 358
1.2799289226531982 358
1.290151834487915 358
1.299363374710083 358
1.3086943626403809 358
1.316884994506836 358
1.3259069919586182 358
1.3337388038635254 358
1.3430612087249756 358
1.3515214920043945 358
1.359766960144043 358
1.3682193756103516 358
1.3781304359436035 358
1.386362075805664 358
1.3955721855163574 358
1.4033102989196777 358
1.411747932434082 358
1.4220497608184814 358
1.4301939010620117 358
1.4389519691467285 358
1.447176456451416 358
1.4559509754180908 358
1.4637043476104736 358
1.4732956886291504 358
1.4815943241119385 358
1.4913239479064941 358
1.500082015991211 357
1.508971929550171 357
1.5173366069793701 357
1.5311830043792725 358
1.539665699005127 358
1.5482208728790283 358
1.5568108558654785 357
1.5654969215393066 357
1.5742781162261963 357
1.582902193069458 357
1.5927753448486328 357
1.6015019416809082 357
1.6097679138183594 357
1.61820650100708 356
1.627563714981079 356
1.6369102001190186 356
1.6441800594329834 356
1.6529953479766846 356
1.6612443923950195 356
1.6695480346679688 356
1.6796340942382812 356
1.6880364418029785 356
1.6980485916137695 356
1.7069921493530273 356
1.7142815589904785 356
1.722909688949585 356
1.7320060729980469 356
1.7409863471984863 356
1.7493157386779785 356
1.7575509548187256 356
1.7657322883605957 356
1.7759296894073486 356
1.7837440967559814 356
1.794058084487915 356
1.8031749725341797 356
1.812143087387085 356
1.8202629089355469 356
1.8299391269683838 356
1.838707685470581 356
1.8475582599639893 356
1.855771780014038 356
1.863565444946289 356
1.8717882633209229 356
1.8817453384399414 356
1.8903656005859375 356
1.900144338607788 356
1.9092049598693848 356
1.917492389678955 356
1.9256563186645508 356
1.9390919208526611 356
1.9487371444702148 356
1.9572572708129883 356
1.9654242992401123 356
1.9732139110565186 356
1.9828577041625977 356
1.9917716979980469 356
2.0001258850097656 356
2.010957717895508 356
2.019343376159668 356
2.0275943279266357 356
2.0370540618896484 356
2.045861005783081 356
2.053654670715332 356
2.0620479583740234 356
2.070277214050293 356
2.0794601440429688 356
2.0890445709228516 356
2.098236322402954 356
2.107880115509033 356
2.115999698638916 356
2.1237385272979736 356
2.133364677429199 356
2.1420376300811768 356
2.1501786708831787 356
2.1588358879089355 356
2.16707181930542 356
2.175938129425049 356
2.184981107711792 356
2.195462703704834 356
2.203295946121216 356
2.2129311561584473 356
2.221287727355957 356
2.2295587062835693 356
2.2389473915100098 356
2.2481088638305664 356
2.2563316822052 356
2.2638680934906006 356
2.2723073959350586 356
2.281463146209717 356
2.2916789054870605 356
2.30202579498291 356
2.3118960857391357 356
2.3200900554656982 356
2.3287606239318848 356
2.342646360397339 356
2.351179599761963 356
2.359571695327759 356
2.368143081665039 356
2.3770971298217773 356
2.385974884033203 356
2.39882493019104 356
2.4112069606781006 355
2.4228501319885254 354
2.4342265129089355 354
2.448960065841675 354
2.4601593017578125 354
2.4700701236724854 354
2.4793238639831543 354
2.488924503326416 354
2.498060941696167 354
2.506903648376465 354
2.515542507171631 354
2.5233540534973145 354
2.531651020050049 354
2.5414066314697266 354
2.5498039722442627 354
2.558241128921509 354
2.566767692565918 354
2.5755271911621094 354
2.5832912921905518 354
2.597072124481201 354
2.6067333221435547 354
2.6140735149383545 354
2.6231908798217773 354
2.631415843963623 354
2.641387939453125 354
2.65105938911438 354
2.659327983856201 354
2.667696952819824 354
2.6768579483032227 353
2.6841981410980225 353
2.694138765335083 353
2.702817678451538 354
2.714057445526123 354
2.7227582931518555 353
2.735382080078125 353
2.745833396911621 353
2.753742218017578 353
2.7622125148773193 353
2.771251916885376 352
2.7795634269714355 352
2.788121223449707 352
2.7983202934265137 353
2.807520627975464 353
2.815706968307495 353
2.823951244354248 352
2.8326637744903564 352
2.841485023498535 352
2.8511126041412354 352
2.859410047531128 352
2.867879629135132 352
2.877058744430542 352
2.8843867778778076 353
2.8954970836639404 353
2.903923988342285 352
2.912757396697998 352
2.921072483062744 352
2.9308533668518066 352
2.939685583114624 352
2.949164867401123 352
2.9574203491210938 352
2.965588092803955 352
2.9741594791412354 352
2.982825517654419 352
2.991323471069336 351
3.001591682434082 351
3.0102126598358154 351
3.018881320953369 352
3.0280120372772217 352
3.037015676498413 351
3.044363260269165 351
3.0538620948791504 351
3.062283754348755 351
3.0715739727020264 351
3.079813241958618 351
3.0883939266204834 352
3.098785638809204 352
3.107670783996582 351
3.11592960357666 351
3.123781442642212 351
3.1379950046539307 351
3.1460378170013428 351
3.1556625366210938 351
3.163593292236328 351
3.1727101802825928 351
3.180893898010254 351
3.1893441677093506 350
3.2003910541534424 350
3.209820508956909 350
3.2192165851593018 350
3.227976083755493 350
3.2368149757385254 350
3.244131326675415 350
3.2536492347717285 350
3.262146472930908 350
3.2714040279388428 350
3.2796437740325928 350
3.288125991821289 350
3.2972609996795654 350
3.3068947792053223 350
3.314192295074463 350
3.322873115539551 350
3.3316431045532227 350
3.340864419937134 350
3.349238634109497 350
3.364384889602661 350
3.373744249343872 350
3.3821144104003906 350
3.390995979309082 350
3.3999276161193848 350
3.409900426864624 350
3.418684482574463 350
3.426940679550171 350
3.435760259628296 350
3.443608283996582 350
3.45216965675354 350
3.461585760116577 350
3.4702467918395996 350
3.4789187908172607 350
3.4871931076049805 350
3.496260643005371 350
3.506770372390747 350
3.5141055583953857 350
3.522890329360962 350
3.53114914894104 350
3.544045925140381 350
3.5528321266174316 350
3.561896324157715 350
3.571185350418091 350
3.5795016288757324 350
3.5880699157714844 350
3.5973591804504395 350
3.6074440479278564 350
3.615645170211792 350
3.623516082763672 350
3.632814407348633 350
3.641584634780884 350
3.649984121322632 350
3.6595025062561035 350
3.6683549880981445 350
3.676844358444214 350
3.6841931343078613 350
3.693713665008545 350
3.7028112411499023 350
3.712094306945801 350
3.7202014923095703 350
3.729506254196167 350
3.7397689819335938 350
3.749011516571045 350
3.7573165893554688 350
3.76706862449646 350
3.774360179901123 350
3.783155679702759 350
3.792336940765381 350
3.801259994506836 350
3.8107142448425293 350
3.819230079650879 349
3.8275763988494873 349
3.8368051052093506 349
3.8455049991607666 349
3.854069948196411 348
3.8636062145233154 349
3.8730051517486572 349
3.8813085556030273 349
3.88960599899292 349
3.8996636867523193 349
3.908224105834961 348
3.917480945587158 348
3.9257307052612305 348
3.938924551010132 349
3.947751998901367 349
3.956005811691284 349
3.966761827468872 349
3.974116802215576 348
3.9828720092773438 348
3.9922943115234375 348
4.001398086547852 348
4.009655952453613 348
4.019143104553223 348
4.02742338180542 348
4.036790370941162 348
4.044134140014648 349
4.053096771240234 349
4.061399698257446 349
4.071546792984009 349
4.079806566238403 348
4.088311672210693 348
4.098174095153809 348
4.106844663619995 349
4.115901947021484 349
4.123778820037842 349
4.1331493854522705 349
4.141422748565674 348
4.150191068649292 348
4.158905982971191 348
4.168874740600586 348
4.177169322967529 348
4.184977293014526 348
4.1943018436431885 348
4.203605890274048 348
4.211910724639893 348
4.221407890319824 348
4.2306599617004395 348
4.240046501159668 348
4.248844146728516 347
4.257133960723877 347
4.265872240066528 347
4.274950981140137 347
4.283159494400024 347
4.29323148727417 347
4.302042007446289 347
4.310172080993652 347
4.319683313369751 347
4.328114986419678 347
4.34032130241394 347
4.349290370941162 346
4.358334541320801 346
4.367505311965942 346
4.376917362213135 346
4.384213447570801 346
4.39355731010437 346
4.402161359786987 346
4.410661220550537 346
4.419076681137085 346
4.429243564605713 346
4.437533855438232 346
4.445754528045654 346
4.453563213348389 346
4.463171005249023 346
4.475492000579834 346
4.487221002578735 346
4.500312805175781 346
4.5120861530303955 346
4.5243635177612305 346
4.537628173828125 346
4.548768997192383 346
4.557146072387695 346
4.565814018249512 346
4.574336290359497 346
4.582981109619141 346
4.6057164669036865 346
4.613621473312378 346
4.623196840286255 346
4.6326744556427 346
4.640889406204224 346
4.650384902954102 346
4.660733222961426 346
4.669144153594971 346
4.678657293319702 346
4.687085866928101 346
4.697190761566162 346
4.705453395843506 346
4.714367151260376 346
4.723109245300293 346
4.732990264892578 346
4.745539426803589 346
4.7534449100494385 346
4.762916564941406 346
4.771900177001953 346
4.781324148178101 346
4.789607048034668 346
4.799513101577759 346
4.807877779006958 346
4.815978050231934 346
4.823904752731323 346
4.8339457511901855 346
4.842355489730835 346
4.850707769393921 346
4.859684944152832 346
4.868122100830078 346
4.876373291015625 346
4.885671138763428 346
4.895681381225586 346
4.903470277786255 346
4.911807060241699 346
4.920022010803223 346
4.929802656173706 346
4.93831729888916 346
4.94691014289856 346
4.95421838760376 346
4.963460683822632 346
4.971830129623413 346
4.981273651123047 346
4.989566802978516 346
4.998988628387451 346
