0 0
0.013124704360961914 0
0.030171632766723633 0
0.04974222183227539 2
0.06758379936218262 6
0.08914518356323242 14
0.10572504997253418 23
0.1136784553527832 26
0.12215352058410645 34
0.13582491874694824 40
0.1438302993774414 46
0.15297722816467285 51
0.1633164882659912 58
0.17340970039367676 64
0.1818692684173584 72
0.19020724296569824 78
0.1993870735168457 83
0.20969867706298828 91
0.21825742721557617 98
0.22745299339294434 104
0.2358229160308838 112
0.24689626693725586 120
0.25434112548828125 128
0.26435303688049316 134
0.27389073371887207 142
0.28245067596435547 148
0.29107141494750977 156
0.300095796585083 163
0.3101487159729004 171
0.31943511962890625 177
0.32846903800964355 185
0.33708667755126953 192
0.3450429439544678 198
0.35340261459350586 205
0.3633699417114258 213
0.37297797203063965 221
0.3814561367034912 228
0.3899819850921631 236
0.39937877655029297 243
0.40839266777038574 251
0.41772985458374023 259
0.4268639087677002 266
0.4342794418334961 272
0.4430084228515625 278
0.45148324966430664 284
0.461655855178833 292
0.47016048431396484 296
0.4793055057525635 301
0.4878203868865967 306
0.49692583084106445 310
0.5042829513549805 313
0.5144476890563965 317
0.523148775100708 322
0.5372006893157959 324
0.5450439453125 327
0.5534284114837646 329
0.563788652420044 331
0.5733869075775146 333
0.5817437171936035 335
0.5908453464508057 337
0.5994844436645508 338
0.6078512668609619 340
0.6178090572357178 342
0.6273844242095947 343
0.6356313228607178 344
0.6434807777404785 345
0.6518001556396484 346
0.6604456901550293 347
0.6701521873474121 348
0.679572582244873 348
0.6882257461547852 349
0.697451114654541 350
0.7056798934936523 350
0.7135641574859619 351
0.7240645885467529 352
0.7328987121582031 352
0.7412271499633789 353
0.7510325908660889 353
0.7598922252655029 354
0.7695009708404541 354
0.7788927555084229 354
0.7871570587158203 354
0.7961175441741943 354
0.8038859367370605 354
0.8127195835113525 355
0.8230509757995605 356
0.8313369750976562 356
0.839686393737793 356
0.8480343818664551 356
0.8569538593292236 356
0.8642668724060059 356
0.8755698204040527 356
0.8834962844848633 356
0.8923168182373047 356
0.9004638195037842 356
0.9091823101043701 356
0.9174420833587646 356
0.9320108890533447 356
0.940330982208252 356
0.9490787982940674 356
0.9577124118804932 356
0.9659450054168701 356
0.975893497467041 357
0.9837899208068848 357
0.9931337833404541 357
1.00140380859375 357
1.0098021030426025 356
1.0184128284454346 356
1.028975248336792 356
1.0373828411102295 357
1.0456407070159912 358
1.053687572479248 358
1.0628118515014648 357
1.0719292163848877 357
1.0814063549041748 357
1.0902223587036133 357
1.098926305770874 357
1.1072850227355957 357
1.115074872970581 357
1.1257035732269287 357
1.1335175037384033 357
1.1419103145599365 357
1.1500740051269531 357
1.1593940258026123 357
1.1678462028503418 356
1.1790859699249268 356
1.188110589981079 357
1.1964671611785889 357
1.2040517330169678 358
1.2127206325531006 357
1.2216122150421143 357
1.231020212173462 357
1.2393558025360107 357
1.247668743133545 356
1.2576086521148682 356
1.2677090167999268 357
1.2781031131744385 358
1.2870144844055176 358
1.2944049835205078 357
1.3030765056610107 357
1.3113477230072021 356
1.3203620910644531 356
1.3341295719146729 357
1.3429627418518066 358
1.3516161441802979 358
1.3604381084442139 358
1.369063138961792 358
1.3778598308563232 357
1.3880455493927002 356
1.3968055248260498 356
1.4041571617126465 357
1.4130260944366455 357
1.421895980834961 357
1.4318227767944336 356
1.4401116371154785 356
1.448838710784912 356
1.4576036930084229 356
1.4657833576202393 357
1.4744765758514404 357
1.4839465618133545 357
1.4930179119110107 356
1.5012705326080322 356
1.509601354598999 356
1.5180246829986572 356
1.5271968841552734 356
1.537123680114746 356
1.5444111824035645 357
1.5536859035491943 357
1.5619261264801025 356
1.570335865020752 356
1.5797133445739746 356
1.5895936489105225 356
1.5978856086730957 357
1.6061139106750488 357
1.6188466548919678 356
1.6299593448638916 356
1.643599271774292 356
1.6559510231018066 356
1.6676898002624512 356
1.6796436309814453 355
1.6929290294647217 356
1.7036163806915283 356
1.7121782302856445 356
1.7213716506958008 356
1.7356889247894287 355
1.7441072463989258 355
1.7534055709838867 355
1.7618579864501953 356
1.7727038860321045 356
1.7808489799499512 356
1.791236162185669 355
1.7995784282684326 354
1.8080272674560547 355
1.8161396980285645 355
1.8243560791015625 356
1.8332035541534424 356
1.8431789875030518 355
1.8522353172302246 355
1.8604075908660889 355
1.8690438270568848 355
1.878244161605835 355
1.8884611129760742 355
1.8969941139221191 355
1.9043011665344238 356
1.9130253791809082 356
1.9218933582305908 355
1.9302873611450195 355
1.9397780895233154 355
1.9487459659576416 356
1.9577128887176514 356
1.9659912586212158 355
1.9745266437530518 355
1.9836280345916748 355
1.9930546283721924 355
2.001262903213501 355
2.0113024711608887 355
2.020113706588745 356
2.028808116912842 355
2.03704833984375 355
2.047431230545044 355
2.0561351776123047 355
2.063941478729248 356
2.0736117362976074 356
2.0829012393951416 355
2.092012405395508 355
2.1002862453460693 354
2.109020233154297 355
2.117673873901367 355
2.1259350776672363 356
2.13887619972229 356
2.148972511291504 355
2.1580989360809326 354
2.1664161682128906 354
2.1769814491271973 354
2.1858584880828857 354
2.1950840950012207 355
2.20328426361084 355
2.2115495204925537 355
2.2202017307281494 354
2.228900909423828 354
2.237180471420288 354
2.24680757522583 354
2.255542516708374 354
2.263329029083252 354
2.272446632385254 354
2.283313274383545 354
2.2917404174804688 354
2.301306962966919 354
2.309802532196045 354
2.3190665245056152 354
2.3273322582244873 354
2.3351171016693115 354
2.343291997909546 354
2.3534164428710938 354
2.361753225326538 354
2.3721532821655273 354
2.3812668323516846 354
2.3896121978759766 354
2.3990259170532227 354
2.407290458679199 354
2.4161863327026367 354
2.4239823818206787 354
2.4327805042266846 354
2.4411869049072266 354
2.4505157470703125 354
2.4597020149230957 354
2.4681344032287598 354
2.477342367172241 354
2.4861485958099365 354
2.4940619468688965 354
2.5036206245422363 354
2.51187801361084 354
2.5210185050964355 354
2.5294454097747803 354
2.5418689250946045 354
2.552189826965332 354
2.5612354278564453 354
2.5782341957092285 354
2.587360143661499 354
2.5955138206481934 354
2.6041736602783203 354
2.613459348678589 354
2.6217470169067383 354
2.6314525604248047 354
2.6397364139556885 354
2.649016857147217 354
2.658264398574829 354
2.6674065589904785 354
2.676856756210327 354
2.6851806640625 354
2.6961143016815186 353
2.705815315246582 353
2.7142069339752197 353
2.7228617668151855 353
2.731417655944824 353
2.7396762371063232 353
2.748337745666504 353
2.7576189041137695 353
2.7667391300201416 353
2.7756686210632324 353
2.7839462757110596 353
2.7927684783935547 353
2.8010122776031494 353
2.8102529048919678 353
2.8195974826812744 353
2.8281757831573486 353
2.836456298828125 353
2.8440358638763428 353
2.854058265686035 353
2.8627123832702637 353
2.8723132610321045 353
2.881561040878296 353
2.889828681945801 353
2.898286819458008 353
2.9077680110931396 353
2.9165143966674805 353
2.9240882396698 353
2.9372193813323975 353
2.946077346801758 353
2.955603837966919 353
2.9637978076934814 353
2.9733476638793945 353
2.9823100566864014 353
2.9904606342315674 353
2.9990813732147217 353
3.008175849914551 353
3.0173614025115967 353
3.0255630016326904 353
3.0336227416992188 352
3.0419867038726807 352
3.0522570610046387 353
3.061673164367676 353
3.0707859992980957 353
3.0802035331726074 353
3.089205503463745 352
3.0975053310394287 352
3.1056880950927734 352
3.115811586380005 352
3.1236507892608643 352
3.132014274597168 351
3.140249252319336 351
3.1495769023895264 352
3.159064292907715 352
3.1673576831817627 352
3.178455114364624 351
3.1870267391204834 351
3.194319725036621 351
3.2040014266967773 351
3.2139105796813965 351
3.2224600315093994 351
3.2307639122009277 351
3.2392055988311768 351
3.2480475902557373 351
3.256134271621704 350
3.265662908554077 350
3.27500319480896 350
3.283806085586548 350
3.2921693325042725 350
3.3003180027008057 351
3.3094096183776855 350
3.318976879119873 350
3.337535858154297 350
3.347100257873535 350
3.354458808898926 350
3.3640103340148926 350
3.3734302520751953 350
3.3820362091064453 350
3.3903815746307373 350
3.3989977836608887 350
3.407273530960083 350
3.4173362255096436 350
3.4255285263061523 350
3.4334373474121094 350
3.442314386367798 350
3.4508509635925293 350
3.459289312362671 350
3.4688305854797363 350
3.479006290435791 350
3.48783016204834 350
3.496095895767212 350
3.5039119720458984 350
3.513324499130249 350
3.5228934288024902 350
3.531095266342163 350
3.5394556522369385 350
3.548356533050537 350
3.5569241046905518 350
3.565953016281128 350
3.576188087463379 350
3.584425449371338 350
3.5930964946746826 350
3.6013505458831787 350
3.6102612018585205 350
3.6196794509887695 350
3.628223180770874 350
3.636753797531128 350
3.6456050872802734 350
3.6534764766693115 350
3.661776304244995 350
3.672034978866577 350
3.681262254714966 350
3.691697835922241 350
3.7030270099639893 350
3.715453863143921 350
3.728484869003296 350
3.745708465576172 350
3.7575912475585938 350
3.7699227333068848 350
3.781266212463379 350
3.7895584106445312 350
3.797832489013672 350
3.8071720600128174 350
3.814518451690674 350
3.8241019248962402 350
3.8327741622924805 350
3.8416755199432373 350
3.8499364852905273 350
3.85841965675354 350
3.867149829864502 350
3.8778951168060303 350
3.8861653804779053 350
3.8940181732177734 349
3.9029030799865723 349
3.9114513397216797 349
3.9197885990142822 349
3.929363965988159 349
3.9376683235168457 349
3.946808099746704 349
3.9541587829589844 349
3.9628899097442627 349
3.973062753677368 349
3.981384038925171 349
3.989812135696411 349
3.9991087913513184 349
4.0076985359191895 349
4.015976428985596 349
4.024447441101074 349
4.033102750778198 349
4.041942596435547 349
4.050371885299683 349
4.05902624130249 349
4.06734299659729 349
4.077559232711792 349
4.08573579788208 349
4.093586683273315 349
4.102776527404785 349
4.1119465827941895 348
4.120218276977539 348
4.129934072494507 349
4.143123388290405 348
4.151644229888916 348
4.160084009170532 348
4.169072866439819 347
4.179984092712402 347
4.188861131668091 347
4.197152853012085 347
4.206024408340454 347
4.21389102935791 347
4.222262144088745 347
4.233058214187622 347
4.241791725158691 346
4.250306129455566 347
4.2591259479522705 347
4.2674171924591064 347
4.277143716812134 346
4.286816120147705 346
4.294175863265991 346
4.303941249847412 347
4.3124470710754395 347
4.320767164230347 347
4.3299946784973145 346
4.339222192764282 346
4.3476645946502686 346
4.355956792831421 346
4.36377739906311 346
4.37386155128479 347
4.383415937423706 347
4.391892433166504 347
4.400125980377197 346
4.409939289093018 346
4.418436765670776 346
4.42691445350647 346
4.436896800994873 346
4.444220304489136 347
4.452930927276611 347
4.461129426956177 347
4.470372915267944 346
4.47948431968689 346
4.488997220993042 346
4.497293949127197 347
4.507063627243042 347
4.51436185836792 347
4.5232439041137695 346
4.532984018325806 346
4.546977996826172 346
4.554322004318237 346
4.563111066818237 347
4.581088542938232 347
4.59046483039856 346
4.599318027496338 346
4.6082868576049805 345
4.6168107986450195 345
4.624133110046387 346
4.637295246124268 346
4.6451332569122314 346
4.6536338329315186 345
4.662001609802246 344
4.672160387039185 344
4.680395841598511 345
4.6915576457977295 346
4.699912071228027 346
4.709075927734375 346
4.7173473834991455 346
4.725543260574341 346
4.7334136962890625 346
4.743457555770874 346
4.751768589019775 346
4.760040760040283 346
4.7695677280426025 346
4.779073238372803 346
4.788334846496582 346
4.796858310699463 346
4.805678129196167 346
4.813559532165527 346
4.821877717971802 346
4.830246448516846 346
4.840390682220459 346
4.849046945571899 346
4.857320308685303 346
4.8654944896698 346
4.875036239624023 346
4.883253574371338 346
4.892995834350586 346
4.901969909667969 346
4.910377264022827 346
4.919600486755371 346
4.928038120269775 346
4.937155246734619 345
4.950344562530518 345
4.959183931350708 344
4.96830677986145 345
4.977514743804932 345
4.985749959945679 345
4.994366884231567 345
