0 0
0.01567387580871582 0
0.03765749931335449 0
0.05539822578430176 2
0.0723731517791748 8
0.09131240844726562 14
0.10620903968811035 22
0.11581802368164062 26
0.12531805038452148 32
0.13263988494873047 36
0.14136648178100586 41
0.1497204303741455 46
0.15990185737609863 53
0.16816997528076172 60
0.1775972843170166 66
0.1863560676574707 73
0.19453120231628418 78
0.2070019245147705 88
0.21660780906677246 95
0.22589707374572754 101
0.23456668853759766 109
0.2423710823059082 115
0.2512478828430176 121
0.26131272315979004 129
0.2702598571777344 137
0.27867794036865234 143
0.28798842430114746 150
0.2962963581085205 158
0.3045058250427246 164
0.31412196159362793 172
0.32254505157470703 179
0.3316617012023926 185
0.3399505615234375 192
0.34957432746887207 200
0.3582878112792969 208
0.3680441379547119 214
0.37755441665649414 222
0.38631391525268555 231
0.39455080032348633 238
0.40236949920654297 244
0.4109320640563965 250
0.4209299087524414 259
0.430051326751709 265
0.4383096694946289 274
0.44672322273254395 280
0.45575809478759766 287
0.4649317264556885 295
0.47402453422546387 303
0.48192334175109863 308
0.49073100090026855 316
0.49886107444763184 323
0.5074913501739502 330
0.5173938274383545 338
0.5255880355834961 345
0.5341739654541016 353
0.5419971942901611 358
0.5512590408325195 365
0.5592617988586426 370
0.5683755874633789 376
0.5777974128723145 380
0.5865862369537354 384
0.5946567058563232 387
0.6079151630401611 389
0.6178598403930664 390
0.6262950897216797 390
0.6355066299438477 389
0.6427960395812988 388
0.6522319316864014 386
0.6620466709136963 382
0.6723043918609619 378
0.6804709434509277 374
0.6895613670349121 370
0.697833776473999 366
0.7060441970825195 362
0.7141299247741699 358
0.7241871356964111 354
0.7319979667663574 351
0.7402224540710449 348
0.7483787536621094 345
0.7574748992919922 344
0.7655973434448242 342
0.776242733001709 342
0.7856512069702148 342
0.792851448059082 342
0.8015129566192627 343
0.8095746040344238 345
0.8182127475738525 346
0.8275279998779297 349
0.8356766700744629 351
0.8429231643676758 353
0.8522682189941406 355
0.8626632690429688 357
0.8725643157958984 359
0.8808932304382324 360
0.8897900581359863 361
0.8979697227478027 362
0.9063267707824707 362
0.9153432846069336 362
0.924274206161499 362
0.9321143627166748 361
0.9409232139587402 360
0.9499592781066895 360
0.9581279754638672 358
0.9666032791137695 357
0.976900577545166 356
0.9856922626495361 355
0.9928996562957764 354
1.001469373703003 354
1.0146090984344482 352
1.0224018096923828 352
1.0320427417755127 352
1.0409440994262695 352
1.051880121231079 352
1.0606706142425537 352
1.06884765625 352
1.078704833984375 352
1.0880911350250244 353
1.0962555408477783 353
1.1042799949645996 354
1.1120004653930664 354
1.1203796863555908 354
1.1316583156585693 354
1.1435225009918213 354
1.1563642024993896 354
1.1675214767456055 354
1.1815185546875 354
1.1926510334014893 354
1.2044968605041504 354
1.216799020767212 354
1.2265286445617676 354
1.2370059490203857 354
1.246239423751831 354
1.2544724941253662 354
1.2621731758117676 354
1.2715959548950195 354
1.2813425064086914 354
1.289489507675171 354
1.2976107597351074 354
1.3057870864868164 354
1.3145709037780762 354
1.3223974704742432 354
1.331974744796753 354
1.3401668071746826 354
1.3495991230010986 354
1.3577892780303955 354
1.3667097091674805 354
1.3762447834014893 354
1.386314868927002 354
1.3944318294525146 354
1.4021599292755127 354
1.4159412384033203 354
1.4240391254425049 354
1.4326372146606445 354
1.4412918090820312 354
1.4498322010040283 354
1.458434820175171 353
1.4667391777038574 353
1.4759418964385986 352
1.4858198165893555 352
1.4935340881347656 352
1.5015876293182373 351
1.5098857879638672 351
1.518448829650879 351
1.5267434120178223 350
1.5360023975372314 350
1.5440335273742676 350
1.552764654159546 350
1.561274766921997 350
1.5703022480010986 350
1.5794832706451416 351
1.5885646343231201 351
1.5968735218048096 351
1.605217695236206 351
1.6129019260406494 351
1.6214807033538818 350
1.6297314167022705 350
1.6385455131530762 350
1.6474506855010986 350
1.6555814743041992 350
1.6627388000488281 351
1.6721031665802002 351
1.6808156967163086 351
1.6902217864990234 351
1.6983692646026611 350
1.7068347930908203 350
1.7157747745513916 350
1.7229328155517578 350
1.7314553260803223 350
1.740431308746338 350
1.7488484382629395 350
1.7577972412109375 350
1.766019582748413 350
1.7756457328796387 350
1.7842271327972412 350
1.7927143573760986 350
1.801227331161499 350
1.8141047954559326 350
1.821899175643921 350
1.8302009105682373 350
1.8395617008209229 350
1.848773717880249 350
1.857339859008789 350
1.8661372661590576 350
1.87666654586792 350
1.8863344192504883 350
1.8957750797271729 350
1.9029278755187988 350
1.9119198322296143 350
1.9201419353485107 350
1.928436040878296 350
1.936760663986206 350
1.9467592239379883 350
1.9549005031585693 349
1.9628913402557373 349
1.972254753112793 348
1.9812757968902588 348
1.9902548789978027 348
1.9984056949615479 348
2.0081114768981934 347
2.0173401832580566 347
2.025480270385742 346
2.032658338546753 346
2.042684316635132 346
2.051349639892578 346
2.0593204498291016 346
2.068140745162964 346
2.077840566635132 346
2.085968494415283 347
2.095520496368408 347
2.102720022201538 347
2.112062454223633 347
2.120237112045288 347
2.128384590148926 347
2.136713981628418 347
2.146329164505005 347
2.1544229984283447 347
2.162097215652466 347
2.1763389110565186 347
2.1855826377868652 347
2.194403648376465 347
2.2027246952056885 347
2.216129779815674 347
2.2241768836975098 347
2.2335152626037598 347
2.2422797679901123 347
2.2515153884887695 347
2.2595770359039307 347
2.267778158187866 347
2.2777297496795654 347
2.2868285179138184 347
2.297654867172241 347
2.3058271408081055 347
2.314424991607666 347
2.3220951557159424 347
2.330413818359375 347
2.3385722637176514 346
2.348670244216919 346
2.3573687076568604 346
2.365525007247925 346
2.3749406337738037 346
2.3824045658111572 346
2.3906500339508057 346
2.3998923301696777 345
2.4087421894073486 345
2.417332410812378 345
2.4254674911499023 344
2.432642936706543 344
2.4415907859802246 344
2.450683832168579 344
2.4586803913116455 344
2.4673848152160645 344
2.4777932167053223 344
2.486076593399048 344
2.494131088256836 343
2.5026297569274902 343
2.511803388595581 343
2.519927978515625 343
2.5282092094421387 343
2.5365090370178223 343
2.5455031394958496 343
2.554412364959717 343
2.5620415210723877 343
2.5714335441589355 343
2.580779552459717 343
2.5888662338256836 343
2.5974297523498535 343
2.606940269470215 343
2.6188368797302246 343
2.627470016479492 343
2.6357133388519287 343
2.6444406509399414 343
2.6535444259643555 343
2.6616086959838867 343
2.6703951358795166 343
2.679487466812134 343
2.6881535053253174 343
2.696295738220215 343
2.7062058448791504 343
2.7142653465270996 343
2.7219152450561523 343
2.730104446411133 343
2.738886594772339 343
2.7475173473358154 343
2.756608724594116 343
2.7645487785339355 343
2.7754786014556885 343
2.7836086750030518 343
2.791720151901245 343
2.80126953125 343
2.8108232021331787 343
2.8188812732696533 343
2.8275551795959473 343
2.835684061050415 343
2.8442463874816895 343
2.852792263031006 342
2.862112045288086 342
2.8714330196380615 342
2.8796770572662354 342
2.888374090194702 342
2.8966832160949707 341
2.9060516357421875 341
2.914139747619629 341
2.921783447265625 340
2.929949998855591 340
2.93853497505188 340
2.947293996810913 340
2.9561288356781006 340
2.964285135269165 340
2.972712278366089 340
2.981302499771118 340
2.989957571029663 340
2.9981236457824707 340
3.0081818103790283 340
3.0203423500061035 340
3.029442071914673 341
3.038350820541382 341
3.0466806888580322 340
3.0545735359191895 340
3.062971591949463 340
3.0728070735931396 340
3.08134388923645 340
3.089327812194824 340
3.0976054668426514 340
3.106520175933838 340
3.115804433822632 340
3.122969150543213 340
3.1316583156585693 340
3.1405019760131836 340
3.148578643798828 340
3.156961441040039 340
3.1715240478515625 340
3.179593563079834 340
3.1879723072052 340
3.196099281311035 340
3.205498695373535 340
3.217636823654175 340
3.228884220123291 340
3.2425811290740967 340
3.2544898986816406 340
3.2688112258911133 339
3.2806358337402344 338
3.2903640270233154 338
3.3063464164733887 338
3.3176920413970947 337
3.3262131214141846 337
3.3352346420288086 337
3.342484474182129 336
3.3522284030914307 336
3.361496686935425 336
3.3722550868988037 336
3.3804264068603516 336
3.388620138168335 337
3.397808074951172 337
3.4065821170806885 337
3.4195849895477295 337
3.428098440170288 337
3.4368531703948975 337
3.4449756145477295 337
3.452420234680176 337
3.4606807231903076 337
3.4716105461120605 337
3.4797592163085938 337
3.488088846206665 337
3.49630069732666 337
3.506024122238159 337
3.5140771865844727 337
3.5226633548736572 337
3.5313596725463867 337
3.53971791267395 337
3.5480520725250244 337
3.5562028884887695 337
3.5642638206481934 337
3.5749692916870117 337
3.58243465423584 337
3.590656280517578 337
3.598676919937134 337
3.60792875289917 337
3.6161324977874756 337
3.6255409717559814 337
3.6341679096221924 337
3.6418750286102295 337
3.6500422954559326 337
3.6582977771759033 337
3.6676905155181885 337
3.6777782440185547 337
3.6859614849090576 337
3.6940557956695557 337
3.7021708488464355 337
3.710918664932251 337
3.718895196914673 337
3.728367805480957 337
3.7375333309173584 336
3.7456812858581543 336
3.752908945083618 336
3.7614214420318604 336
3.776298999786377 336
3.7924280166625977 335
3.8109545707702637 334
3.8377652168273926 333
3.854342460632324 332
3.875741481781006 332
3.8955941200256348 332
3.912893533706665 332
3.9318296909332275 332
3.9494879245758057 332
3.96822190284729 332
3.9866952896118164 332
4.00635027885437 332
4.026799201965332 332
4.042825222015381 332
4.062158584594727 332
4.080158233642578 332
4.088608980178833 332
4.097883701324463 332
4.106334447860718 332
4.115615606307983 332
4.122806549072266 332
4.13290548324585 332
4.141436815261841 332
4.1496827602386475 332
4.1578147411346436 332
4.166258335113525 332
4.1828906536102295 332
4.1955554485321045 332
4.20415472984314 332
4.216604471206665 332
4.2245941162109375 332
4.237234592437744 332
4.245647430419922 332
4.252837181091309 332
4.261392593383789 332
4.271402359008789 332
4.279447793960571 332
4.29003119468689 332
4.298813343048096 332
4.3074657917022705 332
4.316039800643921 332
4.324093341827393 332
4.33405613899231 332
4.341773986816406 332
4.349958419799805 332
4.358134984970093 332
4.367311000823975 332
4.376307964324951 332
4.385915994644165 331
4.393995046615601 331
4.402217864990234 331
4.410502910614014 330
4.418619155883789 330
4.427667617797852 330
4.437768220901489 330
4.446089506149292 329
4.455503463745117 329
4.46419358253479 329
4.472531318664551 329
4.480814218521118 329
4.490029573440552 328
4.498560428619385 328
4.507238864898682 328
4.51541543006897 328
4.522646903991699 328
4.53181266784668 328
4.5409204959869385 328
4.548851251602173 328
4.557425498962402 328
4.566150665283203 328
4.575490713119507 328
4.582683563232422 328
4.592006206512451 328
4.600805997848511 328
4.6088175773620605 328
4.620650291442871 328
4.6303346157073975 328
4.63974404335022 328
4.64807653427124 328
4.65627908706665 328
4.6653923988342285 328
4.6740899085998535 328
4.681814193725586 328
4.690956115722656 328
4.699793338775635 328
4.708033323287964 328
4.71620512008667 328
4.72427773475647 328
4.732455015182495 328
4.741830110549927 328
4.750118017196655 328
4.758263826370239 328
4.76733660697937 328
4.77700400352478 328
4.785354852676392 328
4.795488119125366 328
4.805826902389526 328
4.813531160354614 328
4.821626424789429 328
4.831306219100952 328
4.840155124664307 328
4.848398447036743 328
4.856724739074707 328
4.865611791610718 328
4.8743109703063965 328
4.881990432739258 328
4.891364812850952 328
4.900191783905029 327
4.908411026000977 327
4.916731357574463 326
4.925609827041626 326
4.934542179107666 326
4.942962169647217 326
4.9514923095703125 326
4.960351228713989 325
4.968648195266724 325
4.977840423583984 325
4.986155986785889 325
4.995906114578247 325
