0 0
0.013957500457763672 0
0.041821956634521484 0
0.053516387939453125 0
0.07327461242675781 1
0.09014010429382324 7
0.10501265525817871 12
0.11354851722717285 16
0.12298178672790527 20
0.13165616989135742 25
0.1396043300628662 30
0.14848566055297852 35
0.15767621994018555 41
0.16693377494812012 46
0.1754922866821289 53
0.18405365943908691 59
0.19267487525939941 64
0.20069527626037598 70
0.20982027053833008 77
0.2193896770477295 83
0.22785449028015137 90
0.23653531074523926 96
0.24510931968688965 103
0.2546370029449463 110
0.263869047164917 118
0.27385377883911133 126
0.2899339199066162 140
0.30395960807800293 150
0.3186149597167969 161
0.3315920829772949 172
0.3429908752441406 182
0.35791850090026855 193
0.3695495128631592 203
0.37890100479125977 210
0.387298583984375 218
0.3960909843444824 224
0.4050588607788086 231
0.41480445861816406 239
0.4250788688659668 248
0.43350791931152344 256
0.4418673515319824 262
0.44977378845214844 269
0.4597022533416748 278
0.46851086616516113 284
0.47771430015563965 292
0.4860656261444092 299
0.4954490661621094 306
0.5039582252502441 314
0.5133662223815918 322
0.5231623649597168 327
0.5314228534698486 334
0.5394611358642578 337
0.5478622913360596 342
0.5571079254150391 345
0.5664620399475098 349
0.5749013423919678 351
0.583808183670044 353
0.5924980640411377 354
0.5998642444610596 355
0.6085608005523682 356
0.6194839477539062 356
0.6278519630432129 357
0.6360347270965576 357
0.6446890830993652 358
0.6535224914550781 358
0.6631214618682861 358
0.6713161468505859 357
0.6796169281005859 357
0.6933929920196533 358
0.7016110420227051 358
0.7095377445220947 358
0.7252428531646729 358
0.733497142791748 358
0.7417616844177246 358
0.7500503063201904 359
0.7607481479644775 359
0.7697439193725586 359
0.7785224914550781 359
0.7877039909362793 358
0.7960567474365234 358
0.8046605587005615 358
0.8151187896728516 359
0.8256499767303467 359
0.8345685005187988 359
0.8427577018737793 359
0.8514947891235352 359
0.8592958450317383 359
0.8687171936035156 359
0.8781096935272217 359
0.8869709968566895 359
0.8953769207000732 359
0.9037795066833496 359
0.9117958545684814 359
0.9228723049163818 359
0.9301800727844238 359
0.938835620880127 359
0.9474425315856934 359
0.9558882713317871 359
0.9645683765411377 359
0.9738531112670898 359
0.9829757213592529 359
0.9907059669494629 359
0.9989290237426758 359
1.0072622299194336 359
1.0184597969055176 359
1.02653169631958 359
1.034947395324707 359
1.0432345867156982 359
1.0524888038635254 359
1.0598080158233643 359
1.0692565441131592 359
1.077660322189331 359
1.0917463302612305 359
1.099675178527832 359
1.1084516048431396 359
1.1191556453704834 359
1.1274747848510742 359
1.135894775390625 359
1.1446397304534912 359
1.1535067558288574 359
1.1617074012756348 359
1.1711831092834473 359
1.179577112197876 359
1.1881015300750732 359
1.1974120140075684 359
1.205594778060913 359
1.2140634059906006 359
1.2245233058929443 359
1.2327797412872314 359
1.2400922775268555 358
1.2487249374389648 358
1.257279634475708 358
1.26548433303833 358
1.275428056716919 358
1.283872365951538 358
1.292083740234375 358
1.3000855445861816 358
1.3092992305755615 358
1.3194901943206787 358
1.3289270401000977 358
1.337160587310791 358
1.3456764221191406 358
1.3540923595428467 358
1.3625919818878174 358
1.3699522018432617 358
1.3798913955688477 358
1.3913350105285645 358
1.3996729850769043 358
1.4087834358215332 358
1.417844533920288 358
1.427217960357666 358
1.4355599880218506 358
1.444967269897461 358
1.4532148838043213 358
1.4613549709320068 358
1.4691166877746582 358
1.4793331623077393 358
1.4925739765167236 358
1.5018634796142578 358
1.5097360610961914 358
1.5192899703979492 358
1.528778076171875 358
1.5374035835266113 358
1.5456180572509766 358
1.5541877746582031 358
1.5626788139343262 358
1.5714855194091797 358
1.5801808834075928 358
1.5888943672180176 358
1.5970773696899414 358
1.606205940246582 358
1.6150014400482178 358
1.6240227222442627 358
1.6340570449829102 358
1.6425936222076416 358
1.6499121189117432 358
1.658539056777954 358
1.6674590110778809 358
1.6759040355682373 358
1.6853406429290771 358
1.71915602684021 358
1.758530616760254 358
1.7774417400360107 358
1.7933323383331299 358
1.8028252124786377 358
1.813051700592041 358
1.8218073844909668 358
1.8315389156341553 358
1.8395159244537354 358
1.847731590270996 358
1.8560590744018555 358
1.865189552307129 358
1.8776471614837646 358
1.8913064002990723 358
1.8997421264648438 358
1.909022331237793 358
1.9187073707580566 358
1.926914930343628 358
1.9366683959960938 358
1.944990873336792 358
1.9532551765441895 358
1.9614336490631104 358
1.9699695110321045 358
1.9787404537200928 358
1.987865924835205 358
1.9971518516540527 358
2.007094383239746 358
2.015354871749878 358
2.0247061252593994 358
2.035024642944336 358
2.0432775020599365 358
2.0514509677886963 358
2.0598459243774414 358
2.068480968475342 358
2.0770466327667236 358
2.086928606033325 358
2.096005439758301 358
2.1046485900878906 358
2.1133527755737305 358
2.1231794357299805 358
2.1313469409942627 358
2.1399459838867188 358
2.1486475467681885 358
2.159510374069214 358
2.167833089828491 358
2.175938129425049 358
2.185041904449463 358
2.194831609725952 358
2.203056812286377 358
2.2112228870391846 358
2.221729040145874 358
2.2296693325042725 358
2.239161252975464 358
2.247440814971924 358
2.2561211585998535 358
2.264798164367676 358
2.273160219192505 358
2.2813150882720947 358
2.2952487468719482 358
2.303776741027832 358
2.31182861328125 358
2.323516845703125 357
2.331777334213257 357
2.3416616916656494 357
2.3494479656219482 357
2.3618643283843994 356
2.3730931282043457 357
2.384826421737671 357
2.3981001377105713 357
2.409071445465088 357
2.424024820327759 356
2.435154914855957 356
2.447510004043579 356
2.456904888153076 357
2.465259313583374 357
2.474045753479004 357
2.483147144317627 357
2.492950439453125 356
2.5012123584747314 356
2.509077310562134 356
2.518686532974243 356
2.527545213699341 357
2.535740613937378 357
2.5453028678894043 357
2.5546188354492188 357
2.5628747940063477 356
2.5707528591156006 356
2.5792288780212402 356
2.588470220565796 357
2.5987303256988525 357
2.607029914855957 357
2.615429639816284 357
2.626042127609253 356
2.6348156929016113 356
2.6431119441986084 356
2.6538121700286865 356
2.6618294715881348 356
2.6695902347564697 356
2.677963972091675 356
2.6914055347442627 356
2.701205015182495 356
2.709185838699341 356
2.7227492332458496 356
2.7316219806671143 356
2.739400863647461 356
2.7489430904388428 356
2.7578985691070557 356
2.766029119491577 356
2.775709390640259 356
2.785888195037842 356
2.794832468032837 355
2.803975820541382 355
2.812633752822876 355
2.823014259338379 356
2.8312857151031494 356
2.8401389122009277 356
2.849607229232788 356
2.85862398147583 355
2.8669426441192627 355
2.875757932662964 356
2.8844776153564453 356
2.893458604812622 356
2.902858018875122 356
2.9101672172546387 355
2.9200167655944824 355
2.928680896759033 356
2.93711256980896 356
2.9453635215759277 356
2.9561285972595215 356
2.964733839035034 355
2.9730422496795654 355
2.9812331199645996 355
2.9896860122680664 356
2.9986257553100586 356
3.0079731941223145 356
3.0165019035339355 356
3.0259218215942383 355
3.035090684890747 355
3.043417453765869 355
3.053339958190918 356
3.0616297721862793 356
3.0697667598724365 356
3.078484296798706 356
3.0871894359588623 355
3.099142074584961 355
3.1087284088134766 355
3.1184065341949463 355
3.126497268676758 355
3.1349639892578125 355
3.1438815593719482 355
3.152575969696045 355
3.1616339683532715 355
3.1694371700286865 355
3.1780991554260254 355
3.1870744228363037 355
3.1953353881835938 354
3.204869270324707 354
3.2131574153900146 354
3.222423791885376 354
3.229728937149048 354
3.239375352859497 354
3.2476322650909424 354
3.2577147483825684 354
3.267237663269043 354
3.2764406204223633 354
3.286736249923706 354
3.2955667972564697 354
3.3040034770965576 354
3.3133676052093506 354
3.323496103286743 354
3.3317103385925293 354
3.3395445346832275 354
3.351797580718994 354
3.3614227771759033 354
3.3692359924316406 354
3.3775546550750732 354
3.38653302192688 354
3.3950767517089844 354
3.403338670730591 354
3.4133570194244385 354
3.423497438430786 354
3.431689500808716 354
3.447443723678589 354
3.456073522567749 354
3.4659087657928467 354
3.4747557640075684 354
3.4834718704223633 354
3.495720624923706 354
3.5045385360717773 354
3.5145201683044434 354
3.5240139961242676 354
3.533202886581421 354
3.5413382053375244 354
3.5500612258911133 354
3.5588371753692627 354
3.567960739135742 354
3.5760858058929443 354
3.585378646850586 354
3.5939056873321533 354
3.602133274078369 354
3.6097233295440674 354
3.6199734210968018 354
3.6286401748657227 354
3.636897563934326 354
3.645692825317383 354
3.6550393104553223 354
3.6645123958587646 354
3.672776699066162 354
3.68161678314209 354
3.6894290447235107 354
3.69771671295166 354
3.7059271335601807 354
3.7165164947509766 354
3.7254860401153564 354
3.734018087387085 354
3.7424733638763428 354
3.7517218589782715 354
3.7595467567443848 354
3.769118070602417 354
3.77812123298645 354
3.7866861820220947 354
3.795011520385742 354
3.803274393081665 354
3.8125576972961426 354
3.8222055435180664 354
3.8297595977783203 354
3.838658332824707 354
3.8475494384765625 354
3.8576464653015137 354
3.867218255996704 354
3.8754513263702393 354
3.8846635818481445 354
3.8966825008392334 354
3.905123472213745 354
3.914710521697998 354
3.9248921871185303 354
3.933138132095337 354
3.94136643409729 354
3.949549436569214 354
3.9588394165039062 354
3.9679112434387207 354
3.9771642684936523 354
3.985412359237671 354
3.9938104152679443 354
4.002131700515747 354
4.01012396812439 354
4.020747184753418 354
4.0289905071258545 354
4.037246227264404 354
4.046117544174194 354
4.054738521575928 354
4.063005685806274 354
4.072452545166016 354
4.081242799758911 354
4.089143753051758 354
4.097465515136719 354
4.105701684951782 354
4.114897966384888 354
4.125123739242554 354
4.133516311645508 354
4.142459392547607 354
4.14980149269104 354
4.15844988822937 354
4.167173147201538 354
4.177277326583862 354
4.185543537139893 354
4.194085359573364 354
4.202605247497559 354
4.211339473724365 354
4.219931602478027 354
4.229310512542725 354
4.237597227096558 354
4.246041297912598 354
4.254807472229004 354
4.26370906829834 354
4.273075103759766 354
4.281799554824829 354
4.289629220962524 354
4.302727460861206 354
4.311403751373291 354
4.321404457092285 354
4.330077409744263 354
4.338724374771118 354
4.347588777542114 354
4.355952262878418 354
4.366084337234497 354
4.37760066986084 354
4.387232780456543 353
4.395525693893433 353
4.404148101806641 352
4.4131200313568115 352
4.422589540481567 352
4.4315173625946045 353
4.445068597793579 353
4.456791877746582 353
4.46886134147644 352
4.48312783241272 352
4.4949493408203125 352
4.50693941116333 352
4.519143581390381 352
4.531517028808594 352
4.539924383163452 352
4.548580646514893 352
4.557021856307983 352
4.565448760986328 352
4.5745697021484375 352
4.583776473999023 352
4.592096567153931 352
4.599689722061157 352
4.60911226272583 352
4.6186840534210205 352
4.626931190490723 352
4.635958433151245 352
4.644975662231445 352
4.653270721435547 352
4.661479473114014 352
4.669301509857178 352
4.6792614459991455 352
4.687594175338745 352
4.699743032455444 352
4.709374666213989 352
4.725414276123047 352
4.735241651535034 352
4.74465274810791 352
4.753068923950195 352
4.761724233627319 352
4.769525051116943 352
4.781338691711426 352
4.789117813110352 352
4.7976415157318115 352
4.807157039642334 352
4.815439462661743 352
4.824892282485962 352
4.835002660751343 352
4.8454201221466064 352
4.854001522064209 352
4.862465143203735 352
4.86981987953186 352
4.879323482513428 352
4.88898229598999 352
4.897335052490234 352
4.906149625778198 352
4.9149627685546875 352
4.923927307128906 352
4.932129621505737 352
4.941830158233643 352
4.949959993362427 352
4.9587061405181885 352
4.966979503631592 352
4.975985527038574 352
4.985410213470459 352
4.993814706802368 352
