0 0
0.013078927993774414 0
0.03072977066040039 0
0.050095558166503906 1
0.06459808349609375 4
0.08722066879272461 14
0.10703682899475098 24
0.11865115165710449 29
0.12703609466552734 35
0.13589072227478027 40
0.14512872695922852 46
0.15464329719543457 52
0.16467070579528809 58
0.17414450645446777 66
0.1815640926361084 71
0.19033432006835938 77
0.19987010955810547 84
0.20878314971923828 92
0.21841216087341309 98
0.22683024406433105 104
0.2361280918121338 112
0.24514484405517578 120
0.253584623336792 126
0.26125669479370117 134
0.27091193199157715 140
0.2802867889404297 146
0.28876233100891113 154
0.3001081943511963 162
0.3093390464782715 170
0.3195369243621826 179
0.32811927795410156 185
0.3366260528564453 192
0.3455169200897217 200
0.35451507568359375 208
0.3661491870880127 216
0.37540435791015625 224
0.38404226303100586 231
0.39148592948913574 238
0.4010920524597168 246
0.4131503105163574 258
0.4241924285888672 264
0.43151021003723145 270
0.44087815284729004 276
0.44931626319885254 284
0.4575808048248291 289
0.467038631439209 296
0.47658824920654297 301
0.49677181243896484 312
0.5208666324615479 320
0.5387790203094482 324
0.5608634948730469 328
0.5793323516845703 335
0.5988123416900635 340
0.6243085861206055 344
0.6349549293518066 344
0.6442732810974121 344
0.6515905857086182 344
0.6603915691375732 345
0.6703433990478516 346
0.6787300109863281 348
0.6973793506622314 350
0.7143731117248535 350
0.7240021228790283 351
0.7327396869659424 351
0.7411494255065918 352
0.7508678436279297 352
0.7592790126800537 353
0.7675034999847412 354
0.7781662940979004 354
0.7865540981292725 354
0.7949512004852295 354
0.8045032024383545 354
0.8128254413604736 355
0.820775032043457 356
0.8306894302368164 356
0.840059757232666 356
0.848369836807251 356
0.8566877841949463 356
0.8649256229400635 356
0.8748269081115723 357
0.8868904113769531 357
0.8958745002746582 358
0.9060873985290527 357
0.9206016063690186 357
0.9475970268249512 359
0.9647228717803955 361
0.9851267337799072 361
1.0069432258605957 358
1.0267398357391357 357
1.0485432147979736 358
1.0569431781768799 358
1.065399169921875 359
1.0746886730194092 359
1.0842018127441406 359
1.091531753540039 359
1.1015372276306152 358
1.112894058227539 358
1.1206846237182617 358
1.130145788192749 359
1.1393771171569824 359
1.1474826335906982 359
1.1561017036437988 358
1.1647753715515137 358
1.175015926361084 358
1.1845786571502686 359
1.1928110122680664 359
1.2027826309204102 359
1.210606336593628 359
1.218961477279663 358
1.2358994483947754 359
1.2447788715362549 360
1.2530272006988525 360
1.2609844207763672 360
1.2701902389526367 360
1.278433084487915 359
1.2944371700286865 359
1.3049380779266357 359
1.313171148300171 359
1.321209192276001 359
1.3299307823181152 359
1.3394196033477783 359
1.3495924472808838 359
1.3579607009887695 358
1.366981029510498 358
1.3759403228759766 359
1.3852405548095703 359
1.3935019969940186 359
1.4027893543243408 359
1.410557508468628 358
1.418910026550293 358
1.4271793365478516 358
1.4369726181030273 359
1.4462759494781494 359
1.4545068740844727 359
1.4627175331115723 359
1.4710888862609863 358
1.4794492721557617 358
1.4888715744018555 359
1.4974710941314697 359
1.5073235034942627 359
1.516007661819458 358
1.5243213176727295 358
1.533168077468872 358
1.5422227382659912 358
1.550870656967163 358
1.5603413581848145 359
1.5801129341125488 359
1.5939319133758545 358
1.6065583229064941 358
1.618211030960083 358
1.6300203800201416 358
1.6514229774475098 357
1.6812515258789062 358
1.7076139450073242 358
1.7305331230163574 358
1.747178554534912 357
1.7653238773345947 357
1.7899549007415771 358
1.8143346309661865 357
1.8232743740081787 357
1.8316006660461426 356
1.841306209564209 357
1.8530080318450928 357
1.8609819412231445 358
1.8701481819152832 358
1.8784022331237793 357
1.886730670928955 357
1.896669626235962 357
1.9067676067352295 358
1.9156060218811035 358
1.9241185188293457 358
1.932861566543579 358
1.9407198429107666 357
1.9502043724060059 357
1.9589998722076416 357
1.9679620265960693 357
1.9765465259552002 358
1.9848849773406982 358
1.9943702220916748 357
2.005955457687378 357
2.0263893604278564 358
2.0472352504730225 358
2.0661468505859375 358
2.086578845977783 358
2.11086106300354 357
2.1305489540100098 356
2.1512110233306885 356
2.160026788711548 357
2.1695659160614014 357
2.1781458854675293 357
2.186582326889038 357
2.204570770263672 356
2.2147014141082764 356
2.2308075428009033 356
2.2391629219055176 356
2.2487752437591553 356
2.2569994926452637 356
2.2679507732391357 356
2.27646803855896 356
2.2847206592559814 356
2.310410261154175 356
2.3255279064178467 356
2.348363161087036 356
2.369457244873047 356
2.3888797760009766 356
2.414041519165039 356
2.4355762004852295 356
2.450511932373047 356
2.4608664512634277 356
2.4700496196746826 356
2.486036777496338 356
2.5100207328796387 356
2.518592596054077 356
2.527404308319092 356
2.536066770553589 356
2.5443003177642822 356
2.5516364574432373 356
2.5639164447784424 356
2.572110891342163 356
2.5805554389953613 356
2.5888240337371826 356
2.597449541091919 356
2.6073148250579834 356
2.616136074066162 356
2.624385118484497 356
2.6331369876861572 356
2.641155958175659 356
2.6495349407196045 356
2.6595780849456787 356
2.6676297187805176 356
2.6768269538879395 356
2.685213804244995 356
2.694493532180786 356
2.7079551219940186 356
2.7164547443389893 356
2.725419044494629 356
2.733849048614502 356
2.741171360015869 356
2.7499654293060303 356
2.7621662616729736 356
2.7704293727874756 356
2.778987169265747 356
2.7872314453125 356
2.7965872287750244 356
2.8055779933929443 356
2.8163561820983887 356
2.8255157470703125 356
2.83398699760437 356
2.841277599334717 356
2.8499791622161865 356
2.8589396476745605 356
2.868340253829956 356
2.8773515224456787 356
2.886005401611328 356
2.8994007110595703 356
2.90761399269104 356
2.917245626449585 356
2.9263389110565186 356
2.93476939201355 356
2.942943811416626 356
2.9507429599761963 356
2.960113763809204 356
2.9691569805145264 356
2.977365016937256 356
2.986009120941162 356
2.9948830604553223 356
3.0044538974761963 356
3.013556480407715 356
3.021162986755371 356
3.0303781032562256 356
3.038658857345581 356
3.046950101852417 356
3.0555062294006348 356
3.065507411956787 356
3.0740416049957275 356
3.0813546180725098 356
3.0905656814575195 356
3.100098133087158 356
3.108325481414795 356
3.1175131797790527 356
3.1264522075653076 356
3.1348466873168945 356
3.143049478530884 356
3.150858163833618 356
3.16001296043396 356
3.1690940856933594 356
3.1780779361724854 356
3.1863880157470703 356
3.195432424545288 356
3.2047524452209473 356
3.212944746017456 356
3.221550941467285 356
3.2305564880371094 356
3.238957166671753 356
3.2471954822540283 356
3.2564618587493896 356
3.2648801803588867 356
3.2744553089141846 356
3.2826321125030518 356
3.291443347930908 356
3.306185722351074 356
3.314544677734375 356
3.3254940509796143 356
3.335376024246216 356
3.3442471027374268 356
3.353015184402466 356
3.3614563941955566 356
3.371206045150757 356
3.379897356033325 356
3.3890585899353027 356
3.3976187705993652 356
3.406904697418213 356
3.415409803390503 356
3.4255568981170654 356
3.434054374694824 356
3.4413838386535645 356
3.450080156326294 356
3.458840847015381 356
3.4671103954315186 356
3.476712703704834 356
3.4849796295166016 356
3.4947924613952637 355
3.504094362258911 355
3.511409044265747 355
3.521418809890747 355
3.5302107334136963 355
3.5387444496154785 354
3.547046661376953 354
3.5562291145324707 355
3.564584493637085 355
3.574037551879883 355
3.5813751220703125 355
3.590742588043213 354
3.60031795501709 354
3.6086056232452393 354
3.6168482303619385 354
3.6266770362854004 354
3.6349685192108154 354
3.6431548595428467 354
3.650968074798584 354
3.66353178024292 355
3.6760191917419434 355
3.6875014305114746 354
3.7107248306274414 353
3.7239010334014893 352
3.7366859912872314 352
3.7475783824920654 353
3.7569994926452637 353
3.7654573917388916 353
3.774066925048828 353
3.7831966876983643 352
3.791527271270752 352
3.8010990619659424 352
3.809556484222412 353
3.817944049835205 353
3.8279612064361572 352
3.83752703666687 352
3.846184492111206 352
3.8547651767730713 352
3.8630058765411377 352
3.87078595161438 352
3.8802695274353027 352
3.8961293697357178 352
3.905911445617676 352
3.914341688156128 352
3.92293381690979 352
3.9314522743225098 352
3.940138816833496 352
3.9483838081359863 352
3.957432985305786 352
3.966081380844116 352
3.9744129180908203 352
3.9838802814483643 352
3.992644786834717 352
4.0011818408966064 352
4.010341167449951 352
4.0193772315979 352
4.027472972869873 352
4.036941766738892 352
4.0454816818237305 352
4.054674863815308 352
4.062872886657715 352
4.070697784423828 352
4.079113483428955 352
4.088984251022339 352
4.102168083190918 352
4.11098837852478 352
4.120411396026611 352
4.128830909729004 352
4.138564586639404 352
4.146825790405273 352
4.156038284301758 352
4.164279460906982 352
4.172152757644653 352
4.180544137954712 352
4.190404415130615 352
4.199873208999634 352
4.208651065826416 352
4.217560291290283 352
4.226179838180542 352
4.235373020172119 352
4.24388575553894 352
4.251582860946655 352
4.260426998138428 352
4.268780708312988 352
4.277036905288696 352
4.286924839019775 352
4.2953572273254395 352
4.305565357208252 352
4.31475043296814 352
4.323891878128052 352
4.331261157989502 352
4.3408203125 352
4.353613376617432 352
4.3612060546875 352
4.3698883056640625 352
4.378237724304199 352
4.387892246246338 352
4.396368741989136 352
4.405472993850708 352
4.414399147033691 352
4.4230797290802 352
4.430880546569824 352
4.44057559967041 352
4.449596643447876 352
4.458072185516357 352
4.466395854949951 352
4.474649667739868 352
4.483602523803711 352
4.492830276489258 352
4.506259918212891 352
4.5153844356536865 351
4.524097204208374 351
4.5314764976501465 351
4.540921688079834 352
4.549975633621216 352
4.558517217636108 352
4.566947937011719 351
4.575377702713013 351
4.5844621658325195 351
4.593968868255615 351
4.602747440338135 351
4.610511302947998 351
4.619885683059692 352
4.628140926361084 352
4.636533498764038 351
4.646103620529175 350
4.655219554901123 350
4.663300514221191 351
4.67111611366272 352
4.679981470108032 352
4.688973426818848 351
4.707006454467773 350
4.716581583023071 350
4.725210189819336 350
4.733250856399536 350
4.7428505420684814 350
4.751327037811279 350
4.76105809211731 350
4.76940655708313 350
4.777605056762695 350
4.786765098571777 350
4.796411991119385 350
4.805380821228027 350
4.815262794494629 350
4.825342416763306 350
4.833630323410034 350
4.841200351715088 350
4.851228475570679 350
4.860217571258545 350
4.86844539642334 350
4.876745700836182 350
4.885938882827759 350
4.894974231719971 350
4.908190965652466 350
4.9171507358551025 350
4.926473379135132 350
4.938527822494507 350
4.948340654373169 350
4.9567625522613525 350
4.9652321338653564 350
4.973253011703491 350
4.982212066650391 350
4.990410566329956 350
