0 0
0.01650547981262207 0
0.03617215156555176 0
0.057665109634399414 3
0.08011388778686523 9
0.10333681106567383 20
0.11550354957580566 28
0.12758684158325195 34
0.13633084297180176 38
0.14487719535827637 44
0.15322327613830566 50
0.161668062210083 56
0.17132186889648438 62
0.1801283359527588 68
0.1891634464263916 76
0.19824433326721191 81
0.20691585540771484 86
0.2155444622039795 94
0.22489500045776367 101
0.234083890914917 106
0.24156522750854492 112
0.2503528594970703 117
0.2592642307281494 123
0.26775383949279785 128
0.27729201316833496 134
0.2861957550048828 138
0.2962977886199951 143
0.30469179153442383 148
0.31288981437683105 153
0.3216564655303955 158
0.33129143714904785 164
0.3400723934173584 169
0.34834742546081543 172
0.3568441867828369 176
0.3660855293273926 180
0.37660884857177734 185
0.38535547256469727 190
0.39551401138305664 194
0.4041316509246826 197
0.41156816482543945 201
0.42077064514160156 204
0.43103623390197754 208
0.4395630359649658 212
0.4528956413269043 218
0.46149539947509766 222
0.47037434577941895 224
0.4795644283294678 228
0.4901089668273926 230
0.4992365837097168 232
0.5076882839202881 235
0.5164189338684082 238
0.5263855457305908 242
0.5347099304199219 244
0.543074369430542 246
0.5510201454162598 248
0.560582160949707 252
0.5690357685089111 255
0.5808961391448975 257
0.5908794403076172 259
0.5993914604187012 260
0.6076295375823975 262
0.6164414882659912 265
0.6270647048950195 268
0.6357605457305908 269
0.6442687511444092 270
0.6516754627227783 272
0.6611382961273193 274
0.6696748733520508 277
0.6791019439697266 280
0.6880884170532227 281
0.6976222991943359 282
0.706341028213501 283
0.7147431373596191 284
0.7236990928649902 287
0.7330911159515381 290
0.7410049438476562 292
0.7497262954711914 294
0.7586944103240967 295
0.7670681476593018 296
0.7755415439605713 298
0.7849464416503906 300
0.7943167686462402 302
0.8017368316650391 303
0.8106865882873535 304
0.819136381149292 304
0.8286423683166504 305
0.838019609451294 306
0.8507792949676514 309
0.860152006149292 312
0.8689002990722656 312
0.8773593902587891 313
0.8869104385375977 313
0.8963751792907715 314
0.9046876430511475 315
0.9128906726837158 316
0.9208004474639893 317
0.9300453662872314 318
0.9391775131225586 318
0.9477279186248779 319
0.9570262432098389 320
0.9654927253723145 321
0.9740123748779297 322
0.9830620288848877 322
0.9931824207305908 322
1.00113844871521 322
1.0096681118011475 322
1.0180938243865967 324
1.0277729034423828 326
1.0372750759124756 328
1.0463404655456543 328
1.0554966926574707 328
1.06412935256958 329
1.0714683532714844 330
1.0802667140960693 330
1.0923662185668945 330
1.1005916595458984 330
1.1090903282165527 330
1.1173746585845947 332
1.1268467903137207 333
1.137399673461914 336
1.1462109088897705 336
1.1547985076904297 336
1.1629669666290283 336
1.1710658073425293 336
1.1795895099639893 338
1.1908893585205078 339
1.1992385387420654 339
1.2076294422149658 339
1.216374397277832 338
1.2254297733306885 339
1.2345356941223145 340
1.2469372749328613 340
1.2575750350952148 340
1.266331672668457 340
1.274714469909668 340
1.282898187637329 341
1.294283151626587 342
1.3016602993011475 343
1.310410976409912 344
1.318697452545166 343
1.3275084495544434 342
1.3368825912475586 342
1.3464617729187012 343
1.3551299571990967 344
1.3633480072021484 344
1.3711585998535156 344
1.379521369934082 344
1.390350341796875 344
1.398658037185669 345
1.407214641571045 346
1.415752649307251 346
1.4249117374420166 346
1.4331281185150146 346
1.442991018295288 346
1.4507472515106201 346
1.459256887435913 347
1.4680235385894775 348
1.476532220840454 348
1.4848222732543945 348
1.4966990947723389 347
1.5049808025360107 347
1.513183355331421 348
1.5216090679168701 348
1.5304934978485107 349
1.5388219356536865 349
1.5483429431915283 348
1.557206630706787 348
1.5655951499938965 349
1.5742545127868652 350
1.5816693305969238 350
1.5942277908325195 348
1.6069233417510986 348
1.6205711364746094 349
1.6290044784545898 350
1.6373531818389893 351
1.6530351638793945 350
1.6611042022705078 348
1.6697020530700684 347
1.678339958190918 347
1.6873652935028076 348
1.6973490715026855 348
1.7062499523162842 349
1.7146251201629639 348
1.7241489887237549 348
1.7314941883087158 348
1.7401371002197266 348
1.749967098236084 348
1.758946418762207 348
1.7672805786132812 348
1.7756714820861816 348
1.784491777420044 348
1.7933743000030518 348
1.802328109741211 348
1.8104994297027588 348
1.8195791244506836 348
1.8282198905944824 348
1.8365411758422852 348
1.8448429107666016 348
1.8554017543792725 348
1.8636512756347656 348
1.8712658882141113 348
1.8797059059143066 348
1.8928864002227783 348
1.9029159545898438 348
1.910721778869629 348
1.9195969104766846 348
1.930156946182251 348
1.9413042068481445 348
1.9568769931793213 348
1.967714786529541 348
1.979219913482666 348
1.9922757148742676 348
2.008059024810791 348
2.0195746421813965 348
2.027676820755005 348
2.0362637042999268 348
2.0445375442504883 347
2.059091091156006 348
2.067749500274658 348
2.0764973163604736 348
2.0850439071655273 348
2.0944623947143555 347
2.1041502952575684 347
2.1114726066589355 347
2.120868682861328 348
2.1295182704925537 348
2.1376092433929443 348
2.1462113857269287 347
2.1567559242248535 346
2.1650965213775635 346
2.1733529567718506 346
2.181436538696289 347
2.1912944316864014 347
2.1997017860412598 347
2.2090845108032227 346
2.2184441089630127 346
2.226762294769287 346
2.235060453414917 346
2.243335008621216 346
2.2517054080963135 346
2.261551856994629 346
2.2702345848083496 345
2.278642416000366 345
2.2876811027526855 345
2.2969887256622314 346
2.3066651821136475 346
2.315563440322876 345
2.324160099029541 344
2.3315720558166504 344
2.3402535915374756 345
2.349294424057007 346
2.3587563037872314 346
2.36826491355896 345
2.3769071102142334 344
2.3863325119018555 343
2.3955130577087402 344
2.4040770530700684 344
2.4141733646392822 345
2.421534538269043 345
2.4302875995635986 345
2.4385459423065186 344
2.4517104625701904 344
2.4623467922210693 344
2.470651865005493 344
2.479057550430298 345
2.490192174911499 345
2.498591661453247 344
2.5070321559906006 344
2.516916036605835 343
2.526398181915283 343
2.5351340770721436 343
2.5433475971221924 343
2.5516717433929443 343
2.5611155033111572 343
2.5694620609283447 343
2.5776424407958984 343
2.5869028568267822 343
2.5961687564849854 343
2.604729413986206 342
2.6145882606506348 342
2.6223835945129395 343
2.6306467056274414 343
2.639127254486084 343
2.6480605602264404 342
2.6566145420074463 342
2.6668894290924072 341
2.6754469871520996 341
2.684468984603882 342
2.6937506198883057 342
2.701322078704834 342
2.709735631942749 342
2.719533920288086 341
2.72807240486145 341
2.7364656925201416 341
2.7454545497894287 342
2.7540812492370605 342
2.7613942623138428 341
2.771571397781372 340
2.780688762664795 340
2.7900917530059814 341
2.798372507095337 342
2.8069007396698 342
2.817070722579956 341
2.825652837753296 340
2.834311008453369 340
2.8416318893432617 340
2.856550693511963 340
2.8661623001098633 341
2.875114917755127 341
2.887726306915283 340
2.8972630500793457 339
2.9062094688415527 338
2.9163827896118164 339
2.9248030185699463 340
2.933074951171875 341
2.9410061836242676 341
2.950110912322998 340
2.9585087299346924 340
2.9680593013763428 339
2.977626323699951 339
2.9863765239715576 340
2.9956657886505127 340
3.004239797592163 339
3.0130109786987305 338
3.021714210510254 338
3.030613899230957 339
3.0412356853485107 340
3.0506112575531006 340
3.0588858127593994 340
3.0671353340148926 339
3.07743239402771 339
3.086388111114502 338
3.0955166816711426 339
3.1041038036346436 340
3.1127989292144775 340
3.121487617492676 340
3.1302616596221924 339
3.138684034347534 339
3.1474673748016357 338
3.15630841255188 339
3.1646296977996826 340
3.174222946166992 340
3.1829094886779785 339
3.191624641418457 338
3.200409412384033 338
3.2096803188323975 338
3.218221664428711 338
3.227299928665161 339
3.2361128330230713 339
3.2446022033691406 339
3.2567994594573975 338
3.265601634979248 338
3.2757229804992676 337
3.2849061489105225 338
3.2943310737609863 338
3.301673173904419 338
3.310797929763794 338
3.3191299438476562 338
3.3287270069122314 338
3.337010145187378 337
3.3463547229766846 336
3.354714870452881 336
3.368896722793579 337
3.3790321350097656 338
3.38912296295166 339
3.3975110054016113 338
3.406338691711426 337
3.41546630859375 336
3.4248642921447754 336
3.4331881999969482 336
3.4416162967681885 337
3.450611114501953 338
3.4590539932250977 338
3.4672915935516357 337
3.477379560470581 336
3.4867172241210938 336
3.496701240539551 336
3.505143165588379 337
3.514580488204956 338
3.522900342941284 337
3.5316033363342285 336
3.541011333465576 336
3.550968885421753 336
3.559248924255371 336
3.5675978660583496 336
3.57725191116333 336
3.5864381790161133 336
3.596306800842285 336
3.6047255992889404 335
3.6140599250793457 335
3.62143874168396 335
3.6311230659484863 335
3.639498472213745 335
3.648519277572632 335
3.660745620727539 335
3.6692709922790527 334
3.6799988746643066 334
3.6897218227386475 335
3.6983745098114014 335
3.7073862552642822 335
3.716233491897583 334
3.7245728969573975 334
3.733766555786133 334
3.7423386573791504 334
3.750684976577759 334
3.759148359298706 333
3.7675535678863525 333
3.776576280593872 334
3.7862465381622314 334
3.7962191104888916 334
3.8047540187835693 332
3.814035654067993 332
3.8214211463928223 333
3.8309688568115234 333
3.8402888774871826 333
3.848515748977661 333
3.8569650650024414 332
3.8655779361724854 332
3.874377489089966 332
3.8834152221679688 332
3.900456428527832 332
3.9102261066436768 331
3.919981002807617 331
3.9283652305603027 331
3.937628746032715 332
3.948498487472534 332
3.9575204849243164 331
3.966334581375122 331
3.9754884243011475 330
3.9848921298980713 331
3.9944584369659424 332
4.00243067741394 332
4.015475273132324 330
4.027081489562988 329
4.040419816970825 328
4.052375078201294 330
4.0694499015808105 331
4.081543207168579 331
4.094601392745972 329
4.10289454460144 328
4.111388921737671 328
4.120115041732788 328
4.128368139266968 328
4.138589382171631 329
4.147050619125366 329
4.1555047035217285 329
4.164109468460083 328
4.173057556152344 328
4.180918216705322 328
4.190983772277832 328
4.199529409408569 328
4.211256980895996 328
4.21973443031311 328
4.228297472000122 328
4.238447666168213 327
4.246913433074951 327
4.2554075717926025 328
4.264327764511108 328
4.274989128112793 328
4.283230543136597 327
4.2941319942474365 327
4.301553964614868 326
4.31127405166626 327
4.320026159286499 328
4.329740047454834 328
4.339476108551025 327
4.348276376724243 326
4.35676908493042 326
4.3651039600372314 326
4.374651908874512 327
4.382973670959473 327
4.393059253692627 327
4.400857448577881 326
4.410617113113403 326
4.418973207473755 326
4.4272191524505615 326
4.43638801574707 326
4.4456703662872314 326
4.457592725753784 326
4.466526508331299 326
4.475664377212524 326
4.484281301498413 326
4.495286464691162 325
4.504415988922119 325
4.51320219039917 325
4.5209901332855225 326
4.529593467712402 326
4.538802623748779 326
4.548218727111816 325
4.556771278381348 324
4.565267086029053 324
4.574249029159546 325
4.581670522689819 326
4.591309070587158 326
4.600669622421265 326
4.609696626663208 326
4.6180291175842285 325
4.626595973968506 325
4.63564658164978 325
4.645096302032471 325
4.653341293334961 325
4.66111421585083 325
4.670328855514526 325
4.678570985794067 325
4.6868896484375 325
4.697192668914795 324
4.706851959228516 324
4.7161219120025635 324
4.724525451660156 325
4.732385873794556 325
4.740992069244385 325
4.750476598739624 325
4.758726358413696 324
4.7682740688323975 324
4.776666164398193 324
4.784961462020874 325
4.794485569000244 325
4.804588794708252 325
4.812931537628174 324
4.821232795715332 324
4.830120325088501 324
4.8411500453948975 323
4.851052522659302 323
4.864762306213379 324
4.87430477142334 324
4.881608009338379 324
4.892347812652588 324
4.901710748672485 324
4.910376787185669 323
4.919395923614502 322
4.9276299476623535 322
4.936746597290039 323
4.945429801940918 324
4.954795598983765 324
4.962976932525635 323
4.971559524536133 322
4.980478763580322 321
4.990024566650391 321
4.998274087905884 322
