0 0
0.015543937683105469 0
0.034293413162231445 0
0.05157327651977539 1
0.06851911544799805 5
0.08971095085144043 14
0.10635924339294434 22
0.11704540252685547 26
0.12625956535339355 32
0.13448309898376465 37
0.14379215240478516 42
0.1523892879486084 49
0.16191744804382324 55
0.17049336433410645 61
0.17951488494873047 67
0.18746042251586914 72
0.19589853286743164 79
0.204209566116333 85
0.21398591995239258 92
0.22298002243041992 97
0.23212862014770508 103
0.24052643775939941 108
0.24953627586364746 114
0.2574176788330078 119
0.26699113845825195 125
0.27593541145324707 131
0.28447508811950684 135
0.29326415061950684 139
0.30156850814819336 144
0.3109915256500244 151
0.32007288932800293 156
0.3295433521270752 161
0.33750486373901367 165
0.3470122814178467 169
0.35545873641967773 172
0.36486387252807617 177
0.3790323734283447 181
0.38750338554382324 185
0.3961820602416992 189
0.4055168628692627 193
0.41567420959472656 199
0.4241676330566406 202
0.4333033561706543 205
0.44245314598083496 207
0.45108842849731445 210
0.45848941802978516 213
0.46827101707458496 217
0.4778563976287842 222
0.486346960067749 226
0.4944896697998047 229
0.5048394203186035 232
0.5157120227813721 235
0.5244078636169434 237
0.533735990524292 240
0.5425233840942383 243
0.5510449409484863 246
0.558408260345459 248
0.5679328441619873 249
0.5774223804473877 251
0.5860230922698975 254
0.594294548034668 257
0.6032276153564453 260
0.6128261089324951 263
0.6221225261688232 265
0.6313440799713135 267
0.6395237445831299 268
0.6480698585510254 270
0.6567459106445312 272
0.6650021076202393 275
0.6751163005828857 277
0.6835141181945801 279
0.6918339729309082 281
0.7001252174377441 282
0.7091431617736816 283
0.7182042598724365 284
0.7277853488922119 285
0.7364604473114014 287
0.7452962398529053 290
0.7537696361541748 292
0.7623918056488037 294
0.7759063243865967 295
0.7843306064605713 295
0.7932045459747314 296
0.801673173904419 298
0.81158447265625 299
0.8211736679077148 301
0.8305027484893799 303
0.838097095489502 303
0.8471744060516357 304
0.8554859161376953 305
0.8639075756072998 307
0.8741395473480225 309
0.8830280303955078 311
0.8915133476257324 311
0.89984130859375 311
0.908172607421875 311
0.9173305034637451 313
0.927990198135376 315
0.936931848526001 316
0.9460124969482422 317
0.9542837142944336 317
0.9629998207092285 318
0.9730734825134277 319
0.9813845157623291 319
0.9896805286407471 321
0.9977588653564453 321
1.0071468353271484 323
1.0172688961029053 324
1.0274710655212402 324
1.0358703136444092 324
1.0452678203582764 325
1.0536503791809082 325
1.0622434616088867 327
1.0711917877197266 327
1.0808663368225098 327
1.0882682800292969 327
1.0969891548156738 329
1.1059651374816895 329
1.114290714263916 329
1.1237695217132568 329
1.1339094638824463 331
1.1432220935821533 332
1.151564359664917 332
1.1597447395324707 332
1.1676933765411377 332
1.1824901103973389 332
1.191107988357544 333
1.1984586715698242 334
1.2080748081207275 335
1.2168078422546387 334
1.2271714210510254 333
1.2355678081512451 334
1.244408369064331 335
1.2532460689544678 336
1.261599063873291 336
1.2709100246429443 335
1.2800207138061523 335
1.2878925800323486 335
1.296342134475708 336
1.3056178092956543 337
1.3139405250549316 339
1.3290691375732422 340
1.33787202835083 339
1.3463444709777832 338
1.3548312187194824 337
1.3634750843048096 337
1.372326374053955 338
1.3821957111358643 340
1.3907604217529297 341
1.3982346057891846 341
1.4074440002441406 341
1.4157438278198242 341
1.4250075817108154 342
1.4351227283477783 343
1.4441282749176025 344
1.4529101848602295 344
1.461209774017334 343
1.4698436260223389 343
1.4776506423950195 343
1.4874811172485352 345
1.4958858489990234 345
1.5051283836364746 345
1.5135910511016846 345
1.522862434387207 345
1.5342276096343994 346
1.5436134338378906 347
1.5520603656768799 347
1.5601823329925537 347
1.569096326828003 347
1.5833280086517334 348
1.5918605327606201 348
1.6001200675964355 349
1.609720230102539 349
1.6175212860107422 349
1.626983880996704 349
1.6374154090881348 349
1.6458275318145752 349
1.654064416885376 349
1.6630635261535645 350
1.6721816062927246 351
1.6804561614990234 350
1.689849615097046 349
1.6977338790893555 349
1.7069010734558105 350
1.7153043746948242 351
1.7238223552703857 351
1.7355515956878662 351
1.7438499927520752 351
1.752274513244629 351
1.7605020999908447 351
1.7691028118133545 351
1.7774195671081543 351
1.7869858741760254 351
1.7952911853790283 352
1.8041176795959473 352
1.8129258155822754 353
1.8211827278137207 352
1.8305373191833496 351
1.8410682678222656 352
1.8484816551208496 353
1.8572802543640137 353
1.865546703338623 353
1.8741986751556396 353
1.8838832378387451 353
1.8962574005126953 353
1.9082005023956299 353
1.9199891090393066 353
1.9339780807495117 353
1.9474992752075195 353
1.958287000656128 352
1.9685072898864746 352
1.982259750366211 353
1.9916815757751465 353
2.0001797676086426 353
2.0104823112487793 353
2.0180623531341553 353
2.0275650024414062 353
2.037768840789795 353
2.0475759506225586 353
2.0559444427490234 353
2.064159631729126 354
2.0736260414123535 354
2.0821797847747803 353
2.0916316509246826 353
2.100811243057251 353
2.10819673538208 353
2.116868019104004 353
2.1252965927124023 353
2.1350276470184326 353
2.145289659500122 354
2.1536056995391846 353
2.1622860431671143 353
2.171232223510742 353
2.1785435676574707 353
2.187223434448242 353
2.196352005004883 353
2.2057077884674072 353
2.2139439582824707 353
2.2223575115203857 353
2.232257843017578 353
2.24047589302063 353
2.250213146209717 353
2.258028507232666 353
2.267390727996826 353
2.2756597995758057 353
2.283863067626953 353
2.2924129962921143 353
2.3028223514556885 353
2.3110344409942627 353
2.3183696269989014 353
2.3316287994384766 353
2.3404793739318848 353
2.3514914512634277 353
2.3596303462982178 352
2.3683393001556396 352
2.382244348526001 353
2.392367362976074 353
2.4029133319854736 353
2.411158323287964 353
2.4184699058532715 353
2.4280662536621094 352
2.437309741973877 352
2.447782278060913 353
2.45703387260437 353
2.4659457206726074 353
2.474290132522583 352
2.4830641746520996 351
2.4913620948791504 351
2.501558542251587 351
2.509716272354126 352
2.5177009105682373 353
2.5272045135498047 353
2.5357754230499268 352
2.5441031455993652 351
2.5542736053466797 351
2.5635366439819336 351
2.5718209743499756 352
2.580134630203247 352
2.587942361831665 352
2.597201108932495 352
2.6061971187591553 352
2.614347457885742 352
2.623122215270996 352
2.6324338912963867 351
2.641065835952759 351
2.6483871936798096 351
2.6583526134490967 351
2.6676158905029297 351
2.6758899688720703 351
2.684283494949341 351
2.6929197311401367 351
2.70290470123291 351
2.711193084716797 351
2.7184932231903076 351
2.7279183864593506 350
2.737266778945923 350
2.745699882507324 350
2.755624532699585 350
2.7645232677459717 350
2.7773327827453613 350
2.785780191421509 350
2.7941482067108154 349
2.804452657699585 349
2.8133623600006104 350
2.8216161727905273 351
2.8318653106689453 350
2.8404147624969482 349
2.8481011390686035 349
2.857642650604248 350
2.867030143737793 351
2.875415802001953 351
2.8837010860443115 350
2.892292022705078 349
2.9015614986419678 349
2.911036729812622 349
2.9184415340423584 350
2.930002450942993 350
2.93778657913208 350
2.946491003036499 349
2.9579291343688965 349
2.967604160308838 350
2.9760451316833496 350
2.9843897819519043 350
2.993032693862915 349
3.002159357070923 349
3.0115842819213867 349
3.0197503566741943 349
3.0295629501342773 349
3.037431478500366 349
3.045891046524048 349
3.054114818572998 349
3.0645360946655273 348
3.073462963104248 348
3.0818917751312256 349
3.0904581546783447 349
3.098496675491333 349
3.1080379486083984 349
3.1168601512908936 348
3.126809597015381 348
3.135026454925537 349
3.1434783935546875 349
3.151780843734741 349
3.1617398262023926 348
3.170133113861084 348
3.1834094524383545 348
3.1920480728149414 349
3.2013418674468994 349
3.2104594707489014 349
3.2180368900299072 349
3.227651357650757 349
3.2359466552734375 348
3.2442877292633057 348
3.252978563308716 348
3.2625391483306885 348
3.271543264389038 348
3.2797374725341797 349
3.2877843379974365 349
3.2970330715179443 348
3.3054277896881104 348
3.3145153522491455 348
3.323197603225708 348
3.3380303382873535 348
3.3468942642211914 347
3.355289936065674 347
3.3654820919036865 347
3.3737337589263916 347
3.3823647499084473 348
3.3908650875091553 347
3.399838924407959 347
3.4078469276428223 347
3.417328119277954 347
3.4272031784057617 347
3.4354422092437744 347
3.4437777996063232 347
3.452204465866089 347
3.4622344970703125 347
3.471863269805908 347
3.480912685394287 347
3.488285541534424 347
3.497420310974121 347
3.505733013153076 347
3.5150957107543945 347
3.5243406295776367 347
3.53332257270813 347
3.5415687561035156 347
3.5498039722442627 347
3.558192491531372 347
3.5677404403686523 347
3.581692934036255 347
3.5909979343414307 347
3.5983285903930664 347
3.607120990753174 347
3.6153483390808105 347
3.626276969909668 347
3.634411334991455 347
3.6432008743286133 347
3.651487112045288 347
3.6607868671417236 346
3.6698153018951416 346
3.6776294708251953 346
3.6859021186828613 347
3.695064067840576 347
3.703615427017212 346
3.7120678424835205 345
3.721918821334839 345
3.7318713665008545 345
3.7400999069213867 346
3.7480616569519043 347
3.757465124130249 347
3.76600980758667 346
3.775615692138672 345
3.783945083618164 345
3.7932755947113037 346
3.8017094135284424 346
3.8099613189697266 346
3.8177759647369385 346
3.8284645080566406 345
3.8373119831085205 345
3.845686197280884 345
3.8540515899658203 345
3.863328218460083 345
3.8725221157073975 345
3.8811533451080322 345
3.889775276184082 345
3.897597551345825 345
3.9058837890625 344
3.9142589569091797 344
3.926180601119995 345
3.9344513416290283 345
3.943243980407715 345
3.951497793197632 345
3.9600727558135986 345
3.9736886024475098 344
3.992417573928833 343
4.004033327102661 343
4.015794515609741 345
4.03008246421814 346
4.041862964630127 346
4.0520405769348145 345
4.061469554901123 344
4.069840669631958 343
4.078431844711304 344
4.087799549102783 345
4.097047805786133 345
4.105287551879883 345
4.113732576370239 344
4.122918367385864 343
4.133314847946167 343
4.141625165939331 344
4.149995565414429 345
4.159095048904419 345
4.167297124862671 345
4.176355838775635 344
4.185239315032959 343
4.194067478179932 343
4.202849626541138 344
4.211212396621704 345
4.21910548210144 345
4.230111837387085 344
4.238069534301758 343
4.246982097625732 342
4.25607442855835 342
4.264317512512207 342
4.273005247116089 343
4.282266139984131 343
4.29122519493103 343
4.298526763916016 343
4.307325839996338 342
4.315759658813477 342
4.332231044769287 343
4.341571569442749 343
4.349862337112427 344
4.358341693878174 344
4.367163896560669 343
4.383912801742554 343
4.393966436386108 343
4.403732538223267 343
4.412273406982422 343
4.421077489852905 343
4.430991172790527 343
4.4383158683776855 343
4.449806451797485 343
4.4581098556518555 343
4.466798543930054 343
4.475045680999756 343
4.4843316078186035 343
4.49360203742981 343
4.502193212509155 342
4.510835647583008 342
4.51961088180542 342
4.528221845626831 342
4.537828207015991 343
4.546471834182739 343
4.555621862411499 342
4.564013242721558 341
4.572901964187622 341
4.581205606460571 341
4.591122627258301 342
4.599020957946777 342
4.607778310775757 342
4.616062164306641 341
4.62620735168457 341
4.635776519775391 341
4.644052743911743 341
4.653296947479248 341
4.6617114543914795 341
4.669951677322388 341
4.67778468132019 341
4.68764066696167 341
4.695942640304565 341
4.705791473388672 341
4.714022397994995 341
4.7234885692596436 341
4.732910871505737 340
4.742481708526611 340
4.751396894454956 340
4.7596564292907715 340
4.768550634384155 340
4.777310848236084 340
4.793010711669922 340
4.801779270172119 340
4.81000542640686 340
4.818284034729004 340
4.83084511756897 340
4.839852571487427 340
4.8577721118927 340
4.867908954620361 340
4.87621808052063 340
4.885294675827026 340
4.894527912139893 340
4.903312921524048 340
4.911584377288818 340
4.920536994934082 340
4.930178880691528 340
4.939698934555054 340
4.947509288787842 340
4.956059694290161 340
4.964412689208984 340
4.97307825088501 340
4.981351613998413 340
4.991369962692261 340
5.000002145767212 340
