0 0
0.01628422737121582 0
0.0358583927154541 0
0.05285143852233887 2
0.07272219657897949 7
0.09261012077331543 15
0.10987424850463867 22
0.12246298789978027 30
0.13189077377319336 35
0.14030194282531738 42
0.14867877960205078 47
0.15822124481201172 54
0.16835355758666992 60
0.17630338668823242 64
0.18476605415344238 72
0.1950843334197998 79
0.20426201820373535 86
0.21276521682739258 92
0.2230510711669922 100
0.23311066627502441 108
0.2422940731048584 114
0.2518143653869629 122
0.2616760730743408 129
0.27221226692199707 137
0.28075146675109863 145
0.28914570808410645 152
0.29843711853027344 160
0.30638813972473145 164
0.3171417713165283 174
0.326840877532959 182
0.33620166778564453 188
0.3448159694671631 197
0.35621047019958496 206
0.3698768615722656 218
0.38344430923461914 228
0.3954589366912842 238
0.41361117362976074 252
0.42635345458984375 266
0.44025444984436035 276
0.44979143142700195 282
0.45915842056274414 290
0.46833348274230957 298
0.47713351249694824 305
0.48586249351501465 312
0.494365930557251 320
0.5030226707458496 326
0.5117084980010986 331
0.5199847221374512 336
0.5300710201263428 340
0.5382769107818604 344
0.5461287498474121 347
0.5556159019470215 350
0.5645043849945068 352
0.572746753692627 353
0.5823287963867188 354
0.5910024642944336 355
0.6001858711242676 355
0.6084079742431641 356
0.6164014339447021 356
0.6248319149017334 356
0.634476900100708 356
0.6426935195922852 356
0.6511447429656982 356
0.6604604721069336 356
0.6697041988372803 356
0.6786956787109375 356
0.6865010261535645 356
0.6957297325134277 356
0.7039535045623779 356
0.7122631072998047 356
0.7204799652099609 356
0.7304320335388184 356
0.7386617660522461 356
0.7464625835418701 356
0.7562210559844971 356
0.7654154300689697 356
0.7736077308654785 356
0.7831325531005859 356
0.7919020652770996 356
0.8011565208435059 356
0.8128340244293213 356
0.8228988647460938 356
0.8330156803131104 356
0.8418080806732178 356
0.8501541614532471 356
0.8600223064422607 356
0.8685269355773926 356
0.8763034343719482 356
0.8867335319519043 356
0.8962533473968506 356
0.9044973850250244 356
0.9128718376159668 356
0.9215538501739502 356
0.9315774440765381 356
0.9399950504302979 356
0.9481699466705322 356
0.9567108154296875 356
0.9658210277557373 356
0.9742567539215088 356
0.984116792678833 356
0.9931058883666992 356
1.002208948135376 356
1.0104522705078125 356
1.0186700820922852 356
1.0271284580230713 356
1.0368337631225586 356
1.0455212593078613 356
1.0545995235443115 356
1.0635945796966553 356
1.0719373226165771 356
1.0801479816436768 356
1.089766502380371 356
1.099531888961792 356
1.1067912578582764 356
1.115488052368164 356
1.1238949298858643 356
1.13254976272583 356
1.1420156955718994 356
1.1554806232452393 356
1.1642637252807617 356
1.1725080013275146 356
1.1809775829315186 356
1.190232276916504 356
1.1998634338378906 356
1.2076687812805176 356
1.2204456329345703 356
1.229846477508545 356
1.2394943237304688 356
1.2468180656433105 356
1.2563896179199219 356
1.2655432224273682 355
1.2741413116455078 355
1.2824256420135498 355
1.2924246788024902 354
1.3016541004180908 354
1.3100273609161377 354
1.318185806274414 354
1.3266074657440186 354
1.3388075828552246 354
1.3466174602508545 353
1.3561549186706543 353
1.3648991584777832 353
1.3729994297027588 353
1.3817737102508545 353
1.3919732570648193 353
1.4002599716186523 353
1.409071922302246 353
1.4166526794433594 353
1.4257793426513672 353
1.4340217113494873 353
1.4430482387542725 353
1.4518406391143799 353
1.461815357208252 353
1.4701037406921387 353
1.4782888889312744 353
1.486025333404541 353
1.49613356590271 353
1.5044567584991455 353
1.5128421783447266 353
1.5215132236480713 353
1.530376672744751 353
1.53859281539917 353
1.546989917755127 353
1.558117389678955 353
1.5669825077056885 352
1.576547384262085 352
1.5849671363830566 352
1.5948736667633057 352
1.6038885116577148 352
1.6160078048706055 352
1.6254103183746338 351
1.6340265274047852 351
1.6436870098114014 351
1.6520686149597168 351
1.6621079444885254 351
1.6703381538391113 351
1.678553819656372 351
1.6863627433776855 351
1.6962926387786865 351
1.705369472503662 351
1.7136445045471191 351
1.7226269245147705 351
1.731091022491455 351
1.739567518234253 351
1.7485711574554443 351
1.759568691253662 351
1.7668545246124268 351
1.7755928039550781 351
1.7838926315307617 350
1.792661190032959 350
1.802222728729248 351
1.8116073608398438 351
1.8198952674865723 351
1.8285539150238037 351
1.836378812789917 350
1.8468976020812988 350
1.8564205169677734 350
1.8648202419281006 350
1.8731238842010498 350
1.8817493915557861 350
1.8903775215148926 350
1.9000236988067627 349
1.9083025455474854 349
1.9166152477264404 349
1.9258010387420654 349
1.9341998100280762 349
1.9424798488616943 349
1.951998233795166 348
1.9614908695220947 348
1.9697909355163574 348
1.9771227836608887 348
1.9858598709106445 348
1.99481201171875 348
2.0058183670043945 348
2.0193564891815186 348
2.0282251834869385 348
2.036329507827759 348
2.0447652339935303 348
2.0558323860168457 348
2.064091444015503 348
2.0723581314086914 348
2.0807793140411377 348
2.0899600982666016 348
2.097738265991211 348
2.1066834926605225 348
2.115886926651001 348
2.1248199939727783 348
2.1329152584075928 348
2.1415233612060547 348
2.1498360633850098 348
2.163853883743286 348
2.1722865104675293 348
2.1807544231414795 348
2.190092086791992 348
2.19828200340271 348
2.2069218158721924 348
2.2186343669891357 348
2.2267649173736572 348
2.235947847366333 348
2.2441813945770264 348
2.2549641132354736 348
2.263094186782837 348
2.2724289894104004 348
2.2814648151397705 348
2.2904086112976074 348
2.298602342605591 348
2.307701587677002 348
2.31587553024292 348
2.3253397941589355 348
2.333143711090088 348
2.341799020767212 348
2.3501977920532227 347
2.3613874912261963 346
2.3696489334106445 346
2.376995325088501 346
2.386146306991577 346
2.3944833278656006 346
2.40266489982605 346
2.4122297763824463 346
2.425745725631714 346
2.4360315799713135 345
2.4481728076934814 345
2.462456226348877 344
2.474231719970703 344
2.486351728439331 344
2.4983391761779785 345
2.511408567428589 345
2.522465467453003 344
2.5324392318725586 344
2.5409305095672607 344
2.5495851039886475 344
2.560126543045044 344
2.5683212280273438 343
2.576115846633911 343
2.585071086883545 343
2.593656301498413 343
2.602025270462036 344
2.6111249923706055 344
2.6201868057250977 344
2.6284215450286865 343
2.6366076469421387 343
2.644902229309082 343
2.655404567718506 343
2.6644954681396484 343
2.672684907913208 343
2.6815185546875 343
2.690176486968994 343
2.698295831680298 343
2.706098794937134 343
2.7156291007995605 343
2.7245230674743652 343
2.7336368560791016 343
2.741982936859131 343
2.7508370876312256 343
2.7607510089874268 343
2.7702462673187256 343
2.778435230255127 343
2.7899956703186035 343
2.7981221675872803 343
2.8059298992156982 343
2.8208091259002686 343
2.8295156955718994 343
2.8381872177124023 343
2.846137046813965 343
2.855994462966919 343
2.865546226501465 343
2.8737473487854004 343
2.882706642150879 343
2.89158296585083 343
2.899852991104126 342
2.9077138900756836 342
2.917093515396118 342
2.925689697265625 342
2.93394136428833 342
2.942382335662842 342
2.951693058013916 341
2.9607510566711426 341
2.9700987339019775 341
2.978254556655884 340
2.9866349697113037 340
2.9950740337371826 340
3.0031509399414062 341
3.0119564533233643 341
3.0218358039855957 341
3.0300862789154053 341
3.0387625694274902 340
3.046588897705078 340
3.056377649307251 340
3.064622640609741 340
3.0742440223693848 340
3.0829503536224365 340
3.0916213989257812 341
3.0999298095703125 341
3.1077120304107666 341
3.117757797241211 341
3.1259329319000244 341
3.134401321411133 340
3.1431126594543457 340
3.152184247970581 341
3.1616594791412354 341
3.170750141143799 341
3.1787688732147217 340
3.187130928039551 340
3.195948362350464 340
3.2043066024780273 340
3.212536334991455 340
3.2262115478515625 340
3.23460054397583 340
3.243001699447632 340
3.2525501251220703 339
3.261855125427246 339
3.271394968032837 339
3.2802557945251465 338
3.288532018661499 338
3.298175096511841 338
3.305964946746826 338
3.314939498901367 338
3.3244144916534424 338
3.332850694656372 338
3.341510534286499 338
3.350463628768921 338
3.3599305152893066 338
3.3754286766052246 338
3.384268045425415 338
3.3925087451934814 338
3.4009883403778076 338
3.40948748588562 338
3.418403148651123 338
3.4270060062408447 338
3.4358320236206055 338
3.444106340408325 338
3.4540560245513916 338
3.4624621868133545 338
3.470895290374756 338
3.4808695316314697 338
3.4894957542419434 338
3.4968273639678955 338
3.5055031776428223 338
3.514425754547119 338
3.522670030593872 338
3.5322763919830322 338
3.5406360626220703 338
3.5502350330352783 338
3.559649705886841 338
3.5669667720794678 338
3.5763564109802246 338
3.5855789184570312 338
3.5939934253692627 337
3.602381944656372 337
3.6110193729400635 336
3.6240344047546387 336
3.633821487426758 336
3.642289400100708 336
3.6521413326263428 336
3.6614043712615967 336
3.669826030731201 336
3.67958927154541 336
3.6869094371795654 335
3.6957168579101562 335
3.704010009765625 335
3.7126951217651367 335
3.7215652465820312 335
3.7309231758117676 335
3.7393925189971924 335
3.7477622032165527 334
3.758223295211792 334
3.766052722930908 334
3.7743890285491943 335
3.784371852874756 335
3.792815923690796 335
3.802459478378296 334
3.8126559257507324 334
3.8211567401885986 334
3.830434799194336 334
3.8387386798858643 334
3.8468446731567383 334
3.8566811084747314 334
3.8693981170654297 334
3.8782331943511963 334
3.888460397720337 334
3.896249771118164 334
3.9045307636260986 334
3.91398549079895 334
3.923444986343384 334
3.932652711868286 334
3.941422700881958 334
3.9503133296966553 334
3.959667682647705 334
3.9670140743255615 334
3.9763994216918945 334
3.9885525703430176 334
3.9963836669921875 334
4.0046820640563965 334
4.013471364974976 334
4.025629281997681 334
4.035797357559204 334
4.044973611831665 334
4.053851842880249 334
4.063400745391846 334
4.071805953979492 334
4.080639600753784 334
4.090176343917847 334
4.098420143127441 333
4.10629940032959 333
4.116112470626831 333
4.1243896484375 332
4.132733345031738 332
4.142918109893799 332
4.156470060348511 332
4.169686317443848 332
4.178313255310059 332
4.187056064605713 332
4.195711374282837 332
4.203946590423584 332
4.214030504226685 332
4.222298622131348 332
4.23064661026001 332
4.2420125007629395 332
4.250312089920044 332
4.25981068611145 332
4.267153978347778 332
4.279714107513428 332
4.288711786270142 332
4.296500205993652 332
4.304828643798828 332
4.313448429107666 332
4.321854591369629 332
4.3302693367004395 332
4.339800834655762 332
4.34859299659729 331
4.357057332992554 331
4.365781545639038 331
4.374643087387085 331
4.382894277572632 330
4.392607688903809 330
4.401461124420166 330
4.4102983474731445 331
4.418590307235718 331
4.434454679489136 331
4.450313329696655 330
4.459791660308838 330
4.46713662147522 329
4.47688889503479 329
4.485600709915161 329
4.494816541671753 329
4.5030951499938965 330
4.514343500137329 330
4.525501012802124 330
4.536570310592651 329
4.550464868545532 329
4.56232762336731 329
4.5746002197265625 329
4.586167573928833 329
4.5991246700286865 330
4.6113739013671875 329
4.621079683303833 329
4.629748821258545 329
4.638320207595825 329
4.647694826126099 329
4.656675100326538 329
4.665113687515259 329
4.674768447875977 329
4.682917594909668 329
4.691819667816162 328
4.701115846633911 328
4.710011720657349 328
4.71820592880249 328
4.726085186004639 328
4.734380722045898 328
4.743146896362305 328
4.75297737121582 328
4.762824535369873 328
4.772017002105713 328
4.781086683273315 328
4.789971590042114 328
4.799514293670654 328
4.808255434036255 328
4.8162453174591064 328
4.82938289642334 328
4.836714744567871 328
4.845862865447998 328
4.856202125549316 328
4.864506721496582 328
4.873735427856445 328
4.882548809051514 328
4.891152620315552 328
4.900440692901611 328
4.91015887260437 328
4.918392658233643 328
4.926212310791016 328
4.934675693511963 328
4.943142890930176 328
4.952876567840576 327
4.961892127990723 327
4.970144033432007 326
4.979092121124268 326
4.987135171890259 326
4.9959397315979 326
