0 0
0.014270544052124023 0
0.03531241416931152 0
0.05347490310668945 2
0.0728614330291748 7
0.08980250358581543 16
0.10794973373413086 24
0.11716246604919434 29
0.12558245658874512 33
0.13429665565490723 39
0.14341115951538086 45
0.15290141105651855 51
0.16211366653442383 58
0.1701209545135498 64
0.1792435646057129 69
0.1876087188720703 77
0.1960129737854004 83
0.20527219772338867 90
0.21490931510925293 96
0.2233889102935791 102
0.23235011100769043 110
0.24155712127685547 117
0.25324177742004395 125
0.2629721164703369 133
0.27039456367492676 141
0.2794508934020996 146
0.28812503814697266 154
0.29640769958496094 161
0.3057882785797119 169
0.31545042991638184 175
0.32491016387939453 183
0.3362717628479004 193
0.3499605655670166 204
0.3687887191772461 219
0.3819539546966553 230
0.3942074775695801 240
0.40674448013305664 250
0.4194059371948242 260
0.42780113220214844 268
0.43613362312316895 275
0.4458637237548828 283
0.4554612636566162 289
0.46521902084350586 298
0.4743845462799072 306
0.48499560356140137 314
0.49822425842285156 325
0.5073282718658447 330
0.5164632797241211 335
0.5253005027770996 340
0.5336296558380127 344
0.5433971881866455 347
0.5527782440185547 349
0.5601329803466797 352
0.5703415870666504 353
0.5790262222290039 354
0.5875236988067627 355
0.5957903861999512 355
0.6049048900604248 356
0.6142446994781494 357
0.6227996349334717 357
0.6301219463348389 357
0.6394102573394775 357
0.6494333744049072 357
0.6578354835510254 357
0.6673476696014404 357
0.6759557723999023 357
0.6844174861907959 357
0.6928610801696777 357
0.7001898288726807 357
0.7095277309417725 357
0.719027042388916 357
0.7276613712310791 357
0.7363500595092773 356
0.7454850673675537 357
0.7555158138275146 357
0.7699117660522461 357
0.7786924839019775 357
0.7871949672698975 356
0.7955515384674072 356
0.8042852878570557 356
0.8127892017364502 357
0.8218991756439209 357
0.8298094272613525 357
0.838932991027832 357
0.8478977680206299 357
0.856086015701294 357
0.8648083209991455 356
0.8744359016418457 356
0.8830897808074951 356
0.8909456729888916 357
0.8991851806640625 357
0.9078171253204346 357
0.9161384105682373 357
0.9257245063781738 356
0.9350147247314453 356
0.9433879852294922 356
0.9523885250091553 357
0.9599847793579102 357
0.9698357582092285 357
0.9781787395477295 357
0.9862625598907471 357
0.9949285984039307 356
1.0040981769561768 356
1.0123319625854492 357
1.0217013359069824 357
1.029505968093872 357
1.038844347000122 356
1.0488009452819824 356
1.0576553344726562 356
1.067016839981079 357
1.0761723518371582 357
1.0848350524902344 357
1.0930883884429932 357
1.1019163131713867 356
1.1097278594970703 356
1.118072271347046 356
1.1274595260620117 356
1.1360790729522705 357
1.1447947025299072 357
1.154735803604126 357
1.1674206256866455 356
1.1771273612976074 356
1.1857490539550781 356
1.1941642761230469 356
1.2032711505889893 356
1.2114315032958984 356
1.219254970550537 356
1.2287185192108154 356
1.2374565601348877 356
1.2458336353302002 356
1.2551405429840088 356
1.264160394668579 356
1.2756836414337158 356
1.2860100269317627 356
1.2972397804260254 356
1.3063743114471436 356
1.3149855136871338 356
1.3232171535491943 356
1.333155632019043 356
1.3409521579742432 356
1.3518311977386475 356
1.3600637912750244 356
1.3703062534332275 356
1.3798935413360596 355
1.3882341384887695 355
1.3964405059814453 355
1.407191514968872 355
1.4161829948425293 355
1.4249839782714844 355
1.4349217414855957 355
1.4432172775268555 355
1.4521236419677734 355
1.459949254989624 355
1.4690351486206055 355
1.4781208038330078 355
1.4866995811462402 355
1.4950907230377197 355
1.5040340423583984 355
1.5120694637298584 355
1.5198664665222168 355
1.5294575691223145 355
1.5382015705108643 355
1.5470106601715088 355
1.5558936595916748 355
1.5694646835327148 355
1.5778515338897705 355
1.587458610534668 355
1.5958247184753418 355
1.6049706935882568 355
1.6132848262786865 355
1.6214234828948975 355
1.6292543411254883 355
1.6389703750610352 355
1.6478266716003418 355
1.6561107635498047 355
1.6660361289978027 355
1.674682855606079 355
1.6838068962097168 355
1.6920208930969238 355
1.7009754180908203 355
1.709169626235962 355
1.717447280883789 355
1.725818157196045 355
1.7359824180603027 355
1.7444171905517578 355
1.7536087036132812 355
1.7618210315704346 355
1.770296335220337 355
1.7789337635040283 355
1.7882070541381836 355
1.797412395477295 355
1.8056764602661133 355
1.8141274452209473 355
1.8227028846740723 355
1.8310182094573975 355
1.8400273323059082 354
1.8494319915771484 354
1.8577768802642822 354
1.8669509887695312 353
1.8758573532104492 353
1.885364055633545 353
1.8937351703643799 354
1.903226613998413 354
1.910935878753662 354
1.9201643466949463 354
1.9296345710754395 354
1.939211368560791 353
1.948706865310669 353
1.9571397304534912 354
1.9696931838989258 354
1.9789345264434814 354
1.988267421722412 353
1.9974746704101562 353
2.0073537826538086 353
2.0156164169311523 354
2.0241940021514893 354
2.033301830291748 354
2.0427045822143555 353
2.0520670413970947 353
2.059842824935913 353
2.0687499046325684 353
2.0775716304779053 354
2.0859994888305664 354
2.0960299968719482 353
2.1047656536102295 353
2.1130428314208984 353
2.1203458309173584 353
2.129478693008423 353
2.1378109455108643 352
2.1481776237487793 352
2.1562917232513428 352
2.1655640602111816 353
2.1739840507507324 353
2.182084798812866 353
2.1916003227233887 352
2.200030565261841 352
2.2088377475738525 352
2.217228651046753 353
2.2255449295043945 353
2.2346925735473633 353
2.2437822818756104 352
2.2532882690429688 352
2.262666702270508 352
2.2699875831604004 352
2.278406858444214 352
2.286421060562134 352
2.2962405681610107 352
2.3048863410949707 352
2.3131415843963623 352
2.320425033569336 351
2.3299081325531006 351
2.338271379470825 351
2.3489410877227783 351
2.357185125350952 351
2.3698110580444336 351
2.3783531188964844 351
2.3870460987091064 351
2.396998643875122 351
2.4063987731933594 351
2.418206214904785 351
2.431549072265625 351
2.443570137023926 351
2.461865186691284 351
2.473296642303467 351
2.4852287769317627 351
2.497861623764038 351
2.510085105895996 351
2.518958568572998 351
2.527757167816162 351
2.535979747772217 351
2.5446832180023193 351
2.5548770427703857 351
2.5635368824005127 351
2.573838472366333 351
2.582021951675415 351
2.590256929397583 351
2.599600315093994 351
2.608081579208374 351
2.6162049770355225 351
2.624972343444824 351
2.6331987380981445 351
2.641024112701416 351
2.6509761810302734 351
2.659176826477051 351
2.6674442291259766 351
2.675718307495117 351
2.684889078140259 351
2.6936612129211426 351
2.7031209468841553 350
2.710963487625122 350
2.719787836074829 350
2.7281272411346436 349
2.7364041805267334 349
2.7452311515808105 349
2.755373239517212 349
2.7636237144470215 349
2.775771379470825 350
2.7851779460906982 349
2.7942142486572266 349
2.803676128387451 349
2.8119189739227295 349
2.8202507495880127 349
2.8289361000061035 349
2.8372082710266113 349
2.84550404548645 349
2.8560245037078857 349
2.864985942840576 349
2.8732309341430664 349
2.8820581436157227 349
2.8898305892944336 349
2.8989295959472656 349
2.908123016357422 349
2.9170584678649902 349
2.9256093502044678 348
2.9340569972991943 348
2.942345380783081 348
2.9517877101898193 349
2.9603333473205566 349
2.9689536094665527 349
2.9772415161132812 348
2.986262083053589 348
2.995000123977661 348
3.0032896995544434 348
3.013155698776245 348
3.0204436779022217 348
3.029118061065674 348
3.0374062061309814 347
3.0479378700256348 347
3.0574259757995605 347
3.0656826496124268 348
3.075103521347046 348
3.084317207336426 348
3.0927581787109375 348
3.1010236740112305 347
3.110186815261841 347
3.119326114654541 347
3.128113269805908 347
3.136237859725952 347
3.145317554473877 347
3.1547601222991943 348
3.164138078689575 347
3.176060914993286 347
3.1855132579803467 347
3.1939828395843506 347
3.2029995918273926 347
3.2123734951019287 347
3.2199246883392334 347
3.2287213802337646 347
3.236966848373413 347
3.2456884384155273 347
3.2551074028015137 346
3.2643990516662598 346
3.2729246616363525 346
3.281658887863159 346
3.2896041870117188 346
3.2979252338409424 347
3.3069562911987305 347
3.316462755203247 346
3.3251237869262695 346
3.3333840370178223 346
3.3415732383728027 346
3.3576834201812744 347
3.367201328277588 347
3.375523567199707 346
3.384746789932251 346
3.3929977416992188 346
3.400383710861206 346
3.4119491577148438 346
3.419778347015381 346
3.4281179904937744 346
3.436277389526367 346
3.449934244155884 346
3.458378791809082 346
3.467725992202759 346
3.476905584335327 346
3.4852869510650635 346
3.493584632873535 346
3.501781463623047 346
3.5115482807159424 346
3.5202648639678955 346
3.529134750366211 346
3.537397623062134 346
3.546132802963257 346
3.5554254055023193 346
3.5651040077209473 346
3.5781874656677246 346
3.5888383388519287 346
3.5976083278656006 346
3.6059727668762207 346
3.615891456604004 346
3.6243555545806885 346
3.632812023162842 346
3.640143871307373 346
3.6501047611236572 346
3.658731460571289 346
3.6678667068481445 346
3.6770434379577637 346
3.6854448318481445 346
3.6938271522521973 346
3.7020318508148193 346
3.710404872894287 346
3.720360279083252 346
3.7290425300598145 346
3.7372803688049316 346
3.745849132537842 346
3.7552297115325928 346
3.763693332672119 346
3.7733681201934814 346
3.7820632457733154 346
3.78983736038208 346
3.7981934547424316 345
3.8063392639160156 345
3.8161418437957764 345
3.825801372528076 345
3.8341786861419678 345
3.8429360389709473 345
3.8517496585845947 344
3.859621047973633 344
3.8691089153289795 343
3.877978563308716 343
3.8863813877105713 343
3.8951170444488525 344
3.9035215377807617 344
3.9123950004577637 344
3.9220077991485596 344
3.929816246032715 343
3.9382529258728027 343
3.948760509490967 343
3.956970453262329 344
3.9653706550598145 344
3.9792520999908447 344
3.9876811504364014 343
3.9960711002349854 343
4.004951238632202 343
4.013651132583618 343
4.023607492446899 343
4.031846761703491 343
4.040434837341309 343
4.050230264663696 342
4.0589375495910645 343
4.067393779754639 343
4.077237367630005 343
4.085515737533569 343
4.09473180770874 343
4.103387117385864 343
4.112701416015625 343
4.120059013366699 343
4.129722356796265 343
4.137983560562134 343
4.147957801818848 343
4.156243085861206 343
4.1649885177612305 343
4.173660039901733 343
4.183228969573975 343
4.191058158874512 343
4.199227333068848 343
4.2082812786102295 343
4.2164306640625 343
4.22614598274231 343
4.2349162101745605 343
4.243752956390381 343
4.2532103061676025 343
4.261046409606934 343
4.269256114959717 343
4.279363393783569 343
4.287667274475098 343
4.296037197113037 343
4.30535101890564 343
4.313676118850708 342
4.322000741958618 342
4.331505298614502 342
4.339881181716919 343
4.349221467971802 343
4.357521295547485 342
4.365926027297974 342
4.379643678665161 342
4.388117790222168 343
4.3963987827301025 343
4.405754566192627 343
4.4141435623168945 342
4.422846555709839 342
4.4319679737091064 342
4.4403815269470215 342
4.459146976470947 341
4.467569351196289 341
4.4762842655181885 341
4.487431526184082 341
4.499008893966675 341
4.513014554977417 340
4.524710655212402 340
4.5392796993255615 340
4.5532612800598145 340
4.564889907836914 340
4.5769689083099365 340
4.589404344558716 340
4.601660251617432 340
4.610989570617676 340
4.619217395782471 340
4.627488136291504 340
4.637797594070435 340
4.646204471588135 340
4.655444145202637 340
4.6640465259552 340
4.673238039016724 340
4.6810266971588135 340
4.690181255340576 340
4.698864698410034 340
4.7076029777526855 340
4.715873956680298 340
4.724441289901733 340
4.732972860336304 340
4.743091106414795 340
4.75192403793335 340
4.759716272354126 340
4.768079519271851 340
4.781508922576904 340
4.790268421173096 340
4.79909610748291 340
4.807868480682373 340
4.816273212432861 340
4.824888229370117 340
4.833136796951294 340
4.843526124954224 340
4.8529839515686035 340
4.860311508178711 340
4.869370937347412 340
4.877678155899048 340
4.887177228927612 340
4.895536184310913 340
4.904798746109009 339
4.913182497024536 339
4.921050071716309 339
4.929189205169678 339
4.939167261123657 339
4.948984861373901 339
4.957198858261108 339
4.9656407833099365 339
4.974857568740845 338
4.983148813247681 338
4.992354154586792 338
4.999985933303833 338
