0 0
0.015801429748535156 0
0.03263211250305176 0
0.05184578895568848 3
0.07728338241577148 9
0.10721564292907715 23
0.13181805610656738 39
0.15521621704101562 53
0.16388487815856934 57
0.17260336875915527 64
0.18117547035217285 70
0.19047880172729492 77
0.19928932189941406 83
0.20838165283203125 91
0.21764183044433594 97
0.2260298728942871 105
0.23391509056091309 109
0.2443070411682129 119
0.2531399726867676 125
0.26170778274536133 131
0.27010345458984375 139
0.279127836227417 145
0.2883467674255371 153
0.29997944831848145 165
0.3121201992034912 173
0.32157397270202637 179
0.33002805709838867 187
0.33902788162231445 193
0.34980297088623047 200
0.3583869934082031 207
0.36699533462524414 213
0.3743748664855957 219
0.3837895393371582 223
0.3934812545776367 229
0.40207600593566895 234
0.411297082901001 238
0.420177698135376 243
0.4290614128112793 247
0.43747663497924805 252
0.4477519989013672 257
0.456005334854126 262
0.4640021324157715 266
0.47250795364379883 269
0.4811999797821045 272
0.48963379859924316 275
0.4992375373840332 278
0.5075984001159668 282
0.5158617496490479 285
0.5240490436553955 288
0.5324795246124268 290
0.5477478504180908 294
0.556020975112915 297
0.5639927387237549 299
0.5725080966949463 301
0.5813999176025391 304
0.5897724628448486 305
0.5994350910186768 308
0.607750415802002 309
0.6161344051361084 311
0.6239848136901855 313
0.6324305534362793 315
0.6412866115570068 317
0.6514739990234375 318
0.6599428653717041 319
0.6686325073242188 320
0.6771836280822754 321
0.6845290660858154 322
0.6936101913452148 324
0.7031145095825195 326
0.7114295959472656 327
0.7212178707122803 328
0.7309780120849609 329
0.7394108772277832 330
0.7497491836547852 332
0.7592196464538574 333
0.7675321102142334 334
0.7758045196533203 334
0.7838728427886963 335
0.7931573390960693 336
0.8024842739105225 338
0.8106644153594971 339
0.8199830055236816 339
0.8293874263763428 339
0.8376753330230713 340
0.8471853733062744 341
0.8562965393066406 343
0.8645639419555664 343
0.8732719421386719 343
0.8816885948181152 344
0.8906643390655518 345
0.8993172645568848 345
0.9090476036071777 346
0.9173803329467773 346
0.9261760711669922 346
0.9339954853057861 346
0.9486079216003418 348
0.9590053558349609 349
0.9674708843231201 349
0.9756968021392822 349
0.9835679531097412 348
0.993065357208252 349
1.002356767654419 350
1.0105640888214111 351
1.019608497619629 351
1.0284423828125 350
1.0371837615966797 349
1.0462589263916016 349
1.0561854839324951 351
1.064258337020874 352
1.0729577541351318 353
1.0812931060791016 353
1.0902516841888428 353
1.0990798473358154 352
1.1083149909973145 353
1.116990566253662 353
1.1258277893066406 353
1.1336581707000732 353
1.1436183452606201 354
1.1519355773925781 354
1.1618068218231201 354
1.1702110767364502 354
1.1790757179260254 353
1.1875395774841309 353
1.1962783336639404 354
1.2042019367218018 355
1.2136647701263428 355
1.222954273223877 355
1.232435703277588 355
1.2418262958526611 354
1.2502591609954834 354
1.2602369785308838 355
1.2689931392669678 355
1.2774076461791992 356
1.285252332687378 355
1.2941818237304688 355
1.3030314445495605 355
1.31215238571167 355
1.3203580379486084 355
1.3298718929290771 356
1.33848237991333 356
1.351912021636963 355
1.362410545349121 355
1.3706557750701904 354
1.379464864730835 355
1.3885791301727295 355
1.3970906734466553 356
1.4045164585113525 356
1.4140501022338867 355
1.4235944747924805 355
1.4330224990844727 355
1.4420452117919922 355
1.4502744674682617 355
1.4603559970855713 356
1.4690847396850586 356
1.4775128364562988 356
1.4856679439544678 356
1.4937827587127686 356
1.5020802021026611 356
1.5115923881530762 357
1.5205957889556885 357
1.529242992401123 356
1.5378303527832031 356
1.5472266674041748 356
1.5558362007141113 356
1.564554214477539 357
1.5733373165130615 357
1.5816454887390137 357
1.5905003547668457 356
1.5994465351104736 355
1.607823133468628 355
1.6172094345092773 356
1.6262109279632568 357
1.6340630054473877 358
1.6435225009918213 358
1.6519031524658203 357
1.6614153385162354 357
1.6704893112182617 357
1.6791424751281738 357
1.6878812313079834 357
1.6961109638214111 357
1.703937292098999 357
1.7135002613067627 356
1.7225139141082764 356
1.7309348583221436 357
1.741605281829834 357
1.756056785583496 356
1.765810489654541 355
1.7738909721374512 355
1.7825920581817627 355
1.7912535667419434 355
1.7997422218322754 356
1.8079941272735596 356
1.8176679611206055 356
1.8266196250915527 356
1.834233045578003 356
1.8442134857177734 356
1.8533515930175781 356
1.8615930080413818 356
1.8706755638122559 356
1.8793046474456787 356
1.8883278369903564 356
1.897042989730835 356
1.9044344425201416 356
1.9130988121032715 356
1.9231479167938232 356
1.9314284324645996 356
1.939774751663208 356
1.9493682384490967 356
1.9584627151489258 356
1.966968059539795 356
1.975982666015625 356
1.9843871593475342 356
1.993093490600586 356
2.0012853145599365 356
2.010985851287842 356
2.0210256576538086 356
2.0294747352600098 356
2.0377254486083984 356
2.0476038455963135 356
2.056964635848999 356
2.0643317699432373 356
2.0739171504974365 356
2.0824854373931885 356
2.0916521549224854 356
2.09993052482605 356
2.108391046524048 356
2.1172711849212646 356
2.1266276836395264 356
2.134212017059326 356
2.1570894718170166 356
2.1684861183166504 356
2.181203842163086 356
2.1932342052459717 356
2.2045209407806396 356
2.217527151107788 356
2.2273151874542236 356
2.2346601486206055 356
2.2439956665039062 356
2.254277467727661 356
2.263089895248413 356
2.271282434463501 356
2.280386447906494 356
2.289687395095825 356
2.2979719638824463 356
2.306257724761963 356
2.3140602111816406 356
2.323744773864746 356
2.332047700881958 356
2.3406317234039307 356
2.350368022918701 356
2.3590588569641113 356
2.3673598766326904 356
2.3769774436950684 356
2.385810613632202 356
2.3935956954956055 355
2.4020440578460693 355
2.4102771282196045 355
2.4192819595336914 355
2.4285221099853516 355
2.4372341632843018 355
2.446274995803833 355
2.4545440673828125 355
2.4631946086883545 355
2.471566677093506 354
2.4806342124938965 354
2.489806890487671 354
2.498353958129883 354
2.506624221801758 354
2.5156731605529785 354
2.5234949588775635 354
2.5330233573913574 354
2.549114465713501 354
2.5600574016571045 355
2.569049119949341 356
2.5784389972686768 357
2.5876710414886475 356
2.5959041118621826 355
2.607036828994751 355
2.618513584136963 355
2.6270759105682373 355
2.636159658432007 356
2.645195245742798 356
2.654691457748413 355
2.666295289993286 355
2.6740500926971436 355
2.684390068054199 355
2.6930599212646484 355
2.701253890991211 355
2.7096128463745117 354
2.7190628051757812 354
2.7275187969207764 353
2.737286329269409 354
2.7473387718200684 354
2.755244016647339 355
2.7634687423706055 354
2.77189302444458 353
2.78212833404541 353
2.7903857231140137 353
2.7991979122161865 353
2.807528495788574 353
2.8161494731903076 354
2.8240511417388916 354
2.8334951400756836 354
2.8430240154266357 353
2.851787805557251 353
2.8602113723754883 354
2.8696541786193848 355
2.878019332885742 354
2.8880558013916016 353
2.896333694458008 352
2.904229164123535 352
2.9136571884155273 352
2.9223082065582275 353
2.9304704666137695 354
2.9400460720062256 354
2.953260660171509 353
2.9616904258728027 352
2.9701812267303467 351
2.9797849655151367 351
2.989525079727173 353
2.9978742599487305 353
3.006173610687256 353
3.014531135559082 353
3.0231947898864746 353
3.0315864086151123 352
3.041506052017212 352
3.0510058403015137 353
3.059487819671631 353
3.067836284637451 353
3.0760416984558105 352
3.0861618518829346 352
3.094093084335327 352
3.102889060974121 352
3.1117472648620605 352
3.1201395988464355 352
3.1285834312438965 352
3.1378893852233887 352
3.1485159397125244 352
3.15712833404541 351
3.1645586490631104 351
3.1760458946228027 351
3.18438982963562 352
3.193969249725342 352
3.2023537158966064 352
3.2114782333374023 351
3.2201149463653564 351
3.2285780906677246 351
3.2370922565460205 351
3.2483882904052734 351
3.2573118209838867 351
3.265169858932495 351
3.273879289627075 351
3.282907724380493 351
3.2919864654541016 351
3.300236463546753 351
3.3089945316314697 351
3.3180007934570312 351
3.326282024383545 351
3.3340673446655273 351
3.3458991050720215 351
3.35909104347229 351
3.367523670196533 351
3.382951498031616 351
3.392090082168579 351
3.4005115032196045 351
3.409766674041748 351
3.4185569286346436 351
3.4271647930145264 351
3.4345011711120605 351
3.4446892738342285 351
3.4534714221954346 351
3.461930513381958 351
3.470221996307373 351
3.4792845249176025 351
3.4875786304473877 351
3.497096061706543 351
3.5044283866882324 351
3.5137593746185303 351
3.522221565246582 351
3.5305097103118896 351
3.5446219444274902 351
3.5532822608947754 351
3.5615651607513428 351
3.569885730743408 351
3.5790274143218994 351
3.5873265266418457 351
3.5966336727142334 351
3.6043543815612793 350
3.6136715412139893 350
3.622018575668335 350
3.6302649974823 350
3.639155626296997 350
3.6492908000946045 350
3.6576902866363525 350
3.665872097015381 350
3.673701524734497 350
3.6839540004730225 350
3.692361354827881 349
3.7020492553710938 349
3.7114248275756836 349
3.7198519706726074 350
3.728288412094116 351
3.7369160652160645 350
3.7477402687072754 349
3.761164426803589 349
3.769824743270874 349
3.779247999191284 349
3.787526845932007 350
3.7958693504333496 350
3.8044707775115967 350
3.813657760620117 349
3.8223376274108887 349
3.8305439949035645 349
3.839205741882324 349
3.8498945236206055 349
3.858375310897827 349
3.866917848587036 349
3.8758370876312256 349
3.8838372230529785 349
3.8921587467193604 349
3.904132604598999 349
3.913304090499878 349
3.921572208404541 349
3.9298973083496094 349
3.9412550926208496 349
3.951475143432617 349
3.959855318069458 349
3.9683022499084473 349
3.9773690700531006 349
3.9846763610839844 349
3.9934682846069336 349
4.003142833709717 349
4.012034177780151 349
4.020253658294678 349
4.029048442840576 349
4.037374973297119 349
4.047181129455566 349
4.056143760681152 349
4.064068555831909 349
4.073314428329468 349
4.0815606117248535 349
4.089870452880859 349
4.099043846130371 349
4.108597040176392 349
4.11723518371582 349
4.12450098991394 349
4.13319993019104 349
4.143729209899902 349
4.158413648605347 349
4.167038202285767 349
4.175874471664429 349
4.184038400650024 349
4.194548845291138 349
4.204028129577637 349
4.213078260421753 349
4.223260164260864 349
4.2340333461761475 349
4.248499155044556 349
4.260661363601685 349
4.272994041442871 349
4.283839225769043 349
4.295925140380859 349
4.306613445281982 349
4.314229965209961 349
4.322652339935303 349
4.330979108810425 349
4.340049743652344 349
4.349505424499512 349
4.35911750793457 349
4.367472887039185 349
4.3762242794036865 349
4.3840954303741455 349
4.392469882965088 349
4.400658845901489 349
4.411165952682495 348
4.419839859008789 348
4.428346395492554 348
4.4372899532318115 348
4.446556091308594 348
4.454159736633301 348
4.463669538497925 348
4.473043441772461 347
4.481656789779663 347
4.489999532699585 347
4.498427629470825 348
4.507686614990234 348
4.51712965965271 348
4.5244433879852295 347
4.533220052719116 347
4.550508737564087 347
4.564081907272339 349
4.5736706256866455 349
4.58216404914856 349
4.590511083602905 348
4.600330591201782 348
4.609989166259766 348
4.619877338409424 348
4.628301382064819 348
4.637260675430298 348
4.646347522735596 347
4.654181003570557 347
4.6669840812683105 348
4.675279140472412 348
4.6836302280426025 347
4.692049741744995 347
4.700374603271484 346
4.71047306060791 346
4.720162868499756 347
4.729041814804077 347
4.737711191177368 347
4.7471044063568115 347
4.754537343978882 346
4.76396918296814 346
4.773136854171753 346
4.78161358833313 347
4.79001784324646 347
4.798465251922607 346
4.807799577713013 345
4.818021059036255 345
4.826282978057861 347
4.8342225551605225 347
4.844322681427002 347
4.853060245513916 347
4.861278533935547 347
4.871535539627075 347
4.879841089248657 347
4.888204574584961 347
4.896944046020508 346
4.905250310897827 345
4.913519859313965 345
4.923041820526123 347
4.9314186573028564 347
4.940650463104248 347
4.949824810028076 346
4.962497234344482 345
4.9724578857421875 345
4.9811851978302 345
4.989552736282349 345
4.997878551483154 345
