0 0
0.015226125717163086 0
0.029625654220581055 0
0.049391984939575195 1
0.0682988166809082 7
0.08791685104370117 15
0.10838460922241211 24
0.11692619323730469 29
0.12550783157348633 34
0.1350541114807129 40
0.14384961128234863 46
0.15221071243286133 52
0.16173648834228516 59
0.17166733741760254 65
0.1798083782196045 70
0.18826985359191895 77
0.19759726524353027 83
0.2060258388519287 91
0.2156674861907959 97
0.22433185577392578 104
0.2334444522857666 110
0.24173283576965332 118
0.24995803833007812 125
0.2584989070892334 131
0.2695331573486328 138
0.2779536247253418 145
0.2864408493041992 152
0.2958254814147949 158
0.30484986305236816 165
0.31453895568847656 172
0.32308340072631836 177
0.3317382335662842 183
0.3396899700164795 186
0.34828996658325195 193
0.35686230659484863 197
0.37554383277893066 207
0.3841869831085205 214
0.39288973808288574 219
0.4017810821533203 224
0.4099092483520508 227
0.41993260383605957 231
0.4293673038482666 235
0.4378197193145752 240
0.4461174011230469 244
0.45497989654541016 248
0.4636979103088379 251
0.4738304615020752 254
0.48284912109375 257
0.49022746086120605 259
0.4995129108428955 263
0.5078470706939697 267
0.5182890892028809 271
0.5279784202575684 274
0.5374751091003418 276
0.5476326942443848 279
0.5564858913421631 280
0.5659101009368896 283
0.5761559009552002 286
0.5851325988769531 289
0.5941116809844971 293
0.6024682521820068 295
0.6101200580596924 296
0.6200811862945557 297
0.629286527633667 299
0.6376574039459229 301
0.6461489200592041 304
0.6549735069274902 307
0.6639668941497803 309
0.6741273403167725 310
0.6828184127807617 311
0.6901838779449463 312
0.6995799541473389 313
0.7080473899841309 316
0.7164778709411621 318
0.7273721694946289 319
0.735743522644043 319
0.7442669868469238 320
0.752537727355957 321
0.7616348266601562 323
0.7760422229766846 325
0.7849388122558594 326
0.7937042713165283 327
0.8020451068878174 327
0.8099617958068848 328
0.8183624744415283 329
0.8294947147369385 330
0.8378129005432129 331
0.8465602397918701 332
0.8564598560333252 332
0.8671889305114746 333
0.8782603740692139 334
0.8865761756896973 335
0.896338701248169 336
0.9054632186889648 337
0.913766622543335 337
0.9221594333648682 337
0.9337728023529053 339
0.9422123432159424 340
0.9501359462738037 341
0.9598686695098877 341
0.9697091579437256 341
0.9795627593994141 341
0.9878280162811279 342
0.997314453125 343
1.00579833984375 344
1.014244556427002 345
1.0225331783294678 344
1.0325629711151123 343
1.0402534008026123 342
1.0490033626556396 342
1.0593695640563965 343
1.0690269470214844 344
1.0773489475250244 345
1.0865247249603271 345
1.0954158306121826 345
1.1036734580993652 344
1.1120071411132812 345
1.1198310852050781 345
1.1299915313720703 346
1.1384150981903076 346
1.1465704441070557 347
1.1553747653961182 347
1.168989658355713 346
1.1774981021881104 346
1.1873059272766113 347
1.1963775157928467 348
1.2050585746765137 349
1.2135543823242188 349
1.2218055725097656 348
1.2320010662078857 348
1.2398357391357422 348
1.2483386993408203 349
1.2575185298919678 349
1.2658376693725586 350
1.2754285335540771 350
1.2848775386810303 350
1.2937908172607422 350
1.301947832107544 350
1.3098907470703125 350
1.3181302547454834 350
1.327139139175415 351
1.3371882438659668 351
1.3456826210021973 352
1.3542320728302002 352
1.3643827438354492 351
1.3765413761138916 350
1.3901901245117188 350
1.4021763801574707 352
1.4137792587280273 353
1.4259929656982422 352
1.4396302700042725 351
1.4521362781524658 349
1.4629225730895996 350
1.4720079898834229 351
1.48006272315979 352
1.4901700019836426 351
1.4989378452301025 351
1.507162094116211 350
1.5156481266021729 350
1.524540901184082 350
1.5331199169158936 351
1.5422329902648926 351
1.5501210689544678 351
1.5592050552368164 351
1.5751569271087646 352
1.5836231708526611 352
1.593757152557373 352
1.6019303798675537 352
1.6098947525024414 351
1.618337631225586 351
1.6271114349365234 352
1.6355910301208496 353
1.6451160907745361 353
1.6534459590911865 352
1.662827491760254 351
1.6719169616699219 351
1.6797425746917725 351
1.689652681350708 352
1.6981127262115479 353
1.706425428390503 353
1.7151079177856445 352
1.7239530086517334 351
1.7328135967254639 351
1.7418062686920166 351
1.750119686126709 352
1.7594883441925049 352
1.7685563564300537 353
1.776902198791504 352
1.7856030464172363 351
1.7956595420837402 351
1.8039073944091797 351
1.8121514320373535 352
1.821178674697876 353
1.8293018341064453 353
1.8375046253204346 353
1.8475332260131836 352
1.8565573692321777 352
1.865330696105957 352
1.8745396137237549 353
1.8831095695495605 353
1.8930599689483643 353
1.900376319885254 353
1.9092295169830322 352
1.9176156520843506 352
1.9265332221984863 352
1.9351449012756348 353
1.944457769393921 353
1.9538910388946533 353
1.9621326923370361 353
1.9760076999664307 352
1.9848642349243164 351
1.9953525066375732 352
2.005387306213379 353
2.0138821601867676 354
2.0233616828918457 354
2.0316648483276367 353
2.039537191390991 353
2.0489115715026855 353
2.0582592487335205 353
2.066582679748535 353
2.0771217346191406 352
2.086359739303589 352
2.0958147048950195 352
2.1044371128082275 353
2.112961530685425 353
2.1205904483795166 353
2.129394769668579 352
2.1378090381622314 352
2.147402286529541 352
2.1561007499694824 353
2.1649301052093506 353
2.174088954925537 353
2.182187557220459 352
2.190483808517456 351
2.2000954151153564 351
2.2089285850524902 352
2.2173023223876953 353
2.2262306213378906 353
2.2349448204040527 353
2.243339776992798 353
2.253154754638672 352
2.262040615081787 351
2.271091938018799 351
2.279330253601074 352
2.288259744644165 353
2.2965517044067383 353
2.30600905418396 352
2.3148980140686035 351
2.3241868019104004 351
2.3324856758117676 351
2.3400847911834717 351
2.3484246730804443 352
2.3584024906158447 352
2.3752496242523193 351
2.3851165771484375 350
2.3936221599578857 350
2.4032413959503174 351
2.4111597537994385 351
2.4196860790252686 352
2.430326461791992 351
2.4391050338745117 351
2.4475042819976807 350
2.457608222961426 350
2.4664695262908936 351
2.475775718688965 351
2.4859187602996826 351
2.4944469928741455 351
2.50384783744812 351
2.512054681777954 351
2.5204710960388184 351
2.5291402339935303 351
2.5373363494873047 351
2.5456738471984863 351
2.555752754211426 351
2.5651416778564453 351
2.574293851852417 351
2.5830821990966797 351
2.59039568901062 351
2.5990078449249268 351
2.60811448097229 351
2.617420196533203 351
2.625859260559082 351
2.634265422821045 351
2.64524245262146 351
2.655665159225464 351
2.6639320850372314 351
2.6736485958099365 351
2.682908296585083 351
2.6902225017547607 351
2.6989173889160156 351
2.708026647567749 351
2.7172770500183105 350
2.725688934326172 350
2.7341017723083496 350
2.7421884536743164 350
2.7505548000335693 350
2.760091543197632 350
2.769946336746216 350
2.78350567817688 350
2.7916934490203857 349
2.7998225688934326 349
2.8096022605895996 350
2.8188681602478027 351
2.8271753787994385 351
2.8355307579040527 350
2.8439764976501465 349
2.8532748222351074 349
2.862823724746704 349
2.8720078468322754 351
2.8803768157958984 351
2.889404773712158 350
2.8978092670440674 349
2.9062113761901855 349
2.916269302368164 350
2.9252376556396484 351
2.9335949420928955 350
2.9419171810150146 349
2.950291633605957 349
2.959733724594116 349
2.9695827960968018 349
2.978487730026245 350
2.9878532886505127 350
2.9980692863464355 350
3.0071933269500732 349
3.017378091812134 349
3.0256969928741455 350
3.034482002258301 350
3.0431149005889893 350
3.0517826080322266 349
3.0597381591796875 349
3.0700013637542725 349
3.078395366668701 349
3.0876665115356445 349
3.095872163772583 349
3.104414224624634 349
3.1141769886016846 349
3.1222593784332275 349
3.1300106048583984 349
3.138366937637329 349
3.1475634574890137 349
3.1558268070220947 349
3.1654770374298096 348
3.1799776554107666 348
3.188805103302002 348
3.197120428085327 349
3.205723524093628 349
3.2156693935394287 349
3.224184989929199 348
3.23285174369812 348
3.240241527557373 348
3.249537706375122 348
3.2577927112579346 348
3.2673354148864746 347
3.2763831615448 347
3.286038398742676 347
3.2948808670043945 347
3.3032352924346924 348
3.310554265975952 347
3.321141481399536 347
3.3293607234954834 346
3.3376567363739014 347
3.346501111984253 346
3.3611414432525635 346
3.371828079223633 347
3.3803207874298096 347
3.3889801502227783 347
3.3971636295318604 346
3.4058637619018555 346
3.4145870208740234 346
3.4241888523101807 346
3.432239532470703 347
3.440188407897949 347
3.453054904937744 346
3.464970827102661 345
3.4789645671844482 345
3.4902281761169434 346
3.502908229827881 347
3.5152482986450195 348
3.5278091430664062 347
3.5361146926879883 345
3.5455541610717773 345
3.554100751876831 345
3.562194347381592 345
3.5725560188293457 345
3.585864543914795 345
3.595075845718384 345
3.6034626960754395 345
3.61248517036438 345
3.6217195987701416 345
3.629549503326416 345
3.6378164291381836 345
3.647170066833496 345
3.6555335521698 345
3.663770914077759 345
3.6738150119781494 345
3.6831185817718506 345
3.690423011779785 345
3.6995670795440674 345
3.708050489425659 345
3.7172913551330566 345
3.7263107299804688 345
3.734969139099121 345
3.743652105331421 345
3.7518460750579834 345
3.7596867084503174 345
3.7691640853881836 345
3.779341459274292 345
3.78762149810791 345
3.7963826656341553 345
3.8050577640533447 345
3.814185619354248 345
3.8222343921661377 345
3.8318026065826416 345
3.8396382331848145 345
3.8484883308410645 345
3.856588125228882 345
3.8652002811431885 345
3.8744163513183594 345
3.884331226348877 345
3.8925883769989014 345
3.9001688957214355 345
3.909299612045288 345
3.917572259902954 345
3.9268906116485596 345
3.9352989196777344 345
3.944411277770996 345
3.952864646911621 345
3.960214614868164 345
3.970301389694214 345
3.9850168228149414 345
3.9934163093566895 345
4.002021312713623 345
4.011075258255005 344
4.022211313247681 344
4.031652927398682 344
4.039507150650024 344
4.048285722732544 345
4.056427955627441 344
4.065429925918579 344
4.075525522232056 343
4.085092782974243 344
4.093436002731323 345
4.102484941482544 345
4.11110520362854 345
4.1193554401397705 344
4.127919912338257 343
4.137471675872803 343
4.146191120147705 344
4.1550493240356445 345
4.163416862487793 345
4.172887802124023 345
4.183163166046143 344
4.191076040267944 343
4.1994242668151855 343
4.209030628204346 344
4.217418432235718 345
4.225782871246338 345
4.235344409942627 344
4.244977951049805 343
4.253351926803589 342
4.261627197265625 342
4.270344972610474 343
4.279596567153931 343
4.289024591445923 344
4.297425270080566 344
4.3058717250823975 343
4.315270185470581 343
4.323627948760986 342
4.332001209259033 342
4.342503309249878 343
4.350181818008423 343
4.358854532241821 343
4.37646746635437 343
4.389745473861694 342
4.398326873779297 342
4.408081769943237 342
4.416302919387817 342
4.426071882247925 342
4.435607194900513 342
4.444603443145752 342
4.453081130981445 342
4.460364580154419 342
4.469854831695557 342
4.47915506362915 342
4.491134405136108 342
4.4993579387664795 342
4.508365869522095 342
4.51734471321106 342
4.525673151016235 342
4.533973217010498 342
4.544205188751221 342
4.552460670471191 342
4.560009717941284 342
4.569483995437622 342
4.578109264373779 342
4.586311340332031 342
4.5959649085998535 342
4.605274200439453 342
4.6135618686676025 342
4.621734380722046 342
4.629517555236816 342
4.639319658279419 342
4.647738695144653 342
4.655994176864624 342
4.6645588874816895 342
4.674181938171387 342
4.682201147079468 342
4.69162130355835 342
4.699426889419556 342
4.708312273025513 341
4.717480182647705 341
4.726005792617798 341
4.734466314315796 341
4.744443655014038 341
4.753000020980835 341
4.760343790054321 341
4.769824028015137 341
4.779109716415405 341
4.793233394622803 340
4.801162958145142 340
4.810146808624268 340
4.819380044937134 340
4.827647686004639 340
4.8359692096710205 340
4.845968008041382 340
4.854521751403809 340
4.863028526306152 339
4.873265027999878 339
4.880591869354248 340
4.889400482177734 340
4.899063348770142 341
4.908069610595703 339
4.916409492492676 339
4.925107479095459 339
4.933384895324707 339
4.9422502517700195 340
4.951836824417114 340
4.959689378738403 340
4.970339775085449 339
4.979167222976685 339
4.987600326538086 339
4.997957229614258 339
