0 0
0.02347850799560547 0
0.05951952934265137 1
0.09425854682922363 9
0.13546013832092285 30
0.16333436965942383 43
0.17832660675048828 55
0.20086026191711426 69
0.21789765357971191 86
0.23577046394348145 98
0.26276183128356934 116
0.27808308601379395 129
0.28958678245544434 138
0.30582189559936523 151
0.31534361839294434 157
0.33211326599121094 172
0.3413114547729492 178
0.34975528717041016 186
0.3678014278411865 201
0.3762829303741455 207
0.40378308296203613 232
0.421722412109375 247
0.44097185134887695 259
0.4614582061767578 273
0.4861276149749756 283
0.5032758712768555 289
0.5120222568511963 292
0.5228464603424072 296
0.5319983959197998 299
0.5405709743499756 302
0.5479874610900879 305
0.5619676113128662 310
0.5713107585906982 311
0.5795161724090576 313
0.5879192352294922 316
0.5967941284179688 318
0.6052465438842773 321
0.6135478019714355 323
0.6236991882324219 325
0.632779598236084 326
0.641028881072998 327
0.6483526229858398 329
0.6595518589019775 332
0.6673970222473145 333
0.6768972873687744 335
0.6855332851409912 336
0.7065784931182861 338
0.7152624130249023 339
0.7261738777160645 341
0.7354857921600342 342
0.7437703609466553 342
0.7540221214294434 343
0.7632632255554199 344
0.7730326652526855 346
0.7813777923583984 347
0.7940366268157959 347
0.8028888702392578 347
0.8120241165161133 348
0.82362961769104 349
0.8330557346343994 350
0.8413660526275635 351
0.8496091365814209 351
0.8594441413879395 351
0.8672604560852051 351
0.8767573833465576 351
0.8860130310058594 352
0.8942775726318359 353
0.9029479026794434 354
0.912024736404419 354
0.9249346256256104 353
0.9373774528503418 353
0.9482769966125488 355
0.962648868560791 356
0.9754183292388916 357
0.9876265525817871 356
1.0007646083831787 355
1.011002540588379 355
1.0197727680206299 355
1.0283317565917969 356
1.0371081829071045 357
1.0454041957855225 357
1.056586742401123 357
1.064685583114624 356
1.073491096496582 356
1.0829060077667236 356
1.0918543338775635 357
1.099963903427124 357
1.1077539920806885 358
1.1188902854919434 358
1.128910779953003 357
1.1373090744018555 357
1.1457617282867432 357
1.1554632186889648 357
1.1637473106384277 358
1.1722524166107178 358
1.1814818382263184 358
1.190932035446167 358
1.2030231952667236 358
1.2114970684051514 357
1.2197356224060059 358
1.2298386096954346 358
1.23762845993042 358
1.2458581924438477 358
1.254626989364624 357
1.264005422592163 357
1.2728283405303955 357
1.282087802886963 358
1.2908971309661865 358
1.2982213497161865 358
1.3068606853485107 358
1.315272331237793 358
1.3235158920288086 358
1.3332881927490234 358
1.3415985107421875 358
1.3506989479064941 359
1.3599696159362793 359
1.3678245544433594 358
1.3766484260559082 358
1.3857519626617432 357
1.3949050903320312 358
1.4034383296966553 358
1.4118459224700928 359
1.4199645519256592 359
1.4294593334197998 359
1.4381506443023682 359
1.4472978115081787 358
1.4567923545837402 358
1.465538501739502 359
1.473806619644165 360
1.4833452701568604 360
1.4919407367706299 359
1.5012013912200928 359
1.5094597339630127 358
1.5172626972198486 359
1.5255956649780273 359
1.5355606079101562 359
1.5437698364257812 359
1.5523371696472168 359
1.563277244567871 359
1.571589469909668 358
1.579827070236206 359
1.589327096939087 359
1.6030354499816895 359
1.6114976406097412 358
1.6197972297668457 358
1.63031005859375 357
1.6396081447601318 358
1.6474430561065674 359
1.6573421955108643 359
1.666609525680542 359
1.6749505996704102 359
1.6833157539367676 358
1.693216323852539 359
1.7015647888183594 359
1.7098143100738525 359
1.7175793647766113 359
1.7268226146697998 359
1.735187292098999 359
1.744136095046997 359
1.7527287006378174 359
1.7622787952423096 359
1.770716667175293 359
1.77797269821167 359
1.7873971462249756 359
1.7968637943267822 359
1.805065393447876 359
1.8133642673492432 359
1.8216421604156494 359
1.8306372165679932 359
1.839622974395752 359
1.8473963737487793 359
1.8568522930145264 359
1.8655071258544922 359
1.8737897872924805 359
1.8822393417358398 359
1.891592025756836 359
1.900691270828247 359
1.9079492092132568 359
1.9167118072509766 359
1.9250643253326416 359
1.9336271286010742 359
1.9431240558624268 359
1.9513347148895264 359
1.9607446193695068 359
1.9693608283996582 359
1.9772570133209229 359
1.9854769706726074 359
2.0007455348968506 359
2.0107619762420654 359
2.018076181411743 359
2.0268197059631348 359
2.035539388656616 359
2.0448906421661377 359
2.05340576171875 359
2.0637316703796387 359
2.072240114212036 359
2.080714464187622 359
2.0880045890808105 359
2.098154306411743 359
2.106783151626587 359
2.1151554584503174 359
2.1234285831451416 359
2.1337547302246094 359
2.1440186500549316 359
2.1528732776641846 359
2.1630454063415527 359
2.1712911128997803 359
2.179474115371704 359
2.1873912811279297 359
2.197258472442627 359
2.205522298812866 359
2.213874578475952 359
2.222339153289795 359
2.2314794063568115 359
2.23970365524292 359
2.248291492462158 359
2.257681131362915 359
2.2672624588012695 359
2.275686740875244 359
2.2838571071624756 359
2.2928690910339355 359
2.3028666973114014 359
2.3112082481384277 359
2.319345712661743 359
2.3271732330322266 359
2.3361611366271973 359
2.3442983627319336 359
2.3554365634918213 359
2.3639442920684814 359
2.3730762004852295 359
2.381342887878418 359
2.3894810676574707 359
2.403311014175415 359
2.4116804599761963 359
2.4199185371398926 359
2.4278154373168945 359
2.437089681625366 359
2.445455312728882 359
2.4552667140960693 359
2.4640443325042725 359
2.4730193614959717 359
2.481264591217041 359
2.4894626140594482 359
2.4972684383392334 359
2.5072498321533203 359
2.5156869888305664 359
2.523911237716675 359
2.5331811904907227 359
2.5414490699768066 359
2.55130934715271 359
2.5611729621887207 359
2.5699424743652344 359
2.577892780303955 359
2.5862810611724854 359
2.594287872314453 359
2.6046762466430664 359
2.6130809783935547 359
2.6213455200195312 359
2.629483699798584 359
2.6376895904541016 359
2.64741849899292 359
2.6576597690582275 359
2.666950225830078 359
2.675159215927124 359
2.683443069458008 359
2.6920244693756104 359
2.701103925704956 359
2.710292100906372 359
2.717860460281372 359
2.7262654304504395 359
2.7353098392486572 359
2.7435624599456787 359
2.752108573913574 359
2.762314558029175 359
2.7714242935180664 359
2.7803573608398438 359
2.7878904342651367 359
2.801281690597534 359
2.8109982013702393 359
2.818291425704956 359
2.827052354812622 359
2.8357324600219727 359
2.843935251235962 359
2.8523311614990234 359
2.8632092475891113 359
2.8716182708740234 359
2.87979793548584 359
2.8876070976257324 359
2.8968312740325928 359
2.905806541442871 359
2.9140632152557373 359
2.922698497772217 359
2.931299924850464 359
2.9394500255584717 359
2.9472556114196777 359
2.966928482055664 359
2.97513484954834 359
2.9839043617248535 359
2.9937474727630615 359
3.005695343017578 359
3.01885986328125 359
3.032585859298706 359
3.044283628463745 359
3.0569570064544678 359
3.0710058212280273 359
3.082787275314331 359
3.095881700515747 359
3.1052865982055664 359
3.11482572555542 359
3.1231460571289062 359
3.1323070526123047 359
3.1407411098480225 359
3.148041009902954 359
3.1574156284332275 359
3.16750431060791 359
3.1759772300720215 359
3.1840991973876953 359
3.192734479904175 359
3.205487012863159 359
3.2138638496398926 359
3.223604917526245 359
3.233020305633545 359
3.2412631511688232 359
3.249404191970825 359
3.2579777240753174 359
3.2678287029266357 359
3.2761597633361816 359
3.2842519283294678 359
3.2941551208496094 359
3.3027796745300293 359
3.3109970092773438 359
3.320012092590332 359
3.3281726837158203 359
3.336779832839966 359
3.3450427055358887 359
3.3535594940185547 359
3.363492727279663 359
3.372915506362915 359
3.3811681270599365 359
3.3893115520477295 359
3.397758722305298 359
3.4060909748077393 359
3.414325714111328 359
3.4238147735595703 359
3.432999849319458 359
3.4412341117858887 359
3.44940447807312 359
3.4579548835754395 359
3.466925859451294 359
3.4766106605529785 359
3.4849233627319336 359
3.4940593242645264 359
3.50270938873291 359
3.5109329223632812 359
3.51823091506958 359
3.528198003768921 359
3.536940574645996 359
3.545121431350708 359
3.553438186645508 359
3.5638041496276855 359
3.5732929706573486 359
3.581552743911743 359
3.5898003578186035 359
3.612208366394043 359
3.6208441257476807 359
3.6308963298797607 359
3.638216733932495 359
3.646862745285034 359
3.656123161315918 359
3.6652801036834717 359
3.6743221282958984 359
3.6829257011413574 359
3.6920390129089355 359
3.7010350227355957 359
3.7083446979522705 359
3.717222213745117 359
3.7270729541778564 359
3.73533296585083 359
3.7437357902526855 359
3.7521770000457764 359
3.762300968170166 359
3.7709615230560303 359
3.7802464962005615 359
3.78784441947937 359
3.7969257831573486 359
3.8057074546813965 359
3.813941240310669 359
3.822622537612915 359
3.8328821659088135 359
3.841169834136963 359
3.8493361473083496 359
3.8589398860931396 359
3.8671317100524902 359
3.8766870498657227 359
3.884904623031616 359
3.8937880992889404 359
3.9028773307800293 359
3.9217233657836914 359
3.9521820545196533 359
4.010798454284668 359
4.041027307510376 359
4.068077564239502 359
4.1040873527526855 359
4.15103554725647 359
4.1741955280303955 359
4.193950891494751 359
4.210005521774292 359
4.227405071258545 359
4.246865510940552 359
4.265641212463379 359
4.287345886230469 359
4.304298162460327 359
4.32319188117981 359
4.343277931213379 359
4.363422155380249 359
4.37785792350769 359
4.408856391906738 359
4.43415093421936 359
4.475823640823364 359
4.532193422317505 359
4.581469535827637 359
4.618316411972046 359
4.669891357421875 359
4.733891248703003 359
4.763742923736572 359
4.780993700027466 359
4.807117700576782 359
4.822154760360718 359
4.84398889541626 359
4.865196466445923 359
4.883929252624512 359
4.907831430435181 359
4.923516511917114 359
4.932734966278076 359
4.941273212432861 359
4.9514453411102295 359
4.9682159423828125 359
4.977147817611694 359
4.986302375793457 359
4.994843482971191 359
