0 0
0.014314413070678711 0
0.036460161209106445 0
0.050745487213134766 1
0.06851696968078613 5
0.08822798728942871 12
0.10943961143493652 20
0.12440776824951172 29
0.13271880149841309 34
0.14065241813659668 39
0.14957785606384277 44
0.15843462944030762 50
0.1667945384979248 56
0.17639946937561035 63
0.18587613105773926 68
0.19441723823547363 75
0.20331358909606934 81
0.21240687370300293 89
0.22070050239562988 95
0.2303762435913086 100
0.24354243278503418 109
0.2525467872619629 116
0.26057934761047363 121
0.27014780044555664 126
0.27974724769592285 133
0.2888450622558594 139
0.29753565788269043 144
0.30597829818725586 149
0.31546759605407715 155
0.32576942443847656 161
0.33417749404907227 166
0.34258151054382324 171
0.35161828994750977 176
0.35989952087402344 181
0.36889171600341797 186
0.37848663330078125 191
0.38741230964660645 195
0.3960535526275635 199
0.4044032096862793 203
0.4138832092285156 207
0.42338109016418457 213
0.4324171543121338 217
0.4403846263885498 220
0.44901561737060547 223
0.4582865238189697 227
0.4666740894317627 229
0.47548890113830566 233
0.48573780059814453 237
0.49416399002075195 241
0.5025582313537598 246
0.5127575397491455 249
0.5216419696807861 252
0.5307888984680176 254
0.5395445823669434 257
0.547903299331665 261
0.5568726062774658 264
0.5657856464385986 267
0.5742015838623047 269
0.5840878486633301 272
0.5923624038696289 275
0.6003303527832031 277
0.6124725341796875 280
0.6207194328308105 281
0.6342380046844482 282
0.6537878513336182 285
0.6656503677368164 289
0.6769423484802246 293
0.6902384757995605 298
0.702756404876709 301
0.7121434211730957 301
0.7207341194152832 302
0.7295145988464355 303
0.7388293743133545 305
0.7482271194458008 307
0.7565305233001709 309
0.765378475189209 311
0.7737505435943604 311
0.7841858863830566 311
0.7925112247467041 311
0.8004510402679443 312
0.8100993633270264 313
0.819544792175293 315
0.827967643737793 317
0.8369431495666504 318
0.8457365036010742 318
0.8547673225402832 319
0.8634154796600342 320
0.8707618713378906 321
0.8794567584991455 322
0.8897650241851807 323
0.8981671333312988 323
0.9065032005310059 324
0.9164581298828125 325
0.925370454788208 327
0.9346985816955566 328
0.9430840015411377 328
0.9522509574890137 328
0.9601438045501709 328
0.9684827327728271 329
0.9769842624664307 330
0.9883034229278564 332
0.996649980545044 333
1.0054218769073486 333
1.0154545307159424 333
1.0239109992980957 332
1.0322000980377197 333
1.0457231998443604 334
1.0550322532653809 335
1.063645601272583 335
1.0709774494171143 336
1.080193042755127 335
1.0902502536773682 334
1.098710060119629 335
1.1075596809387207 336
1.1185462474822998 337
1.1268248558044434 337
1.1355538368225098 336
1.1449334621429443 335
1.1540484428405762 336
1.162301778793335 337
1.1703088283538818 338
1.1796386241912842 338
1.1895666122436523 337
1.1979711055755615 337
1.206266164779663 337
1.2159807682037354 338
1.2244455814361572 340
1.2334074974060059 341
1.242603063583374 341
1.2509057521820068 341
1.2595784664154053 341
1.2678437232971191 341
1.276181936264038 342
1.2857675552368164 343
1.2950427532196045 344
1.303637981414795 345
1.313493013381958 345
1.320796012878418 345
1.3294501304626465 345
1.3377618789672852 346
1.348215103149414 347
1.3565337657928467 347
1.365422248840332 347
1.3736677169799805 346
1.3823890686035156 346
1.3901934623718262 346
1.4001352787017822 347
1.4098150730133057 347
1.4188551902770996 348
1.4275531768798828 347
1.4360439777374268 347
1.4498176574707031 347
1.4582252502441406 348
1.4668817520141602 349
1.4757773876190186 349
1.4846081733703613 349
1.4939687252044678 348
1.503349781036377 347
1.5143036842346191 347
1.522517204284668 348
1.530595064163208 349
1.5393073558807373 349
1.5489094257354736 349
1.5570974349975586 350
1.5659339427947998 350
1.5742478370666504 350
1.583672046661377 349
1.591097354888916 349
1.6006276607513428 350
1.6107432842254639 351
1.619582176208496 351
1.6298925876617432 349
1.6387460231781006 349
1.648911714553833 348
1.6575815677642822 348
1.6659104824066162 349
1.674316167831421 349
1.6835885047912598 349
1.6909089088439941 349
1.7008895874023438 349
1.710923194885254 349
1.719562292098999 349
1.7278337478637695 349
1.7361586093902588 349
1.7453868389129639 350
1.7548246383666992 349
1.7636024951934814 349
1.7709455490112305 349
1.7801628112792969 350
1.7886171340942383 350
1.7968394756317139 350
1.806971788406372 349
1.8163795471191406 349
1.825378179550171 349
1.833625316619873 349
1.8409514427185059 349
1.8558790683746338 349
1.864281177520752 349
1.8725121021270752 348
1.8809549808502197 348
1.8898239135742188 349
1.8982276916503906 349
1.9108049869537354 349
1.9201695919036865 349
1.9286179542541504 348
1.936840295791626 348
1.946178913116455 348
1.9556763172149658 348
1.9641673564910889 348
1.9735605716705322 348
1.9824821949005127 348
1.990450143814087 348
1.998872995376587 347
2.0110011100769043 347
2.0198304653167725 347
2.030024766921997 347
2.038846254348755 348
2.0480453968048096 347
2.057349443435669 347
2.065950393676758 347
2.074997663497925 347
2.0834832191467285 347
2.090806007385254 346
2.099581003189087 346
2.1104140281677246 346
2.118881940841675 347
2.1275432109832764 347
2.1359076499938965 346
2.1455187797546387 345
2.1548497676849365 345
2.16339373588562 346
2.170854330062866 347
2.1798930168151855 347
2.1883065700531006 347
2.196622610092163 347
2.2069098949432373 347
2.2167205810546875 347
2.225398302078247 347
2.2337169647216797 346
2.242549419403076 345
2.256554365158081 346
2.265427589416504 347
2.2747390270233154 347
2.2830557823181152 347
2.2906458377838135 347
2.299290180206299 346
2.3102617263793945 345
2.319498300552368 345
2.327798366546631 345
2.3362295627593994 346
2.3455886840820312 347
2.3539505004882812 346
2.36372971534729 345
2.3716177940368652 345
2.38020658493042 345
2.388456106185913 345
2.3966493606567383 345
2.4060356616973877 345
2.4165091514587402 345
2.4253454208374023 345
2.4336514472961426 345
2.4424543380737305 344
2.450369358062744 344
2.459967851638794 343
2.4683165550231934 344
2.4768693447113037 345
2.4858005046844482 345
2.4941141605377197 345
2.5022695064544678 344
2.5140743255615234 343
2.5233840942382812 343
2.5307259559631348 344
2.5410966873168945 345
2.5500080585479736 345
2.5583295822143555 345
2.5678093433380127 344
2.576788902282715 343
2.585587501525879 343
2.5941810607910156 344
2.6025567054748535 345
2.6140551567077637 344
2.623091459274292 343
2.6307194232940674 343
2.639893054962158 343
2.653489828109741 343
2.6608309745788574 343
2.671567678451538 343
2.679898262023926 342
2.6883223056793213 342
2.696587324142456 342
2.7063381671905518 342
2.720036268234253 342
2.7333574295043945 342
2.7449018955230713 342
2.7560007572174072 342
2.768324136734009 342
2.7808010578155518 342
2.7904512882232666 341
2.799377202987671 341
2.8088788986206055 341
2.8182551860809326 341
2.826525926589966 341
2.834948778152466 341
2.844271659851074 341
2.8524932861328125 341
2.8603389263153076 341
2.870234489440918 340
2.878742218017578 340
2.8869121074676514 340
2.895580530166626 340
2.9047434329986572 340
2.9137885570526123 340
2.9234321117401123 340
2.93217396736145 339
2.940636396408081 339
2.9493181705474854 339
2.957662582397461 340
2.966179609298706 340
2.9762372970581055 340
2.9847936630249023 339
2.9933085441589355 339
3.0006606578826904 339
3.010442018508911 340
3.0199801921844482 340
3.0293421745300293 339
3.0383212566375732 339
3.0535523891448975 339
3.060924768447876 339
3.0709822177886963 339
3.0797502994537354 339
3.088327169418335 338
3.096625328063965 339
3.1056621074676514 339
3.1148736476898193 339
3.124079704284668 339
3.133429765701294 338
3.1421828269958496 338
3.150179386138916 338
3.1584811210632324 338
3.1666884422302246 338
3.176679849624634 338
3.18556809425354 338
3.193941116333008 337
3.2034199237823486 337
3.212294340133667 337
3.2200915813446045 337
3.229560375213623 337
3.2384719848632812 337
3.2467944622039795 337
3.2555429935455322 337
3.2641775608062744 337
3.2740190029144287 337
3.2823524475097656 336
3.290231227874756 336
3.2985262870788574 336
3.3087337017059326 336
3.3170108795166016 336
3.3266470432281494 336
3.3358094692230225 336
3.3446972370147705 336
3.3529629707336426 336
3.3680381774902344 335
3.3775928020477295 335
3.3860578536987305 336
3.3944499492645264 336
3.4037954807281494 336
3.412992477416992 336
3.420841693878174 335
3.430499315261841 335
3.439615249633789 335
3.453559398651123 335
3.4609344005584717 335
3.4704501628875732 335
3.4800915718078613 334
3.488558292388916 334
3.496824264526367 334
3.506065607070923 335
3.5163168907165527 335
3.524780035018921 335
3.5347530841827393 335
3.543064832687378 334
3.550760269165039 334
3.560469627380371 334
3.569751024246216 334
3.5794174671173096 334
3.5879018306732178 334
3.596255302429199 334
3.6055421829223633 334
3.614729166030884 333
3.6234676837921143 333
3.633096218109131 334
3.640801191329956 334
3.6499710083007812 334
3.658328056335449 333
3.6674370765686035 333
3.676067590713501 332
3.685723066329956 333
3.6941721439361572 333
3.703523874282837 333
3.712519884109497 333
3.7203280925750732 333
3.7287495136260986 332
3.738868236541748 332
3.748577117919922 332
3.7568767070770264 333
3.7663140296936035 333
3.7747442722320557 333
3.784106492996216 332
3.792515277862549 331
3.8008105754852295 331
3.81024169921875 331
3.818509817123413 332
3.826882839202881 332
3.837099313735962 333
3.845895290374756 332
3.8585922718048096 331
3.8682937622070312 331
3.87666916847229 332
3.8864519596099854 333
3.895055055618286 333
3.904322862625122 331
3.9209702014923096 330
3.9306418895721436 329
3.9407131671905518 330
3.950148344039917 331
3.9586002826690674 332
3.9694972038269043 331
3.978372812271118 330
3.98813533782959 330
3.9973645210266113 330
4.005945682525635 330
4.015027046203613 331
4.024159908294678 331
4.033792734146118 330
4.043597459793091 329
4.050991773605347 329
4.060242176055908 330
4.074472427368164 331
4.0844573974609375 331
4.094155550003052 331
4.10361123085022 330
4.113007068634033 330
4.120696306228638 329
4.129859447479248 330
4.139542579650879 331
4.147978782653809 331
4.156301975250244 330
4.165682792663574 329
4.174079656600952 329
4.182304620742798 329
4.191622257232666 329
4.200338363647461 329
4.209832668304443 329
4.218106985092163 329
4.22655987739563 329
4.2358622550964355 328
4.245532989501953 328
4.258388519287109 328
4.266940355300903 327
4.275847434997559 327
4.284445762634277 327
4.293924570083618 327
4.302684783935547 328
4.312079906463623 328
4.319977521896362 327
4.329403400421143 327
4.337838649749756 326
4.347567796707153 327
4.356275796890259 327
4.366253852844238 328
4.374699115753174 327
4.38338041305542 326
4.392501354217529 326
4.400928974151611 326
4.410581588745117 327
4.419440984725952 327
4.428207874298096 327
4.43652606010437 327
4.445930004119873 327
4.45425271987915 327
4.4637980461120605 326
4.472145318984985 326
4.480072498321533 326
4.488555669784546 326
4.498477458953857 326
4.5083348751068115 326
4.516671419143677 326
4.525530815124512 326
4.535526990890503 326
4.546316385269165 325
4.554926872253418 325
4.564165115356445 325
4.573044061660767 325
4.580657243728638 325
4.58949613571167 325
4.599451065063477 325
4.608548164367676 325
4.616929292678833 324
4.625664949417114 324
4.634778261184692 324
4.643444776535034 325
4.652719259262085 325
4.665672063827515 325
4.674124479293823 324
4.682518720626831 323
4.690571308135986 323
4.700871706008911 324
4.710458040237427 325
4.719033479690552 325
4.728208303451538 325
4.736503601074219 324
4.74547815322876 323
4.754995107650757 323
4.764243841171265 324
4.773512840270996 325
4.780945062637329 325
4.793406963348389 324
4.806249380111694 323
4.818384647369385 322
4.830430746078491 323
4.842410087585449 324
4.855069160461426 325
4.868330240249634 325
4.880441904067993 323
4.893436431884766 321
4.902590274810791 321
4.916139125823975 321
4.925099849700928 322
4.933725118637085 323
4.941611051559448 323
4.950049638748169 322
4.96014404296875 321
4.968563556671143 321
4.976828575134277 321
4.985541820526123 322
4.9953224658966064 322
