0 0
0.015679359436035156 0
0.0359044075012207 0
0.05247783660888672 2
0.07230591773986816 7
0.09007000923156738 14
0.10958671569824219 23
0.1258862018585205 33
0.13765501976013184 40
0.1475989818572998 47
0.15609192848205566 52
0.165574312210083 59
0.17613840103149414 66
0.1861891746520996 74
0.19643020629882812 82
0.2057955265045166 88
0.21420025825500488 95
0.22539544105529785 103
0.23491716384887695 111
0.24410629272460938 118
0.2533392906188965 125
0.2606930732727051 133
0.27084827423095703 138
0.28051304817199707 145
0.2898848056793213 151
0.29845309257507324 158
0.30782437324523926 163
0.31625914573669434 169
0.32615184783935547 175
0.33551907539367676 182
0.3438403606414795 187
0.3521616458892822 193
0.3600432872772217 197
0.36935997009277344 203
0.378814697265625 209
0.3885009288787842 215
0.3968186378479004 219
0.4062356948852539 223
0.414837121963501 227
0.4284353256225586 232
0.4379119873046875 236
0.446502685546875 240
0.45589137077331543 244
0.46436142921447754 248
0.47419118881225586 251
0.48383283615112305 254
0.4934239387512207 257
0.5022962093353271 261
0.5103120803833008 264
0.5188560485839844 269
0.5336182117462158 274
0.5409772396087646 276
0.5499238967895508 278
0.5593433380126953 280
0.5689957141876221 283
0.5794832706451416 286
0.5888669490814209 290
0.5978198051452637 292
0.6065216064453125 294
0.615440845489502 295
0.6239757537841797 295
0.6344189643859863 298
0.6434452533721924 300
0.6508674621582031 303
0.6595344543457031 305
0.6683938503265381 307
0.6773548126220703 308
0.6881692409515381 309
0.6973724365234375 310
0.7065162658691406 311
0.7153246402740479 313
0.7237136363983154 316
0.7335126399993896 319
0.7420964241027832 320
0.7508487701416016 321
0.7624597549438477 321
0.771625280380249 321
0.7804012298583984 322
0.7906830310821533 324
0.800126314163208 326
0.8087270259857178 327
0.8178515434265137 328
0.8298981189727783 329
0.8400626182556152 329
0.8497614860534668 329
0.8594350814819336 331
0.8685519695281982 333
0.8769028186798096 334
0.8873538970947266 335
0.8964786529541016 335
0.9055836200714111 335
0.9139540195465088 335
0.9222466945648193 336
0.9309148788452148 337
0.9409189224243164 339
0.9497582912445068 340
0.9581847190856934 340
0.9670007228851318 339
0.9757065773010254 339
0.9846982955932617 340
0.9950523376464844 341
1.0042309761047363 343
1.0126416683197021 343
1.0204346179962158 343
1.0287463665008545 343
1.0389654636383057 343
1.0475928783416748 345
1.0559823513031006 345
1.0647046566009521 345
1.0733363628387451 345
1.0806500911712646 346
1.0923583507537842 347
1.100841760635376 347
1.1104202270507812 347
1.1188085079193115 347
1.1285786628723145 347
1.1377887725830078 347
1.1468415260314941 348
1.1556329727172852 349
1.164851427078247 349
1.1733696460723877 349
1.1806745529174805 349
1.1921658515930176 349
1.2006516456604004 349
1.2095105648040771 349
1.2177481651306152 349
1.2304046154022217 350
1.2394499778747559 351
1.2548067569732666 351
1.2638165950775146 351
1.2730510234832764 351
1.2806017398834229 351
1.2923643589019775 351
1.300595760345459 351
1.309000015258789 351
1.3170294761657715 352
1.3258388042449951 352
1.334998369216919 352
1.3454844951629639 351
1.3543391227722168 351
1.3640029430389404 351
1.3721730709075928 351
1.3799967765808105 352
1.389514684677124 352
1.4003257751464844 352
1.4123425483703613 351
1.4237048625946045 351
1.435699701309204 352
1.4502613544464111 353
1.4634902477264404 353
1.474916934967041 351
1.486626148223877 350
1.500455379486084 350
1.5087928771972656 351
1.5173041820526123 352
1.5260193347930908 353
1.5352942943572998 353
1.5435407161712646 352
1.5527102947235107 351
1.5620880126953125 350
1.570019006729126 351
1.5783987045288086 352
1.5870492458343506 353
1.5982105731964111 353
1.6064791679382324 352
1.61531662940979 351
1.6236450672149658 350
1.6365737915039062 351
1.6457252502441406 352
1.6554946899414062 353
1.664689064025879 354
1.672994613647461 353
1.680687427520752 353
1.6907243728637695 353
1.7016210556030273 353
1.7099428176879883 353
1.7182209491729736 353
1.727599859237671 353
1.7359895706176758 353
1.744239330291748 352
1.7538197040557861 352
1.7624444961547852 352
1.772108793258667 352
1.7829625606536865 353
1.792917251586914 353
1.802194595336914 352
1.8100037574768066 352
1.8183164596557617 352
1.827528476715088 352
1.8358471393585205 352
1.8440866470336914 351
1.8538734912872314 351
1.8627171516418457 351
1.8705244064331055 351
1.878943681716919 351
1.8882930278778076 351
1.89693021774292 351
1.906414270401001 351
1.9148542881011963 351
1.9233810901641846 351
1.932206630706787 350
1.9399998188018799 350
1.948523998260498 350
1.9585134983062744 350
1.9667153358459473 350
1.975419282913208 350
1.9838247299194336 350
1.9935805797576904 350
2.0008931159973145 350
2.012423276901245 349
2.0203351974487305 349
2.0340993404388428 350
2.042466640472412 351
2.0504071712493896 352
2.0605762004852295 351
2.0694777965545654 351
2.0777578353881836 351
2.0860469341278076 350
2.0984103679656982 350
2.10794734954834 349
2.116328239440918 350
2.1258108615875244 350
2.1346654891967773 350
2.1445302963256836 350
2.153536319732666 349
2.1634361743927 349
2.1708126068115234 349
2.1794915199279785 350
2.188997507095337 350
2.198164701461792 350
2.2095279693603516 349
2.218320846557617 348
2.2273499965667725 348
2.235774278640747 349
2.2443723678588867 349
2.2526185512542725 350
2.26334285736084 349
2.270812511444092 349
2.2794857025146484 348
2.2887046337127686 348
2.2978429794311523 348
2.306260585784912 349
2.3163607120513916 349
2.325500726699829 349
2.3337743282318115 348
2.342047691345215 347
2.3499507904052734 347
2.3594579696655273 347
2.369563102722168 348
2.3779289722442627 348
2.386183977127075 347
2.396219253540039 347
2.404677152633667 347
2.413991689682007 347
2.423692226409912 347
2.4361093044281006 347
2.444729804992676 346
2.4533252716064453 346
2.462653160095215 346
2.4704649448394775 346
2.4788317680358887 346
2.4888038635253906 346
2.4969115257263184 346
2.5056793689727783 346
2.514866352081299 346
2.5237209796905518 345
2.5320322513580322 345
2.539926767349243 345
2.548389196395874 346
2.557382106781006 346
2.5666279792785645 346
2.575333595275879 346
2.583540916442871 345
2.5926458835601807 345
2.600447177886963 345
2.6093952655792236 345
2.6185226440429688 345
2.6280903816223145 345
2.6364123821258545 345
2.6448822021484375 345
2.653402328491211 344
2.6623682975769043 344
2.6715383529663086 344
2.6799099445343018 345
2.6905009746551514 345
2.6988565921783447 345
2.7070388793945312 345
2.7165515422821045 344
2.7264108657836914 344
2.734901189804077 345
2.7437005043029785 345
2.752913475036621 345
2.7615904808044434 344
2.7708420753479004 344
2.7795443534851074 343
2.789663791656494 343
2.7980520725250244 344
2.80786395072937 344
2.8168716430664062 344
2.826896905899048 343
2.8396692276000977 343
2.8482601642608643 343
2.856862783432007 343
2.8655402660369873 343
2.8747644424438477 343
2.8829896450042725 343
2.893418550491333 343
2.900747776031494 342
2.9096946716308594 342
2.9180068969726562 342
2.927790641784668 343
2.9361836910247803 343
2.9445738792419434 343
2.9536526203155518 342
2.9616024494171143 341
2.9720726013183594 341
2.9799699783325195 341
2.9900786876678467 343
2.998446226119995 343
3.006782293319702 342
3.0155978202819824 341
3.0258805751800537 341
3.039638042449951 342
3.059262275695801 343
3.0778286457061768 342
3.105863332748413 335
3.1250383853912354 333
3.148996353149414 336
3.1699752807617188 341
3.1868855953216553 345
3.2043962478637695 345
3.223832845687866 342
3.2484140396118164 337
3.269545078277588 336
3.2890021800994873 339
3.3101401329040527 343
3.3298990726470947 347
3.341648817062378 347
3.3499910831451416 345
3.359642744064331 344
3.3682007789611816 343
3.377814292907715 343
3.3869991302490234 344
3.396242380142212 345
3.4048211574554443 345
3.413492202758789 345
3.422354221343994 344
3.430973768234253 343
3.440115213394165 342
3.4487619400024414 342
3.458064556121826 343
3.4663259983062744 343
3.4748010635375977 343
3.4855072498321533 343
3.4975688457489014 343
3.5093882083892822 341
3.522346019744873 340
3.534799337387085 339
3.546802043914795 340
3.55928635597229 343
3.5693132877349854 344
3.5776445865631104 344
3.5946598052978516 343
3.6033291816711426 341
3.610776424407959 341
3.620144844055176 340
3.628722906112671 341
3.643540382385254 342
3.652360200881958 342
3.6621079444885254 341
3.6700918674468994 340
3.678814649581909 339
3.6902365684509277 339
3.6987266540527344 341
3.706969976425171 341
3.716129779815674 341
3.724576234817505 341
3.732682704925537 340
3.7422099113464355 339
3.7523128986358643 339
3.760179042816162 340
3.768663167953491 341
3.7768797874450684 341
3.786813497543335 340
3.796290397644043 339
3.8049678802490234 338
3.8135647773742676 337
3.8223609924316406 337
3.830211877822876 337
3.8395442962646484 337
3.848267078399658 337
3.8568830490112305 337
3.865649938583374 337
3.8739614486694336 337
3.8830230236053467 336
3.8935675621032715 336
3.9010016918182373 335
3.9097654819488525 336
3.9189679622650146 337
3.9275872707366943 337
3.9362804889678955 335
3.945845365524292 335
3.9547386169433594 336
3.963402271270752 337
3.9725072383880615 337
3.9823877811431885 336
3.9929325580596924 335
4.000627517700195 334
4.00947380065918 334
4.0193586349487305 335
4.054042339324951 335
4.0622100830078125 334
4.070451259613037 333
4.080002307891846 333
4.098416566848755 335
4.10735297203064 336
4.116477727890015 337
4.125488758087158 337
4.1338818073272705 335
4.143693208694458 335
4.1553661823272705 335
4.163803339004517 335
4.172444581985474 335
4.180626392364502 335
4.190140008926392 335
4.199785470962524 334
4.209681987762451 333
4.218518495559692 333
4.226912260055542 334
4.235707998275757 335
4.244979381561279 335
4.253954887390137 335
4.262699604034424 334
4.270610332489014 333
4.279981851577759 333
4.289532661437988 334
4.298722267150879 335
4.306969881057739 335
4.31603217124939 335
4.324632406234741 334
4.333052635192871 333
4.34069037437439 333
4.3507981300354 334
4.360067844390869 335
4.3684728145599365 335
4.376720428466797 335
4.385987281799316 334
4.396351337432861 333
4.405350208282471 333
4.414086580276489 334
4.422469615936279 335
4.4304187297821045 335
4.444926023483276 333
4.454692363739014 333
4.463503837585449 333
4.470860958099365 333
4.47989821434021 333
4.4888739585876465 333
4.498338460922241 332
4.506826400756836 332
4.516273736953735 331
4.524908065795898 332
4.533565044403076 333
4.540952444076538 333
4.55154275894165 333
4.559956073760986 331
4.568972826004028 331
4.578096151351929 331
4.586669445037842 331
4.596001148223877 331
4.605488061904907 331
4.614409446716309 331
4.622630834579468 331
4.6304030418396 331
4.638784646987915 330
4.647832632064819 330
4.656890869140625 330
4.666038513183594 330
4.674368381500244 330
4.683805465698242 330
4.693556785583496 330
4.702437877655029 329
4.711031675338745 329
4.722627878189087 330
4.730530500411987 331
4.739315748214722 331
4.748228073120117 330
4.757915735244751 329
4.766350507736206 328
4.776273965835571 328
4.784778833389282 328
4.793997764587402 329
4.803630113601685 329
4.812270879745483 329
4.820105791091919 328
4.828779458999634 328
4.840835809707642 328
4.849955320358276 328
4.859530448913574 328
4.8678953647613525 328
4.876778841018677 329
4.886111497879028 328
4.895718097686768 327
4.905032634735107 327
4.913826942443848 327
4.921661615371704 328
4.930013179779053 328
4.93837571144104 328
4.947582006454468 327
4.956897020339966 327
4.965664386749268 326
4.97469425201416 327
4.983737945556641 327
4.992987632751465 327
