0 0
0.014858007431030273 0
0.0316619873046875 0
0.0518038272857666 2
0.06912374496459961 7
0.08717966079711914 15
0.1133260726928711 31
0.13526058197021484 41
0.14872026443481445 49
0.1600944995880127 59
0.1733694076538086 67
0.18477559089660645 75
0.19739651679992676 85
0.20592141151428223 91
0.2148735523223877 97
0.2232217788696289 103
0.23342275619506836 112
0.24181413650512695 118
0.25081610679626465 126
0.25928449630737305 131
0.26859283447265625 139
0.27693796157836914 145
0.28597211837768555 153
0.29477500915527344 159
0.30411314964294434 167
0.3126857280731201 174
0.32018208503723145 180
0.3313417434692383 189
0.3400135040283203 195
0.35008931159973145 202
0.3588898181915283 207
0.36793065071105957 214
0.3761923313140869 219
0.3859724998474121 225
0.39472293853759766 230
0.40395379066467285 235
0.4125962257385254 240
0.4200572967529297 245
0.4321575164794922 251
0.44144701957702637 255
0.450115442276001 259
0.45882391929626465 263
0.4678831100463867 267
0.47620487213134766 269
0.485797643661499 273
0.49512743949890137 276
0.5035288333892822 280
0.5124428272247314 283
0.5198421478271484 287
0.5291275978088379 289
0.5388627052307129 291
0.5488584041595459 295
0.5572242736816406 297
0.565758228302002 299
0.5745193958282471 301
0.5828568935394287 303
0.5961933135986328 307
0.6051435470581055 308
0.6135830879211426 311
0.6224567890167236 313
0.6313388347625732 315
0.6398870944976807 316
0.6495754718780518 318
0.6579971313476562 319
0.6670007705688477 320
0.6753847599029541 322
0.6838929653167725 324
0.6940021514892578 325
0.70259690284729 327
0.7099850177764893 328
0.7187061309814453 329
0.7275776863098145 329
0.7359559535980225 330
0.7455019950866699 332
0.7548828125 333
0.7639603614807129 333
0.7727146148681641 334
0.7801344394683838 335
0.789860725402832 336
0.7993268966674805 337
0.8077003955841064 339
0.8159101009368896 339
0.8246574401855469 339
0.8334064483642578 339
0.8430554866790771 341
0.8534121513366699 343
0.8633754253387451 345
0.8717312812805176 345
0.8796186447143555 345
0.888042688369751 345
0.8979640007019043 345
0.9067025184631348 346
0.9152119159698486 347
0.9235246181488037 348
0.933814525604248 349
0.94354248046875 349
0.9529452323913574 350
0.9629182815551758 351
0.9707589149475098 351
0.9789993762969971 351
0.9874222278594971 350
1.0016469955444336 350
1.0095915794372559 351
1.0181801319122314 351
1.027726411819458 352
1.0361123085021973 351
1.0458946228027344 351
1.0553202629089355 351
1.0648736953735352 351
1.0735828876495361 352
1.0818819999694824 353
1.089914083480835 353
1.0999171733856201 352
1.108717441558838 351
1.1170949935913086 351
1.1258940696716309 351
1.1346313953399658 352
1.1430649757385254 353
1.1533246040344238 353
1.1631805896759033 353
1.1715474128723145 352
1.179396629333496 352
1.187669038772583 353
1.197643756866455 353
1.2060434818267822 353
1.214695692062378 353
1.222935676574707 352
1.231818437576294 352
1.2396271228790283 352
1.2547733783721924 353
1.2639567852020264 354
1.273024559020996 354
1.2808191776275635 353
1.2892556190490723 353
1.2992660999298096 353
1.307591199874878 353
1.315913200378418 354
1.3255112171173096 354
1.333925485610962 354
1.3421993255615234 353
1.3529162406921387 353
1.3615036010742188 353
1.3697590827941895 354
1.3785960674285889 354
1.3870131969451904 354
1.401843786239624 353
1.4097673892974854 353
1.418562412261963 353
1.427635669708252 354
1.4360096454620361 354
1.4453253746032715 354
1.4575550556182861 353
1.4658069610595703 353
1.4750428199768066 353
1.4833176136016846 353
1.492612361907959 354
1.5000486373901367 354
1.5098559856414795 354
1.5187156200408936 353
1.5273594856262207 353
1.5356791019439697 353
1.5441393852233887 353
1.5548808574676514 354
1.564100742340088 353
1.5727312564849854 353
1.5800538063049316 353
1.5891671180725098 353
1.5975682735443115 353
1.6069703102111816 353
1.6153130531311035 353
1.6246747970581055 353
1.6329584121704102 353
1.6407270431518555 353
1.6496870517730713 353
1.659489393234253 353
1.6678435802459717 353
1.6759827136993408 353
1.6852765083312988 353
1.69413423538208 353
1.7026739120483398 353
1.711791753768921 353
1.7195820808410645 353
1.7279388904571533 353
1.7360444068908691 353
1.7448575496673584 353
1.754124641418457 353
1.7635188102722168 353
1.771772861480713 353
1.780017375946045 353
1.78865385055542 353
1.8007776737213135 353
1.8100028038024902 353
1.8189632892608643 353
1.8273401260375977 353
1.8355982303619385 353
1.8448457717895508 353
1.8548669815063477 353
1.8645286560058594 353
1.8727638721466064 353
1.8824517726898193 353
1.8897831439971924 353
1.8984768390655518 353
1.9067811965942383 353
1.9167907238006592 353
1.9253358840942383 352
1.9339005947113037 352
1.942579746246338 352
1.9531705379486084 352
1.9631364345550537 352
1.971343994140625 353
1.97975754737854 353
1.9891011714935303 352
1.9974658489227295 352
2.007402181625366 352
2.0175037384033203 351
2.025780439376831 352
2.034608840942383 352
2.043567657470703 353
2.0528793334960938 352
2.060715913772583 351
2.0697481632232666 351
2.0793251991271973 351
2.0885043144226074 352
2.096820592880249 352
2.1053407192230225 352
2.1155238151550293 352
2.1239593029022217 352
2.1322195529937744 351
2.1399130821228027 351
2.1497676372528076 351
2.158561944961548 351
2.170046329498291 351
2.1832427978515625 351
2.199268341064453 351
2.2128450870513916 350
2.2254250049591064 349
2.2369489669799805 349
2.2508020401000977 351
2.2596616744995117 352
2.2693307399749756 351
2.2785277366638184 350
2.2870705127716064 349
2.2958877086639404 349
2.305598020553589 350
2.3168156147003174 351
2.3258206844329834 351
2.3346738815307617 351
2.343533515930176 349
2.3529250621795654 349
2.3608481884002686 350
2.3717942237854004 351
2.380155324935913 351
2.3888559341430664 350
2.397249937057495 349
2.405684471130371 349
2.4149999618530273 350
2.424673318862915 350
2.4330461025238037 350
2.4415040016174316 349
2.4507861137390137 349
2.45902156829834 349
2.4674429893493652 349
2.477532148361206 349
2.4857563972473145 349
2.4949963092803955 349
2.5032806396484375 349
2.512216329574585 348
2.5215885639190674 349
2.5296437740325928 349
2.5380330085754395 349
2.5480055809020996 349
2.5562212467193604 349
2.5648746490478516 348
2.574571132659912 348
2.583045721054077 348
2.5912280082702637 348
2.6037440299987793 348
2.611858367919922 348
2.61974835395813 347
2.629392147064209 347
2.6384949684143066 347
2.6477155685424805 347
2.6560146808624268 348
2.66465163230896 347
2.673879861831665 347
2.6821539402008057 347
2.6897406578063965 347
2.698796272277832 347
2.707221031188965 347
2.7155251502990723 347
2.7251203060150146 346
2.7334463596343994 346
2.741767644882202 346
2.7507340908050537 346
2.7589471340179443 347
2.7674942016601562 347
2.776975154876709 346
2.785291910171509 345
2.7946784496307373 345
2.8030474185943604 345
2.811192750930786 345
2.8189897537231445 346
2.8293943405151367 346
2.8376412391662598 346
2.8460540771484375 346
2.856043815612793 346
2.86472487449646 345
2.8738112449645996 345
2.884887218475342 346
2.8932547569274902 347
2.9016122817993164 347
2.909456729888916 346
2.917997360229492 345
2.9274773597717285 345
2.9358108043670654 345
2.9447054862976074 346
2.953892230987549 347
2.9624345302581787 347
2.9698903560638428 346
2.979429006576538 345
2.9879279136657715 346
3.0013675689697266 347
3.0095009803771973 346
3.0181753635406494 345
3.0268003940582275 345
3.0359649658203125 345
3.045196294784546 345
3.0546298027038574 345
3.0630643367767334 345
3.0712287425994873 345
3.0813591480255127 345
3.0891995429992676 345
3.097501277923584 344
3.1058480739593506 344
3.1155431270599365 344
3.124094247817993 344
3.1334614753723145 345
3.1429357528686523 345
3.1517462730407715 345
3.1595818996429443 344
3.168034791946411 344
3.1772706508636475 344
3.1869304180145264 344
3.1952273845672607 344
3.2035319805145264 344
3.2132904529571533 344
3.221503257751465 344
3.229325771331787 344
3.239438772201538 343
3.2491848468780518 343
3.257554531097412 343
3.2657382488250732 344
3.274923324584961 344
3.284137010574341 344
3.292719602584839 344
3.3001620769500732 343
3.309699773788452 343
3.318909168243408 343
3.3271071910858154 344
3.3365519046783447 344
3.3455088138580322 343
3.35500431060791 343
3.369476556777954 343
3.3789358139038086 343
3.389436960220337 343
3.397937774658203 344
3.411414384841919 343
3.419907331466675 342
3.4289398193359375 342
3.439051389694214 342
3.448577404022217 343
3.456934690475464 343
3.4652507305145264 343
3.4739699363708496 342
3.4827568531036377 342
3.492131233215332 342
3.499746084213257 342
3.5091609954833984 343
3.518031597137451 343
3.52671217918396 342
3.5350537300109863 342
3.5449371337890625 342
3.55419659614563 342
3.562760591506958 343
3.5700957775115967 342
3.5791287422180176 342
3.5874948501586914 342
3.5970253944396973 342
3.606048107147217 342
3.61466908454895 342
3.6234610080718994 342
3.6317429542541504 342
3.641845941543579 342
3.650749444961548 342
3.6589837074279785 342
3.6674678325653076 342
3.6766889095306396 342
3.68515682220459 342
3.6946990489959717 342
3.7038326263427734 341
3.7122299671173096 341
3.7197799682617188 341
3.729067087173462 341
3.737992286682129 341
3.748586416244507 341
3.7568085193634033 341
3.765392303466797 341
3.7746996879577637 341
3.7832655906677246 340
3.792778730392456 340
3.8057472705841064 340
3.814671516418457 340
3.8230538368225098 340
3.831278085708618 340
3.839885950088501 339
3.8516952991485596 339
3.8595266342163086 340
3.8680262565612793 341
3.8773651123046875 340
3.8857345581054688 339
3.897209882736206 339
3.906926155090332 339
3.9152188301086426 340
3.9265003204345703 341
3.936190128326416 340
3.9458329677581787 339
3.9552130699157715 338
3.9639081954956055 338
3.9728450775146484 339
3.9808154106140137 340
3.9891412258148193 340
3.99871826171875 340
4.007490396499634 339
4.015798807144165 339
4.024735689163208 338
4.033842086791992 339
4.043081760406494 339
4.053166389465332 339
4.061351776123047 339
4.0697410106658936 339
4.078163385391235 339
4.086719512939453 339
4.095138311386108 338
4.105252742767334 338
4.113584995269775 338
4.121808052062988 338
4.129619836807251 338
4.139326333999634 338
4.149584531784058 339
4.158535718917847 339
4.166781902313232 338
4.175755500793457 338
4.184530735015869 337
4.192980051040649 338
4.207247734069824 339
4.215711355209351 339
4.224587917327881 338
4.233929395675659 337
4.243546962738037 337
4.267398834228516 340
4.279308080673218 341
4.291557312011719 341
4.3053882122039795 340
4.316730260848999 339
4.337657690048218 339
4.349255561828613 340
4.358769655227661 340
4.36980414390564 339
4.378549575805664 339
4.387069225311279 339
4.395483732223511 338
4.405670642852783 339
4.414672374725342 339
4.422952890396118 339
4.43072247505188 339
4.439909219741821 338
4.4495978355407715 337
4.459152698516846 337
4.468565464019775 337
4.4770166873931885 338
4.4853479862213135 338
4.493727207183838 338
4.503061294555664 337
4.512563228607178 337
4.51994776725769 337
4.528689861297607 337
4.5374791622161865 337
4.546101093292236 336
4.556045293807983 336
4.565537214279175 336
4.573971271514893 336
4.582507610321045 337
4.589990854263306 337
4.599079847335815 336
4.6134984493255615 335
4.621807813644409 334
4.629997253417969 335
4.639405727386475 336
4.649403095245361 337
4.65896463394165 337
4.667754411697388 335
4.676526784896851 335
4.685260772705078 334
4.693854331970215 334
4.703059911727905 334
4.712565898895264 335
4.719926595687866 335
4.728630304336548 335
4.737186908721924 334
4.745895147323608 334
4.755183696746826 334
4.765164136886597 334
4.773534059524536 335
4.781816482543945 334
4.789705276489258 334
4.799010515213013 334
4.807509183883667 334
4.816967010498047 334
4.825303077697754 334
4.83463191986084 333
4.842991352081299 334
4.853810548782349 334
4.864139795303345 334
4.873176097869873 333
4.882126331329346 333
4.889790773391724 332
4.8989417552948 332
4.907267093658447 333
4.9169089794158936 333
4.925390720367432 333
4.934826374053955 333
4.943170547485352 332
4.953047275543213 332
4.963183641433716 332
4.971383810043335 333
4.979357481002808 333
4.987897872924805 333
4.997060298919678 332
