0 0
0.01503753662109375 0
0.03381919860839844 0
0.0537569522857666 2
0.07139348983764648 6
0.09025835990905762 14
0.11006283760070801 24
0.12557148933410645 32
0.13430190086364746 37
0.14355206489562988 42
0.15366101264953613 49
0.1621410846710205 56
0.17193293571472168 62
0.18192529678344727 70
0.19036388397216797 75
0.1991286277770996 81
0.20762014389038086 88
0.21683502197265625 94
0.22598505020141602 101
0.233842134475708 106
0.24312353134155273 111
0.25225138664245605 116
0.26141786575317383 120
0.2698554992675781 126
0.2795886993408203 130
0.28798627853393555 136
0.2967686653137207 141
0.30423617362976074 146
0.3134326934814453 150
0.3218991756439209 155
0.33164358139038086 159
0.340024471282959 163
0.3492565155029297 167
0.3592982292175293 172
0.36772680282592773 177
0.37699007987976074 182
0.386136531829834 185
0.39411282539367676 189
0.40282440185546875 193
0.4119288921356201 198
0.42017364501953125 200
0.43409085273742676 206
0.4433722496032715 209
0.45302867889404297 214
0.461498498916626 217
0.4699127674102783 221
0.47925615310668945 224
0.4888467788696289 228
0.49718308448791504 230
0.5050523281097412 234
0.5140173435211182 236
0.5228681564331055 239
0.5321083068847656 242
0.5413837432861328 244
0.5497655868530273 246
0.5592539310455322 248
0.5676758289337158 252
0.5771441459655762 254
0.5864794254302979 257
0.5942049026489258 258
0.6029534339904785 260
0.6116118431091309 262
0.6198968887329102 264
0.628786563873291 267
0.639153003692627 270
0.648240327835083 272
0.658757209777832 274
0.6675460338592529 275
0.6774351596832275 276
0.6887953281402588 279
0.6971867084503174 281
0.7054471969604492 284
0.7139503955841064 285
0.7228145599365234 286
0.7311973571777344 286
0.741400957107544 289
0.749861478805542 292
0.7593278884887695 294
0.768308162689209 296
0.7773902416229248 297
0.7867882251739502 298
0.7941477298736572 300
0.8028507232666016 300
0.8117046356201172 302
0.8200573921203613 304
0.8288686275482178 306
0.8433136940002441 307
0.8530046939849854 307
0.8615257740020752 307
0.8707952499389648 308
0.8798627853393555 310
0.8895959854125977 312
0.8981714248657227 314
0.9069528579711914 314
0.9143705368041992 314
0.9230916500091553 314
0.9315676689147949 316
0.9414315223693848 316
0.9497237205505371 317
0.9591145515441895 318
0.9675552845001221 319
0.9769999980926514 320
0.9843084812164307 321
0.9940011501312256 321
1.0028202533721924 322
1.011819839477539 322
1.0201313495635986 322
1.0289521217346191 323
1.0380580425262451 325
1.047785997390747 327
1.0572853088378906 327
1.0656166076660156 328
1.0739338397979736 328
1.0831902027130127 328
1.0927391052246094 328
1.1012191772460938 329
1.1103579998016357 331
1.1191325187683105 333
1.1275107860565186 334
1.1357941627502441 334
1.1459290981292725 333
1.1543517112731934 333
1.1630985736846924 334
1.1727559566497803 335
1.1816136837005615 336
1.1913907527923584 336
1.2007396221160889 336
1.2098743915557861 336
1.2183117866516113 336
1.2269346714019775 337
1.2396607398986816 340
1.2494385242462158 342
1.2590835094451904 343
1.2674860954284668 343
1.2767632007598877 342
1.2855210304260254 342
1.2935247421264648 342
1.303292989730835 342
1.3117899894714355 344
1.3201229572296143 344
1.3288419246673584 344
1.3375639915466309 344
1.3471930027008057 345
1.3561413288116455 346
1.3641552925109863 346
1.3735053539276123 346
1.3824265003204346 346
1.390479564666748 346
1.399963140487671 346
1.409621238708496 347
1.4180982112884521 348
1.426741361618042 348
1.4342374801635742 348
1.4433448314666748 347
1.4537386894226074 347
1.4621188640594482 347
1.4714219570159912 348
1.4798479080200195 349
1.4891958236694336 350
1.498748540878296 349
1.5075666904449463 348
1.5159215927124023 346
1.5238392353057861 346
1.5324268341064453 346
1.5416052341461182 347
1.5518345832824707 348
1.560234546661377 348
1.5693769454956055 347
1.5778083801269531 347
1.5860462188720703 347
1.5939764976501465 348
1.6042149066925049 348
1.6129083633422852 348
1.621338129043579 348
1.6296660900115967 349
1.6430060863494873 349
1.6538753509521484 349
1.662663459777832 348
1.6717708110809326 348
1.6800041198730469 348
1.6890695095062256 348
1.6988041400909424 349
1.7099323272705078 350
1.7187411785125732 350
1.7270047664642334 350
1.7355425357818604 349
1.7435188293457031 349
1.7538700103759766 349
1.7622179985046387 350
1.7716610431671143 350
1.7799072265625 350
1.7883803844451904 350
1.7973127365112305 350
1.807380199432373 349
1.8155713081359863 349
1.8233873844146729 350
1.8319413661956787 350
1.8412144184112549 350
1.8495192527770996 350
1.859710693359375 349
1.869194746017456 349
1.8775701522827148 349
1.8858625888824463 349
1.8942818641662598 349
1.903522253036499 350
1.9130942821502686 350
1.921314001083374 350
1.9310436248779297 349
1.9436094760894775 349
1.9579832553863525 349
1.969839096069336 350
1.9810247421264648 350
1.9923925399780273 350
2.009199857711792 348
2.0176467895507812 348
2.0258946418762207 348
2.0390307903289795 348
2.0474088191986084 348
2.0610573291778564 348
2.070000410079956 348
2.0787458419799805 348
2.0869932174682617 348
2.0942764282226562 347
2.104180097579956 347
2.115084171295166 348
2.1233842372894287 348
2.133047342300415 348
2.1414358615875244 348
2.149698257446289 348
2.1590514183044434 348
2.1700351238250732 348
2.1796374320983887 348
2.188178539276123 347
2.1968226432800293 347
2.206092119216919 348
2.2156124114990234 348
2.2234349250793457 348
2.2326979637145996 348
2.241060495376587 347
2.249561309814453 347
2.258845567703247 348
2.2689356803894043 348
2.2772035598754883 348
2.284996747970581 347
2.293370485305786 347
2.3022074699401855 347
2.3115177154541016 347
2.3209228515625 347
2.3364055156707764 348
2.3443174362182617 348
2.3537750244140625 347
2.362220287322998 346
2.372433662414551 346
2.3807485103607178 347
2.3892922401428223 348
2.398782253265381 348
2.4075233936309814 348
2.416999340057373 347
2.4244093894958496 346
2.4335744380950928 346
2.4460341930389404 346
2.4544053077697754 346
2.4631881713867188 346
2.4733095169067383 346
2.4815900325775146 346
2.4899868965148926 346
2.499330520629883 346
2.5082266330718994 346
2.5175256729125977 346
2.5257580280303955 345
2.534400224685669 345
2.5430455207824707 345
2.5522782802581787 345
2.5604233741760254 345
2.570800304412842 345
2.579176187515259 345
2.587428569793701 345
2.5956010818481445 344
2.603850841522217 344
2.6131443977355957 345
2.622821569442749 346
2.6318957805633545 346
2.6402082443237305 345
2.6490132808685303 344
2.6600940227508545 343
2.670254945755005 344
2.679004192352295 345
2.6874232292175293 346
2.6967155933380127 346
2.704091787338257 346
2.714287519454956 345
2.7238590717315674 344
2.733412504196167 344
2.741763114929199 345
2.7503833770751953 346
2.7597382068634033 346
2.7714672088623047 346
2.780191659927368 345
2.789189577102661 344
2.7978427410125732 344
2.8060708045959473 345
2.813957691192627 346
2.8241336345672607 346
2.8356118202209473 344
2.8490779399871826 344
2.858403444290161 344
2.867612600326538 344
2.8770570755004883 344
2.884376049041748 345
2.894136428833008 345
2.9031119346618652 344
2.9116921424865723 344
2.9209377765655518 344
2.9308056831359863 344
2.9392409324645996 344
2.9482779502868652 344
2.959003210067749 343
2.96817946434021 343
2.9773991107940674 343
2.98557448387146 344
2.993499517440796 344
3.0028467178344727 344
3.010999917984009 343
3.019465684890747 343
3.0298407077789307 342
3.0383222103118896 342
3.046957492828369 343
3.0560994148254395 344
3.0643310546875 343
3.073099374771118 342
3.0823986530303955 342
3.091036081314087 342
3.1000194549560547 342
3.1084327697753906 342
3.1168978214263916 342
3.127265214920044 342
3.135903835296631 342
3.1436891555786133 342
3.153196096420288 342
3.162196397781372 342
3.1703784465789795 341
3.180264949798584 340
3.189002752304077 340
3.198184013366699 342
3.2069106101989746 342
3.2142462730407715 342
3.222878932952881 341
3.2333734035491943 340
3.246093273162842 340
3.25579833984375 342
3.264385223388672 342
3.2733960151672363 342
3.2828595638275146 342
3.2911672592163086 341
3.299920082092285 341
3.3087925910949707 341
3.3171308040618896 341
3.324397325515747 341
3.335707187652588 341
3.3435535430908203 341
3.3528695106506348 341
3.367821216583252 341
3.376067638397217 340
3.3856751918792725 340
3.3942313194274902 340
3.4029505252838135 340
3.4112050533294678 340
3.4195187091827393 340
3.428297519683838 340
3.438416004180908 340
3.447082042694092 339
3.456943988800049 339
3.466893434524536 339
3.4742047786712646 339
3.4838027954101562 340
3.4930579662323 339
3.501478433609009 338
3.509948253631592 338
3.5187885761260986 339
3.527550458908081 340
3.537626266479492 340
3.5458779335021973 340
3.55442214012146 339
3.5638415813446045 338
3.5727715492248535 338
3.581038236618042 339
3.5903027057647705 340
3.599611282348633 340
3.6080024242401123 340
3.6161062717437744 339
3.6254985332489014 339
3.6342694759368896 338
3.6481401920318604 339
3.6593804359436035 339
3.6678009033203125 340
3.6764230728149414 340
3.685734272003174 338
3.6943373680114746 338
3.7031733989715576 338
3.7116141319274902 339
3.719902753829956 339
3.729224443435669 339
3.738783836364746 338
3.7472639083862305 338
3.7571306228637695 338
3.7649996280670166 338
3.7736048698425293 338
3.782932996749878 337
3.7950010299682617 337
3.803218126296997 338
3.811753273010254 338
3.8200955390930176 338
3.829880714416504 337
3.839992046356201 336
3.848853349685669 336
3.858466386795044 336
3.867201328277588 337
3.8750381469726562 337
3.8832430839538574 337
3.8933229446411133 337
3.9018068313598633 336
3.9100136756896973 336
3.918713331222534 336
3.927584171295166 336
3.935896873474121 336
3.9444403648376465 336
3.9538941383361816 336
3.9636261463165283 336
3.9743494987487793 335
3.9830565452575684 335
3.9931516647338867 335
4.001391410827637 335
4.011592149734497 335
4.0238261222839355 334
4.036020517349243 334
4.072830438613892 340
4.085656642913818 344
4.096736431121826 345
4.104245185852051 346
4.114164113998413 345
4.12350606918335 344
4.1327855587005615 344
4.141188144683838 344
4.150782346725464 344
4.1611573696136475 345
4.171602249145508 344
4.180422782897949 343
4.189812898635864 342
4.1995017528533936 342
4.207849979400635 343
4.216816425323486 343
4.224954128265381 343
4.23335862159729 342
4.24182391166687 341
4.252213001251221 340
4.261480808258057 340
4.269764184951782 340
4.278244495391846 340
4.287489891052246 339
4.297179222106934 338
4.305493354797363 338
4.313350200653076 338
4.3227009773254395 338
4.331032991409302 339
4.339403390884399 338
4.349115371704102 338
4.359771728515625 337
4.368262529373169 338
4.376891374588013 338
4.384222030639648 338
4.393244981765747 337
4.402888059616089 336
4.411287307739258 335
4.4203972816467285 335
4.429081439971924 335
4.437378406524658 335
4.451604127883911 334
4.461434364318848 334
4.469951868057251 334
4.478795528411865 334
4.487654447555542 334
4.495922327041626 334
4.505002021789551 334
4.513210296630859 333
4.522833824157715 332
4.531351804733276 332
4.539669036865234 332
4.548096656799316 333
4.559085369110107 333
4.567490100860596 332
4.575881242752075 332
4.583736419677734 331
4.5930399894714355 331
4.602395057678223 332
4.611157178878784 332
4.619924545288086 332
4.6283793449401855 331
4.637035369873047 330
4.6444091796875 330
4.656979322433472 332
4.664405107498169 332
4.673612356185913 333
4.6832873821258545 332
4.691975116729736 332
4.70021390914917 331
4.70990777015686 331
4.719204664230347 331
4.727467775344849 332
4.7358012199401855 332
4.743744134902954 332
4.754034757614136 330
4.763272762298584 330
4.771769046783447 331
4.780093193054199 332
4.789450168609619 332
4.797757863998413 331
4.807384014129639 330
4.815690040588379 330
4.824215888977051 330
4.833012819290161 330
4.841272592544556 330
4.856968879699707 330
4.86556077003479 330
4.873706340789795 329
4.882383584976196 329
4.891797780990601 328
4.900050401687622 329
4.909712076187134 330
4.919070720672607 330
4.927302598953247 330
4.935449838638306 329
4.9434592723846436 328
4.953521251678467 328
4.962906122207642 329
4.9718406200408936 330
4.980213165283203 330
4.989619731903076 330
4.998216152191162 329
