0 0
0.01305842399597168 7
0.03141903877258301 16
0.05022311210632324 28
0.07027101516723633 39
0.08757758140563965 52
0.10700130462646484 63
0.11739826202392578 70
0.1257181167602539 78
0.13367199897766113 82
0.14314484596252441 90
0.15157341957092285 97
0.16161847114562988 105
0.1709001064300537 111
0.17952442169189453 118
0.18805384635925293 126
0.1971571445465088 132
0.20632696151733398 140
0.2157285213470459 147
0.22365665435791016 152
0.2321770191192627 160
0.2413649559020996 167
0.24974465370178223 175
0.25835323333740234 181
0.26964712142944336 189
0.278278112411499 198
0.28693151473999023 204
0.2957627773284912 212
0.30492544174194336 219
0.3140745162963867 227
0.32289624214172363 234
0.33130550384521484 240
0.3399629592895508 248
0.34881091117858887 255
0.35734987258911133 262
0.36838221549987793 272
0.37712693214416504 278
0.3891119956970215 288
0.3987607955932617 296
0.4077320098876953 304
0.41756558418273926 313
0.42592525482177734 320
0.4349193572998047 326
0.44600677490234375 336
0.45389866828918457 343
0.4634256362915039 349
0.4735536575317383 358
0.4821805953979492 366
0.4904353618621826 373
0.49923276901245117 380
0.5082824230194092 388
0.5177426338195801 396
0.5260801315307617 403
0.5356125831604004 411
0.5436692237854004 416
0.5521402359008789 424
0.5609273910522461 433
0.5715646743774414 441
0.5799157619476318 448
0.5888073444366455 454
0.5973467826843262 461
0.6072208881378174 470
0.6155359745025635 478
0.6242663860321045 484
0.6335980892181396 491
0.6420807838439941 500
0.6503281593322754 506
0.6592545509338379 513
0.6699709892272949 523
0.6788315773010254 530
0.6872155666351318 536
0.6954481601715088 543
0.7040970325469971 551
0.7129218578338623 558
0.7226462364196777 566
0.7309699058532715 573
0.7397811412811279 581
0.7483024597167969 588
0.7569012641906738 595
0.7669167518615723 603
0.7760663032531738 611
0.7840502262115479 618
0.7972831726074219 628
0.807138204574585 636
0.8154547214508057 645
0.8242292404174805 652
0.8335480690002441 658
0.8421716690063477 666
0.850409984588623 673
0.8642501831054688 688
0.882136344909668 700
0.8933563232421875 710
0.9072744846343994 722
0.9191136360168457 730
0.9327661991119385 742
0.9442472457885742 754
0.9573564529418945 764
0.9676895141601562 772
0.9772887229919434 778
0.9856095314025879 787
0.9935288429260254 792
1.0029280185699463 800
1.011836290359497 809
1.0202808380126953 816
1.0298504829406738 824
1.038933515548706 830
1.047438621520996 837
1.0558123588562012 846
1.0658714771270752 854
1.0738019943237305 861
1.0834715366363525 867
1.0918350219726562 876
1.1012372970581055 882
1.1096360683441162 889
1.1181926727294922 898
1.1276144981384277 906
1.137070655822754 912
1.1449220180511475 919
1.1532478332519531 926
1.162841558456421 934
1.1718358993530273 942
1.1815910339355469 951
1.1937472820281982 961
1.2029120922088623 968
1.211475133895874 974
1.2204172611236572 983
1.2309644222259521 991
1.2394964694976807 998
1.2479331493377686 1006
1.2567195892333984 1013
1.2667779922485352 1021
1.2742140293121338 1028
1.283813238143921 1036
1.2923803329467773 1043
1.3016338348388672 1052
1.310107946395874 1058
1.3195443153381348 1065
1.328064203262329 1073
1.3382236957550049 1082
1.3468189239501953 1088
1.3542513847351074 1095
1.3642542362213135 1104
1.373058795928955 1110
1.3830077648162842 1118
1.3913896083831787 1125
1.4000861644744873 1134
1.408902645111084 1140
1.4172406196594238 1147
1.4255337715148926 1155
1.4341769218444824 1162
1.4431676864624023 1169
1.4515674114227295 1177
1.4627978801727295 1186
1.471604585647583 1194
1.4799761772155762 1201
1.490281343460083 1209
1.4991836547851562 1216
1.5075998306274414 1224
1.515960931777954 1231
1.525787353515625 1239
1.534407615661621 1246
1.5431561470031738 1252
1.551560640335083 1261
1.561523199081421 1270
1.5700209140777588 1276
1.5788402557373047 1283
1.588259220123291 1294
1.600407600402832 1301
1.6094088554382324 1308
1.6182589530944824 1316
1.627230167388916 1323
1.6368606090545654 1331
1.6442804336547852 1338
1.6530890464782715 1345
1.6631674766540527 1353
1.6715176105499268 1360
1.6800296306610107 1368
1.6901025772094727 1377
1.6990077495574951 1384
1.707364559173584 1390
1.7156827449798584 1398
1.724240779876709 1405
1.7329840660095215 1412
1.7427687644958496 1420
1.751175880432129 1427
1.7600605487823486 1436
1.7693617343902588 1442
1.7777607440948486 1450
1.786318302154541 1459
1.7967121601104736 1466
1.8041942119598389 1472
1.8129775524139404 1479
1.82188081741333 1487
1.8312110900878906 1494
1.8404152393341064 1502
1.849196195602417 1509
1.8584306240081787 1518
1.8688907623291016 1526
1.8772532939910889 1532
1.8855013847351074 1541
1.8956899642944336 1549
1.9036827087402344 1554
1.9122607707977295 1563
1.9214274883270264 1570
1.9302730560302734 1578
1.9390373229980469 1586
1.948730707168579 1593
1.9580652713775635 1602
1.9679529666900635 1610
1.9772412776947021 1616
1.9855527877807617 1625
1.9998624324798584 1636
2.0100200176239014 1645
2.0189626216888428 1652
2.028104305267334 1660
2.0373125076293945 1667
2.0468568801879883 1675
2.0558528900146484 1684
2.0654444694519043 1690
2.0733792781829834 1697
2.081796407699585 1705
2.0907506942749023 1712
2.1001198291778564 1720
2.108903408050537 1727
2.1172778606414795 1734
2.1266679763793945 1742
2.134133815765381 1750
2.1441025733947754 1758
2.1534080505371094 1764
2.16290283203125 1772
2.1713218688964844 1779
2.1797287464141846 1786
2.189181327819824 1794
2.1987953186035156 1803
2.2072267532348633 1809
2.2155327796936035 1818
2.2242472171783447 1824
2.233042001724243 1831
2.2419097423553467 1840
2.251412868499756 1848
2.260344982147217 1856
2.2731528282165527 1865
2.2816953659057617 1873
2.2904014587402344 1880
2.300076961517334 1888
2.3089025020599365 1895
2.318021774291992 1903
2.3287861347198486 1912
2.337383270263672 1920
2.346954345703125 1928
2.3571197986602783 1935
2.366035223007202 1944
2.3739006519317627 1950
2.383873224258423 1959
2.398832082748413 1970
2.407378911972046 1977
2.415668487548828 1986
2.42413592338562 1992
2.432926654815674 1999
2.441349506378174 2007
2.4517934322357178 2016
2.4604251384735107 2022
2.4697787761688232 2031
2.478694438934326 2038
2.487617015838623 2046
2.4959805011749268 2052
2.5055630207061768 2061
2.513514757156372 2066
2.5230798721313477 2074
2.531501054763794 2081
2.5398547649383545 2090
2.5490975379943848 2098
2.5590617656707764 2104
2.5683867931365967 2113
2.577082872390747 2120
2.586099624633789 2128
2.593987464904785 2135
2.6035499572753906 2142
2.612229347229004 2150
2.6213948726654053 2157
2.629777669906616 2165
2.638751268386841 2172
2.647561550140381 2179
2.657764434814453 2188
2.667234182357788 2195
2.675480842590332 2202
2.684013843536377 2210
2.692845344543457 2217
2.701380491256714 2224
2.7107861042022705 2232
2.7197201251983643 2239
2.7283313274383545 2247
2.7370715141296387 2254
2.744951009750366 2260
2.756659507751465 2270
2.765841484069824 2279
2.7737529277801514 2286
2.782222032546997 2292
2.7955703735351562 2304
2.803652286529541 2311
2.8133437633514404 2318
2.8229615688323975 2326
2.831376314163208 2333
2.8397531509399414 2341
2.8483500480651855 2348
2.8583076000213623 2356
2.8687829971313477 2364
2.8772764205932617 2371
2.8868963718414307 2380
2.8973805904388428 2388
2.9057633876800537 2396
2.9156105518341064 2405
2.9236159324645996 2410
2.9320998191833496 2418
2.9428837299346924 2427
2.956732749938965 2440
2.9701473712921143 2450
2.9827613830566406 2460
2.9940316677093506 2470
3.0067529678344727 2482
3.0189313888549805 2490
3.0272762775421143 2497
3.0355770587921143 2505
3.043532609939575 2510
3.052842378616333 2519
3.0632259845733643 2527
3.071659564971924 2536
3.0800161361694336 2542
3.089299440383911 2549
3.0976874828338623 2558
3.106051206588745 2564
3.116894245147705 2572
3.1243317127227783 2579
3.1332693099975586 2586
3.1416821479797363 2594
3.151021957397461 2601
3.1595253944396973 2610
3.1698555946350098 2618
3.178819417953491 2624
3.1876683235168457 2633
3.199739456176758 2643
3.2084391117095947 2650
3.21909236907959 2658
3.2274537086486816 2665
3.2357704639434814 2673
3.24383544921875 2680
3.253019094467163 2686
3.267787456512451 2700
3.2763102054595947 2707
3.2855002880096436 2715
3.293452262878418 2720
3.308837890625 2734
3.3190250396728516 2742
3.3274827003479004 2748
3.3358309268951416 2757
3.3437917232513428 2764
3.3530356884002686 2770
3.362762928009033 2779
3.3728928565979004 2787
3.3821678161621094 2796
3.3909354209899902 2802
3.4003846645355225 2810
3.4092297554016113 2817
3.4192585945129395 2826
3.4276416301727295 2834
3.43601393699646 2840
3.443920135498047 2848
3.453192710876465 2854
3.4628190994262695 2862
3.4728219509124756 2871
3.481853723526001 2879
3.4902234077453613 2886
3.498995304107666 2893
3.507382869720459 2900
3.516810655593872 2910
3.526038646697998 2916
3.5339195728302 2923
3.5429112911224365 2930
3.551701784133911 2938
3.5603137016296387 2945
3.571240186691284 2953
3.580148220062256 2962
3.5889391899108887 2968
3.6014249324798584 2978
3.609889507293701 2987
3.619391679763794 2995
3.6291027069091797 3002
3.637579917907715 3010
3.6469130516052246 3017
3.654376268386841 3024
3.664161205291748 3032
3.6738154888153076 3040
3.6832199096679688 3047
3.6916873455047607 3055
3.700070381164551 3062
3.70890212059021 3069
3.718045711517334 3077
3.727519989013672 3084
3.7358944416046143 3092
3.7448904514312744 3099
3.7532644271850586 3106
3.762770414352417 3114
3.77115535736084 3121
3.7821614742279053 3131
3.7906973361968994 3138
3.799258232116699 3144
3.8077075481414795 3153
3.8170852661132812 3160
3.826716661453247 3168
3.8342409133911133 3174
3.8438169956207275 3183
3.8523926734924316 3190
3.8628456592559814 3198
3.871321678161621 3205
3.8817501068115234 3215
3.8901097774505615 3222
3.8990883827209473 3228
3.90830135345459 3237
3.918968677520752 3245
3.92826509475708 3254
3.9368224143981934 3260
3.9456446170806885 3268
3.9536473751068115 3274
3.9631497859954834 3282
3.9716498851776123 3290
3.981673240661621 3299
3.9900221824645996 3306
4.002363681793213 3316
4.011776924133301 3324
4.02032470703125 3331
4.030041217803955 3339
4.038977146148682 3346
4.047736883163452 3354
4.056333780288696 3361
4.065584182739258 3369
4.07351016998291 3374
4.084043264389038 3384
4.092839241027832 3391
4.101229906082153 3398
4.11014199256897 3406
4.11897087097168 3413
4.127394676208496 3420
4.137235641479492 3428
4.146693706512451 3436
4.154170274734497 3443
4.163574457168579 3450
4.172225475311279 3458
4.182082176208496 3466
4.191310405731201 3473
4.199859142303467 3482
4.209186553955078 3488
4.217590570449829 3497
4.225951433181763 3504
4.2355310916900635 3512
4.2439866065979 3518
4.2528016567230225 3525
4.26821231842041 3540
4.279859304428101 3549
4.289959907531738 3557
4.299098491668701 3564
4.308261394500732 3572
4.317155361175537 3579
4.326735258102417 3587
4.335899114608765 3596
4.344922780990601 3602
4.353266954421997 3609
4.362345457077026 3618
4.370933294296265 3624
4.381283760070801 3634
4.392163991928101 3643
4.404248952865601 3653
4.4137163162231445 3660
4.422367572784424 3668
4.431212425231934 3674
4.441469192504883 3683
4.449833631515503 3691
4.458403587341309 3698
4.4677159786224365 3706
4.477108955383301 3713
4.486422777175903 3722
4.4954915046691895 3730
4.503607988357544 3735
4.512953042984009 3743
4.52134370803833 3750
4.529726505279541 3758
4.539194345474243 3765
4.548262596130371 3774
4.557025909423828 3780
4.566387176513672 3789
4.575564861297607 3797
4.583515405654907 3802
4.593625783920288 3810
4.60210657119751 3819
4.6113152503967285 3826
4.61985969543457 3834
4.62868332862854 3841
4.637963771820068 3849
4.647282123565674 3856
4.655592441558838 3864
4.664304494857788 3871
4.67375373840332 3879
4.682744741439819 3886
4.692142486572266 3894
4.7012646198272705 3901
4.710043430328369 3910
4.718899726867676 3916
4.727307558059692 3923
4.735606670379639 3932
4.74586820602417 3940
4.75380277633667 3946
4.763381719589233 3953
4.77179479598999 3962
4.780902624130249 3968
4.790186405181885 3977
4.803438425064087 3987
4.812922239303589 3995
4.821627140045166 4004
4.830117464065552 4010
4.8393895626068115 4019
4.84905481338501 4026
4.8576295375823975 4034
4.867703437805176 4042
4.877004384994507 4049
4.884433746337891 4056
4.896023750305176 4066
4.903950929641724 4072
4.912983655929565 4079
4.921577215194702 4088
4.929933547973633 4094
4.9393556118011475 4101
4.949119567871094 4109
4.95751166343689 4116
4.967101097106934 4124
4.9761061668396 4133
4.984138011932373 4140
4.993629455566406 4146
