0 0
0.013186454772949219 0
0.03273725509643555 0
0.05018043518066406 2
0.06974411010742188 6
0.0885157585144043 14
0.10232043266296387 20
0.1106712818145752 25
0.11985921859741211 29
0.1272869110107422 34
0.13624334335327148 39
0.14566874504089355 45
0.1560959815979004 52
0.164503812789917 59
0.17284631729125977 64
0.18188762664794922 70
0.19046521186828613 78
0.1987905502319336 83
0.20830845832824707 90
0.2167956829071045 97
0.22557592391967773 103
0.23409223556518555 109
0.24252033233642578 116
0.2526686191558838 125
0.26267480850219727 132
0.2712383270263672 139
0.2804582118988037 146
0.28888535499572754 152
0.2968289852142334 158
0.3127155303955078 167
0.3225274085998535 173
0.3318178653717041 178
0.3401939868927002 182
0.34893012046813965 188
0.3597254753112793 194
0.36849546432495117 200
0.37728381156921387 204
0.3860361576080322 209
0.3944525718688965 214
0.40281200408935547 219
0.4128701686859131 224
0.4216737747192383 229
0.43013453483581543 232
0.4384632110595703 236
0.44707322120666504 240
0.4573049545288086 245
0.4660766124725342 249
0.4744420051574707 252
0.48358964920043945 255
0.49239182472229004 257
0.5008220672607422 260
0.5108067989349365 264
0.5189633369445801 268
0.5268673896789551 271
0.5355198383331299 274
0.544464111328125 276
0.5532281398773193 278
0.5632510185241699 282
0.5720717906951904 285
0.5809793472290039 288
0.5893039703369141 290
0.5968730449676514 291
0.605663537979126 293
0.615734338760376 296
0.6242096424102783 298
0.632516622543335 300
0.64095139503479 302
0.6500029563903809 304
0.6600494384765625 306
0.6679108142852783 307
0.677330493927002 308
0.6860449314117432 310
0.6943352222442627 312
0.7068948745727539 314
0.7169029712677002 315
0.7258415222167969 315
0.7345123291015625 316
0.7432355880737305 318
0.7520582675933838 320
0.7623786926269531 322
0.7709064483642578 322
0.7806477546691895 323
0.7888846397399902 323
0.7969405651092529 324
0.8056778907775879 325
0.8156194686889648 327
0.8239870071411133 328
0.8342242240905762 329
0.8440096378326416 329
0.8525002002716064 330
0.8627223968505859 332
0.8713059425354004 333
0.8803615570068359 334
0.8887488842010498 335
0.8966000080108643 335
0.904984712600708 336
0.9157156944274902 336
0.9240326881408691 337
0.9323790073394775 338
0.9420812129974365 339
0.9505136013031006 340
0.9598057270050049 340
0.9688529968261719 340
0.9773209095001221 341
0.9865002632141113 342
0.994978666305542 344
1.003174066543579 344
1.0126757621765137 344
1.0220005512237549 344
1.0304079055786133 345
1.0386600494384766 346
1.046802043914795 347
1.0563087463378906 347
1.0657625198364258 346
1.0748364925384521 346
1.0830698013305664 346
1.0924148559570312 348
1.1008057594299316 348
1.1132986545562744 348
1.1232092380523682 348
1.1319026947021484 348
1.1409590244293213 348
1.149545431137085 349
1.158459186553955 350
1.1670610904693604 351
1.1764118671417236 351
1.1846892833709717 350
1.1940186023712158 349
1.2024593353271484 349
1.2117083072662354 350
1.2211089134216309 351
1.2295923233032227 351
1.2388815879821777 351
1.246694564819336 350
1.2572970390319824 350
1.2659666538238525 351
1.2761483192443848 352
1.284452199935913 352
1.293088674545288 351
1.3018298149108887 351
1.3110177516937256 352
1.3203747272491455 353
1.3288037776947021 353
1.342275857925415 353
1.3544061183929443 352
1.3656718730926514 353
1.3792245388031006 354
1.3916115760803223 355
1.4028217792510986 355
1.4147121906280518 354
1.4271552562713623 354
1.435969591140747 354
1.4448013305664062 355
1.4538302421569824 356
1.4628081321716309 356
1.4728410243988037 355
1.4817466735839844 354
1.4900791645050049 354
1.4988062381744385 354
1.5123631954193115 355
1.5210576057434082 356
1.5310750007629395 356
1.5402398109436035 356
1.548339605331421 356
1.5566661357879639 356
1.5650293827056885 356
1.5752406120300293 356
1.5832858085632324 356
1.591933250427246 357
1.60084867477417 357
1.6100101470947266 357
1.617264747619629 356
1.6267495155334473 356
1.6352849006652832 356
1.6443960666656494 356
1.652989149093628 357
1.6624398231506348 357
1.671156644821167 356
1.6806256771087646 356
1.6889066696166992 356
1.6967968940734863 357
1.706725835800171 357
1.7152159214019775 357
1.7236566543579102 356
1.7329723834991455 356
1.7420494556427002 356
1.7503697872161865 356
1.7597088813781738 357
1.7670581340789795 357
1.7771544456481934 357
1.7857656478881836 356
1.7943332195281982 356
1.8031773567199707 356
1.8120722770690918 357
1.820343255996704 357
1.8297245502471924 357
1.8383562564849854 356
1.846282958984375 356
1.8578836917877197 357
1.866161823272705 358
1.8751046657562256 358
1.884507656097412 358
1.8927931785583496 357
1.902099847793579 357
1.9157178401947021 358
1.9243524074554443 358
1.934053659439087 358
1.9429428577423096 358
1.9516386985778809 358
1.960679292678833 358
1.9693286418914795 357
1.9769926071166992 357
1.9865479469299316 357
1.9950592517852783 358
2.0062708854675293 358
2.014631509780884 358
2.022829294204712 358
2.0321907997131348 357
2.041292190551758 356
2.0500478744506836 356
2.0589373111724854 357
2.06791090965271 358
2.076096773147583 358
2.085585594177246 358
2.093831777572632 358
2.1027350425720215 358
2.111309289932251 358
2.11977481842041 357
2.1271910667419434 357
2.137072801589966 358
2.1458096504211426 358
2.1545588970184326 358
2.1630337238311768 358
2.172492504119873 358
2.18105149269104 358
2.1903767585754395 357
2.198746681213379 357
2.206975221633911 357
2.2156527042388916 358
2.224043130874634 358
2.2329206466674805 358
2.2425124645233154 358
2.250824213027954 358
2.2604801654815674 357
2.269975185394287 357
2.2772862911224365 357
2.286757230758667 358
2.2957026958465576 358
2.3044486045837402 358
2.317199945449829 358
2.3265058994293213 357
2.3366470336914062 357
2.345149517059326 357
2.3541128635406494 358
2.3645517826080322 358
2.3731722831726074 357
2.381969928741455 357
2.3912999629974365 356
2.4003031253814697 357
2.408649206161499 358
2.416696548461914 358
2.42507266998291 357
2.4342200756073 356
2.4438464641571045 356
2.452265501022339 356
2.4616644382476807 356
2.4709317684173584 357
2.4791922569274902 357
2.4867875576019287 357
2.4961931705474854 356
2.5050878524780273 356
2.51322603225708 356
2.521824359893799 357
2.530445098876953 357
2.5403082370758057 357
2.548506259918213 356
2.557213306427002 356
2.566455125808716 356
2.5748462677001953 356
2.5830914974212646 357
2.5927963256835938 357
2.60183048248291 357
2.6102840900421143 356
2.618476152420044 356
2.6267812252044678 356
2.636075735092163 356
2.645538091659546 356
2.662463903427124 356
2.6712512969970703 356
2.6797056198120117 356
2.686988353729248 357
2.6978564262390137 357
2.70619535446167 356
2.7215771675109863 355
2.731781244277954 355
2.7402873039245605 356
2.7498369216918945 356
2.758918046951294 357
2.7672061920166016 356
2.777155637741089 356
2.7858059406280518 355
2.7949776649475098 355
2.804192304611206 356
2.8126072883605957 356
2.8210549354553223 356
2.829853057861328 356
2.837157964706421 356
2.8466241359710693 355
2.8560609817504883 355
2.8651397228240967 355
2.8732566833496094 356
2.882026433944702 356
2.890423059463501 356
2.900319814682007 356
2.9084861278533936 355
2.9163625240325928 355
2.9246819019317627 355
2.934401273727417 356
2.9427499771118164 356
2.9524502754211426 356
2.962705612182617 355
2.9712166786193848 355
2.979677438735962 355
2.986957550048828 356
2.9961445331573486 356
3.005603075027466 356
3.014117479324341 355
3.022461414337158 355
3.031981945037842 355
3.0402352809906006 355
3.049287796020508 356
3.058645248413086 356
3.067014217376709 355
3.0759332180023193 355
3.084348678588867 354
3.0927202701568604 355
3.1029062271118164 356
3.115936279296875 356
3.124368190765381 355
3.1340770721435547 354
3.142578601837158 353
3.152188777923584 354
3.162233591079712 355
3.1706254482269287 356
3.178950309753418 356
3.1867716312408447 355
3.196286916732788 354
3.2057831287384033 354
3.2140798568725586 354
3.22247314453125 355
3.2316906452178955 355
3.2404603958129883 355
3.248699903488159 355
3.2608401775360107 355
3.2689270973205566 355
3.276738405227661 355
3.2878365516662598 355
3.2963690757751465 355
3.3058924674987793 355
3.314276933670044 355
3.3225600719451904 355
3.3318355083465576 355
3.34584903717041 355
3.355985641479492 355
3.3648290634155273 355
3.373171091079712 355
3.381838083267212 355
3.3901398181915283 355
3.3989923000335693 355
3.408464193344116 355
3.4199397563934326 355
3.4324567317962646 355
3.4443795680999756 355
3.4585604667663574 355
3.470506429672241 355
3.4817559719085693 355
3.492636203765869 355
3.5012457370758057 355
3.5106263160705566 355
3.523228168487549 355
3.532475709915161 355
3.541024923324585 355
3.5496573448181152 355
3.560457706451416 355
3.5686492919921875 355
3.576420307159424 355
3.5846548080444336 355
3.5938327312469482 355
3.602280616760254 355
3.6118838787078857 355
3.6201303005218506 355
3.628861904144287 355
3.6366374492645264 355
3.6449697017669678 355
3.6532866954803467 355
3.6640594005584717 355
3.6725008487701416 355
3.680955648422241 355
3.6892447471618652 355
3.6972012519836426 355
3.7058608531951904 355
3.715006113052368 355
3.723111391067505 355
3.7325239181518555 355
3.741100311279297 355
3.7501091957092285 355
3.7597861289978027 355
3.7689738273620605 355
3.776794910430908 355
3.7852187156677246 355
3.795759439468384 355
3.8040244579315186 355
3.8131139278411865 355
3.8217756748199463 355
3.8305866718292236 355
3.838827610015869 355
3.846635341644287 355
3.856626033782959 355
3.8666884899139404 355
3.8752858638763428 355
3.88391375541687 354
3.893082618713379 354
3.9017701148986816 355
3.910392999649048 355
3.924966335296631 354
3.933227062225342 353
3.9420833587646484 353
3.9503955841064453 353
3.9605836868286133 353
3.970132827758789 353
3.9783051013946533 353
3.9861538410186768 353
3.9949746131896973 353
4.0032124519348145 353
4.011863946914673 353
4.0211944580078125 353
4.030486106872559 353
4.03870964050293 353
4.046534538269043 353
4.064321517944336 353
4.0816802978515625 353
4.0904669761657715 353
4.098701477050781 353
4.106515169143677 353
4.114781618118286 353
4.125006437301636 353
4.133300065994263 353
4.141885280609131 353
4.150285243988037 353
4.160405397415161 353
4.169894456863403 353
4.177249431610107 353
4.185909748077393 353
4.19470739364624 353
4.202931880950928 353
4.211804151535034 353
4.221011400222778 353
4.230015277862549 353
4.237807989120483 353
4.246039390563965 353
4.256337642669678 353
4.2656331062316895 353
4.274829149246216 353
4.283007621765137 353
4.2919762134552 353
4.3009867668151855 353
4.310985565185547 353
4.325613737106323 353
4.334347486495972 353
4.3427464962005615 353
4.35115122795105 353
4.3610992431640625 353
4.369619369506836 353
4.378713607788086 353
4.386532306671143 353
4.395728826522827 353
4.403930187225342 353
4.412240743637085 353
4.422149181365967 353
4.430480718612671 353
4.438668251037598 353
4.446431398391724 353
4.455833673477173 353
4.464621543884277 353
4.474081754684448 353
4.482386112213135 353
4.491671085357666 353
4.4998674392700195 353
4.507148742675781 353
4.5159807205200195 353
4.526140928268433 353
4.534410238265991 353
4.542707920074463 353
4.5511157512664795 353
4.560956239700317 353
4.570024490356445 353
4.578924179077148 353
4.587304353713989 353
4.595942497253418 353
4.604187488555908 353
4.612588405609131 353
4.6216864585876465 353
4.6310999393463135 353
4.6395392417907715 353
4.646866798400879 353
4.664475917816162 353
4.674724102020264 353
4.684280633926392 353
4.693635940551758 353
4.702018976211548 353
4.7111427783966064 353
4.724148750305176 353
4.733319044113159 353
4.742109775543213 353
4.750590085983276 353
4.760649681091309 353
4.768937587738037 353
4.781669855117798 353
4.7903892993927 353
4.798590183258057 353
4.806398153305054 353
4.814970254898071 353
4.823893785476685 353
4.8329784870147705 353
4.841689586639404 353
4.8499534130096436 353
4.859851598739624 353
4.8672935962677 352
4.876718044281006 353
4.8870251178741455 354
4.895830392837524 354
4.904098749160767 353
4.912628889083862 352
4.921732664108276 351
4.931187629699707 352
4.939825773239136 352
4.947228193283081 353
4.957093954086304 353
4.9657745361328125 352
4.974649667739868 352
4.984800577163696 352
4.993159532546997 352
