0 0
0.02915477752685547 0
0.06338119506835938 0
0.0912790298461914 4
0.11890387535095215 14
0.14917850494384766 30
0.18596386909484863 56
0.20542001724243164 70
0.22359395027160645 82
0.2442188262939453 96
0.26651811599731445 113
0.2820003032684326 128
0.29336118698120117 136
0.3051459789276123 143
0.3145143985748291 151
0.3238201141357422 159
0.33172178268432617 166
0.34093642234802246 172
0.3520197868347168 182
0.3616824150085449 190
0.3704686164855957 196
0.37900495529174805 203
0.3876945972442627 211
0.397411584854126 218
0.4059741497039795 226
0.41606616973876953 234
0.42995238304138184 244
0.440457820892334 250
0.45131683349609375 256
0.4610929489135742 262
0.4707298278808594 266
0.48673510551452637 276
0.5037517547607422 286
0.5214095115661621 290
0.5454397201538086 296
0.5690958499908447 305
0.5893340110778809 314
0.6101703643798828 323
0.6291847229003906 326
0.6505429744720459 327
0.6747915744781494 328
0.6837935447692871 330
0.7051019668579102 335
0.7294809818267822 341
0.7478539943695068 340
0.7576298713684082 339
0.769242525100708 338
0.7776260375976562 339
0.7877078056335449 340
0.7966859340667725 341
0.8060581684112549 342
0.8151493072509766 343
0.8233494758605957 344
0.8366329669952393 344
0.8477962017059326 344
0.8575582504272461 344
0.8671412467956543 345
0.8848662376403809 347
0.896099328994751 348
0.928757905960083 348
0.9659132957458496 345
0.987450122833252 346
1.0060956478118896 351
1.0273635387420654 354
1.0489966869354248 353
1.067650318145752 350
1.0904369354248047 348
1.1077508926391602 351
1.1259970664978027 354
1.1455013751983643 355
1.1537785530090332 354
1.1791837215423584 353
1.1879777908325195 354
1.1975646018981934 355
1.2065110206604004 355
1.2170891761779785 355
1.2261288166046143 354
1.239354133605957 354
1.2481067180633545 354
1.2604835033416748 354
1.2696771621704102 354
1.2791011333465576 354
1.287731647491455 353
1.2965047359466553 353
1.3047780990600586 353
1.313525915145874 354
1.322702407836914 354
1.3309540748596191 354
1.339371919631958 354
1.3489460945129395 353
1.3572993278503418 353
1.3673133850097656 353
1.3757343292236328 353
1.3850319385528564 353
1.3931899070739746 353
1.4011833667755127 352
1.4095489978790283 352
1.4195294380187988 352
1.4277265071868896 353
1.4367129802703857 353
1.4455664157867432 353
1.4547216892242432 352
1.463785171508789 352
1.47324800491333 351
1.4815897941589355 351
1.489987850189209 352
1.4981954097747803 352
1.506894588470459 352
1.5160150527954102 351
1.525285243988037 350
1.5335321426391602 350
1.54136061668396 350
1.5501294136047363 351
1.5606698989868164 351
1.5689313411712646 351
1.5790033340454102 351
1.5873701572418213 351
1.60109543800354 351
1.6272270679473877 351
1.6507487297058105 351
1.6727099418640137 351
1.690615177154541 351
1.7092862129211426 351
1.7278006076812744 351
1.7458198070526123 350
1.7707114219665527 349
1.7866504192352295 348
1.7950053215026855 349
1.8113272190093994 349
1.8310441970825195 347
1.8491437435150146 344
1.8653483390808105 342
1.8760170936584473 343
1.8846473693847656 344
1.8919806480407715 345
1.9017338752746582 345
1.9110805988311768 344
1.9194259643554688 343
1.9289658069610596 343
1.9374003410339355 343
1.9466142654418945 344
1.9548916816711426 345
1.9678657054901123 345
1.9779469966888428 345
1.9866466522216797 344
1.9950892925262451 344
2.0032706260681152 344
2.0138330459594727 344
2.0247693061828613 344
2.038090944290161 344
2.0474305152893066 344
2.0560741424560547 344
2.065976858139038 344
2.0759317874908447 344
2.085986852645874 344
2.0946924686431885 344
2.1020097732543945 344
2.111391067504883 344
2.119934320449829 344
2.1281321048736572 344
2.137573480606079 344
2.1467831134796143 344
2.155035972595215 344
2.163806438446045 344
2.172018527984619 344
2.181839942932129 344
2.1904704570770264 344
2.1986799240112305 344
2.20747447013855 344
2.2159197330474854 344
2.2245631217956543 344
2.2349767684936523 344
2.2445924282073975 344
2.2518746852874756 344
2.2612879276275635 344
2.269578695297241 344
2.2786848545074463 344
2.287961959838867 344
2.2967708110809326 344
2.3057212829589844 344
2.313839912414551 344
2.3216593265533447 344
2.329987049102783 344
2.3398377895355225 344
2.347931385040283 344
2.356844425201416 344
2.3660590648651123 344
2.3758435249328613 344
2.3851146697998047 344
2.39328932762146 344
2.4010989665985107 344
2.4099628925323486 344
2.4185407161712646 344
2.426964521408081 344
2.4406533241271973 344
2.4490773677825928 344
2.4574782848358154 344
2.466870069503784 344
2.4767274856567383 344
2.4851596355438232 344
2.4946720600128174 344
2.501955986022949 344
2.511073589324951 343
2.5194594860076904 343
2.527717113494873 343
2.5379955768585205 343
2.546656847000122 343
2.5550310611724854 343
2.5651588439941406 343
2.5738022327423096 342
2.5816216468811035 342
2.5945119857788086 342
2.601868152618408 343
2.6111111640930176 343
2.619683265686035 343
2.6279215812683105 342
2.63960599899292 341
2.647951126098633 341
2.6568143367767334 342
2.6659774780273438 342
2.675978183746338 342
2.6849961280822754 342
2.694204807281494 342
2.7017767429351807 341
2.71079683303833 341
2.7191765308380127 341
2.727431535720825 341
2.7361364364624023 341
2.7459304332733154 341
2.75418758392334 341
2.76340651512146 341
2.771819591522217 341
2.780644416809082 341
2.7888147830963135 341
2.7979350090026855 340
2.806884527206421 340
2.8151333332061768 340
2.8233275413513184 340
2.8311824798583984 340
2.8458657264709473 340
2.8545162677764893 340
2.8634490966796875 340
2.871920585632324 339
2.8807270526885986 339
2.889479160308838 339
2.8990674018859863 339
2.9078829288482666 339
2.9165847301483154 339
2.9248623847961426 339
2.932206869125366 338
2.9415979385375977 339
2.9509687423706055 339
2.963397741317749 339
2.9760541915893555 337
2.9880917072296143 336
3.000931739807129 335
3.0138778686523438 336
3.025317430496216 337
3.03798508644104 338
3.050447940826416 337
3.0594563484191895 336
3.068679094314575 336
3.0772833824157715 336
3.0855460166931152 337
3.0949318408966064 337
3.105926036834717 337
3.114171028137207 336
3.1217663288116455 336
3.1304526329040527 336
3.139341354370117 336
3.1488149166107178 336
3.1571223735809326 336
3.1665701866149902 336
3.1754953861236572 336
3.1837174892425537 336
3.1915793418884277 336
3.201631546020508 336
3.209955930709839 336
3.218057155609131 336
3.226691484451294 336
3.238999366760254 336
3.2474305629730225 336
3.257249593734741 336
3.267354726791382 336
3.2756996154785156 336
3.283820867538452 336
3.2915802001953125 335
3.3017735481262207 335
3.3105103969573975 335
3.318894624710083 335
3.327268600463867 336
3.3361449241638184 336
3.3446309566497803 335
3.353639841079712 334
3.3622212409973145 334
3.3714370727539062 334
3.3799967765808105 335
3.388528347015381 335
3.397563934326172 335
3.4076223373413086 335
3.416041612625122 334
3.4245693683624268 334
3.4319019317626953 334
3.4412102699279785 334
3.449662923812866 335
3.459989547729492 334
3.4693171977996826 334
3.4776527881622314 333
3.486154794692993 333
3.494778871536255 334
3.5050699710845947 334
3.5132241249084473 334
3.52103853225708 334
3.529431104660034 333
3.5387091636657715 333
3.5470781326293945 332
3.5567238330841064 333
3.5673248767852783 333
3.575592279434204 334
3.5837912559509277 334
3.5915637016296387 334
3.600804567337036 333
3.612048864364624 333
3.6209568977355957 333
3.6292777061462402 333
3.6420280933380127 333
3.6508116722106934 333
3.661350965499878 332
3.6704959869384766 332
3.679039239883423 333
3.687676429748535 333
3.69614315032959 332
3.705305337905884 332
3.7146761417388916 332
3.721979856491089 332
3.73113751411438 332
3.7395737171173096 332
3.7478201389312744 332
3.7565276622772217 332
3.7673728466033936 331
3.7758796215057373 331
3.784576654434204 331
3.7931084632873535 331
3.804927349090576 332
3.8144242763519287 332
3.822187900543213 331
3.831779956817627 330
3.840493679046631 330
3.8487300872802734 330
3.8572323322296143 331
3.867705821990967 331
3.876187562942505 332
3.8847415447235107 331
3.8920702934265137 330
3.901257276535034 330
3.911445140838623 330
3.920022487640381 330
3.928136110305786 331
3.9374139308929443 331
3.9458506107330322 330
3.9541726112365723 330
3.971850633621216 330
3.9807631969451904 331
3.9965550899505615 332
4.005045413970947 332
4.015143871307373 330
4.024584531784058 330
4.033344745635986 330
4.046626329421997 330
4.0550377368927 330
4.06611442565918 330
4.074963331222534 330
4.085348606109619 330
4.0935986042022705 329
4.102187395095825 329
4.110870122909546 328
4.120876312255859 329
4.129631042480469 329
4.137876033782959 329
4.146900653839111 329
4.156051397323608 328
4.1682188510894775 328
4.177796125411987 328
4.18651008605957 328
4.195324659347534 328
4.203601837158203 329
4.21155571937561 329
4.221752405166626 328
4.231120586395264 328
4.239936351776123 328
4.248042345046997 328
4.2567079067230225 328
4.266765832901001 328
4.276177167892456 327
4.284718990325928 327
4.2920942306518555 327
4.301086187362671 328
4.309650897979736 328
4.319576978683472 328
4.3289501667022705 327
4.337724685668945 326
4.346813201904297 326
4.35543966293335 326
4.365259647369385 327
4.374867677688599 327
4.3827009201049805 327
4.390991687774658 326
4.4001145362854 326
4.408470153808594 326
4.416869640350342 326
4.426130533218384 326
4.439163684844971 326
4.447602272033691 326
4.4569175243377686 326
4.466886043548584 326
4.480403900146484 326
4.488710880279541 325
4.497456312179565 325
4.505910158157349 325
4.514584302902222 325
4.524567604064941 325
4.533212900161743 325
4.541091442108154 325
4.549409866333008 325
4.557823896408081 325
4.567887544631958 325
4.5775158405303955 325
4.5868449211120605 325
4.59589958190918 325
4.604755401611328 325
4.613316297531128 325
4.6215620040893555 324
4.632748603820801 324
4.641145944595337 324
4.649446249008179 325
4.657991170883179 325
4.6672446727752686 324
4.676792144775391 324
4.6851301193237305 324
4.694549560546875 324
4.701900482177734 324
4.710626125335693 323
4.718933582305908 323
4.729417562484741 324
4.737722635269165 324
4.747161865234375 324
4.75580906867981 324
4.765524625778198 324
4.773806095123291 323
4.783328533172607 322
4.791845798492432 322
4.800537824630737 323
4.809352874755859 324
4.817804336547852 324
4.827081203460693 324
4.840754270553589 323
4.849322080612183 322
4.859236240386963 322
4.8675806522369385 322
4.876497983932495 322
4.885727167129517 322
4.895033359527588 322
4.903634786605835 322
4.911426782608032 322
4.919699430465698 322
4.928793668746948 321
4.939000606536865 321
4.947339296340942 321
4.9567461013793945 321
4.966717004776001 322
4.9750189781188965 322
4.984581232070923 321
4.992772102355957 320
