0 0
0.018097639083862305 0
0.03976321220397949 0
0.060561180114746094 2
0.07953453063964844 6
0.09664320945739746 14
0.12171173095703125 25
0.13569331169128418 33
0.14465832710266113 39
0.15416431427001953 46
0.16245722770690918 51
0.17191171646118164 58
0.18199372291564941 65
0.19107961654663086 70
0.1994328498840332 76
0.20769143104553223 84
0.21802759170532227 91
0.22730326652526855 99
0.23571395874023438 103
0.24414992332458496 111
0.25406646728515625 119
0.26233983039855957 125
0.27135252952575684 131
0.28101086616516113 139
0.2900218963623047 147
0.29839038848876953 154
0.30631542205810547 160
0.31652379035949707 168
0.3253631591796875 174
0.3351011276245117 182
0.3435215950012207 189
0.3525886535644531 197
0.3614814281463623 204
0.37061285972595215 212
0.38454604148864746 223
0.39639997482299805 233
0.4090604782104492 243
0.42183923721313477 254
0.43523478507995605 270
0.45363569259643555 281
0.46509861946105957 289
0.473649263381958 296
0.48378753662109375 304
0.492206335067749 312
0.5010480880737305 319
0.5095252990722656 325
0.5194091796875 332
0.5273165702819824 336
0.5362825393676758 342
0.5450577735900879 345
0.553713321685791 348
0.5624027252197266 350
0.5712611675262451 352
0.5795519351959229 354
0.5896060466766357 354
0.5977835655212402 355
0.6056065559387207 356
0.6158280372619629 356
0.6243667602539062 356
0.6338191032409668 356
0.6421089172363281 356
0.6510145664215088 356
0.6597769260406494 356
0.6679708957672119 356
0.675731897354126 356
0.6881444454193115 356
0.6963903903961182 356
0.7050509452819824 356
0.7139573097229004 356
0.7222251892089844 356
0.7306759357452393 356
0.7399294376373291 356
0.749387264251709 356
0.7567217350006104 356
0.7653522491455078 356
0.773529052734375 356
0.7824227809906006 356
0.7918639183044434 356
0.8002209663391113 356
0.8083293437957764 356
0.8183276653289795 356
0.8260633945465088 356
0.8344087600708008 356
0.8493659496307373 356
0.8566634654998779 356
0.865433931350708 356
0.8739430904388428 356
0.8830058574676514 356
0.8922510147094727 356
0.9007117748260498 356
0.9091072082519531 356
0.918665885925293 356
0.9262380599975586 356
0.9350931644439697 356
0.944077730178833 356
0.9532907009124756 356
0.9616551399230957 356
0.9705977439880371 356
0.9795150756835938 356
0.987328052520752 356
0.9964005947113037 356
1.005070447921753 356
1.0152332782745361 356
1.0234575271606445 356
1.0317776203155518 356
1.041250467300415 356
1.0500593185424805 356
1.05826735496521 356
1.0660734176635742 355
1.0744354724884033 355
1.083526372909546 355
1.0926270484924316 356
1.1013190746307373 356
1.1097426414489746 356
1.119570255279541 355
1.127920150756836 355
1.1357245445251465 355
1.145796298980713 355
1.1541128158569336 354
1.1624016761779785 354
1.1712751388549805 354
1.1798927783966064 354
1.1880946159362793 354
1.1987245082855225 354
1.2062816619873047 354
1.216193675994873 354
1.2245371341705322 353
1.2332711219787598 353
1.2472870349884033 353
1.2555632591247559 353
1.264073133468628 353
1.2732162475585938 353
1.2818803787231445 353
1.2904610633850098 353
1.2997095584869385 353
1.3079161643981934 353
1.316704511642456 353
1.3253390789031982 353
1.3335659503936768 353
1.3418657779693604 353
1.3519513607025146 353
1.3604071140289307 353
1.3686411380767822 352
1.37827467918396 352
1.3861186504364014 352
1.3944783210754395 352
1.4039201736450195 352
1.414076328277588 352
1.422302007675171 352
1.4317350387573242 352
1.4406611919403076 351
1.4512314796447754 351
1.459963321685791 351
1.468153953552246 351
1.4781138896942139 350
1.4859809875488281 350
1.4943666458129883 351
1.5037508010864258 351
1.512598991394043 351
1.5219242572784424 350
1.530512809753418 350
1.5389657020568848 350
1.5489592552185059 350
1.5563948154449463 350
1.564990758895874 350
1.573392629623413 350
1.5822396278381348 350
1.59187650680542 350
1.6018762588500977 350
1.611015796661377 350
1.6215460300445557 350
1.6297681331634521 350
1.6395678520202637 350
1.6532871723175049 350
1.6619062423706055 350
1.6704075336456299 350
1.6793828010559082 349
1.6867337226867676 349
1.6954514980316162 349
1.7073874473571777 348
1.7177891731262207 348
1.7256267070770264 348
1.7339262962341309 348
1.7426095008850098 348
1.7518503665924072 348
1.760974407196045 348
1.7693467140197754 348
1.7781703472137451 348
1.7864086627960205 348
1.795192003250122 348
1.8044183254241943 348
1.8140802383422852 348
1.8223600387573242 348
1.8312022686004639 348
1.8394880294799805 348
1.8481857776641846 348
1.856703758239746 348
1.865342617034912 348
1.874136209487915 348
1.8824641704559326 348
1.8913319110870361 347
1.9000749588012695 347
1.9099457263946533 347
1.9195029735565186 347
1.927321434020996 346
1.9355378150939941 346
1.9444818496704102 346
1.9530067443847656 347
1.9622814655303955 347
1.97100830078125 347
1.979609489440918 347
1.987846851348877 346
1.9957020282745361 346
2.0079081058502197 346
2.020036220550537 346
2.02921986579895 346
2.0365395545959473 346
2.050703525543213 346
2.0603463649749756 346
2.0692386627197266 346
2.0790815353393555 345
2.0864057540893555 345
2.095081090927124 345
2.1032841205596924 345
2.1141741275787354 345
2.122464418411255 345
2.1322672367095947 345
2.142033576965332 345
2.1504721641540527 345
2.1596546173095703 345
2.167863368988037 345
2.1762990951538086 345
2.1850976943969727 344
2.1945009231567383 344
2.2029714584350586 344
2.2136781215667725 344
2.2219202518463135 344
2.230370283126831 344
2.2394309043884277 344
2.2467331886291504 344
2.2556512355804443 344
2.2651422023773193 344
2.2740824222564697 344
2.282250165939331 344
2.29097580909729 344
2.2996957302093506 344
2.3083512783050537 344
2.319180488586426 344
2.3264827728271484 344
2.335111379623413 344
2.343709945678711 344
2.351945400238037 344
2.360339403152466 344
2.369688034057617 344
2.3783302307128906 344
2.3860909938812256 344
2.3944129943847656 344
2.4034423828125 344
2.413996458053589 344
2.422233819961548 344
2.431063652038574 344
2.4396533966064453 344
2.4583680629730225 344
2.472093105316162 343
2.4837419986724854 342
2.495059013366699 342
2.5079948902130127 342
2.5210323333740234 342
2.532219409942627 341
2.5443546772003174 341
2.5527076721191406 341
2.5613460540771484 341
2.571629047393799 341
2.579885482788086 340
2.5881526470184326 340
2.595996618270874 340
2.605557680130005 340
2.6164987087249756 341
2.625217914581299 341
2.6335039138793945 340
2.6438350677490234 340
2.6521246433258057 340
2.660545825958252 340
2.670717477798462 341
2.6792500019073486 341
2.686521291732788 340
2.6951894760131836 340
2.7051515579223633 340
2.7141056060791016 340
2.7235209941864014 340
2.7319836616516113 340
2.7412919998168945 340
2.7495367527008057 340
2.7577338218688965 339
2.7656514644622803 339
2.7753756046295166 339
2.783582925796509 339
2.792004108428955 339
2.8004541397094727 339
2.8095803260803223 339
2.8198421001434326 339
2.8281099796295166 339
2.836444854736328 339
2.8497681617736816 339
2.8579928874969482 338
2.865968942642212 338
2.8761770725250244 338
2.884540557861328 338
2.8927109241485596 338
2.901854991912842 338
2.9112117290496826 338
2.9212863445281982 338
2.929572582244873 338
2.9383983612060547 338
2.9461755752563477 338
2.9545116424560547 338
2.963069200515747 338
2.9726760387420654 338
2.981358051300049 338
2.989549398422241 338
2.997722864151001 338
3.0060908794403076 338
3.015504837036133 338
3.0250656604766846 338
3.0337703227996826 338
3.042287826538086 338
3.0510175228118896 338
3.0592496395111084 338
3.066526412963867 337
3.0763256549835205 337
3.0850229263305664 336
3.093916893005371 336
3.1026313304901123 336
3.11126971244812 336
3.1206181049346924 337
3.1299192905426025 337
3.139078378677368 337
3.1463773250579834 337
3.157844066619873 336
3.1657142639160156 336
3.1758224964141846 336
3.1841304302215576 336
3.1923482418060303 336
3.2016983032226562 336
3.210101366043091 336
3.220219850540161 336
3.229537010192871 336
3.238276958465576 336
3.250560760498047 335
3.2591869831085205 335
3.2680728435516357 335
3.2777984142303467 335
3.285567283630371 334
3.293919086456299 334
3.302614450454712 334
3.3112549781799316 334
3.3200275897979736 334
3.3296849727630615 334
3.3389499187469482 334
3.346285104751587 334
3.3550734519958496 334
3.363314390182495 334
3.3945398330688477 334
3.403595447540283 334
3.412102460861206 334
3.421928644180298 334
3.4317615032196045 334
3.4404680728912354 334
3.4490983486175537 334
3.456430673599243 334
3.465519428253174 334
3.473825693130493 334
3.4834983348846436 334
3.4918012619018555 334
3.5007002353668213 334
3.509345293045044 334
3.518338680267334 334
3.5261359214782715 334
3.536086082458496 334
3.5444698333740234 334
3.5526256561279297 334
3.561216115951538 334
3.5703907012939453 333
3.5787081718444824 333
3.587993860244751 332
3.5958797931671143 332
3.6045515537261963 332
3.6144800186157227 332
3.6227197647094727 332
3.6336724758148193 332
3.641937017440796 332
3.654348611831665 331
3.6650314331054688 331
3.673494577407837 331
3.681879997253418 331
3.69143009185791 331
3.7002198696136475 330
3.7083535194396973 330
3.7178733348846436 331
3.725727081298828 331
3.73625111579895 331
3.745091438293457 330
3.7535719871520996 330
3.761868715286255 330
3.7706549167633057 330
3.779163122177124 330
3.788130760192871 331
3.7965595722198486 331
3.80531907081604 330
3.814678907394409 330
3.823038101196289 330
3.83211612701416 330
3.841641426086426 330
3.8498826026916504 330
3.858157157897949 330
3.866494655609131 330
3.8753762245178223 330
3.883618116378784 330
3.8927063941955566 330
3.9020235538482666 330
3.9104549884796143 330
3.9197475910186768 330
3.927955389022827 330
3.9382054805755615 330
3.946103811264038 330
3.9544262886047363 330
3.963648796081543 330
3.971940040588379 329
3.9804375171661377 329
3.9898698329925537 329
3.99924373626709 328
4.006614923477173 328
4.02397894859314 328
4.034001350402832 328
4.04404616355896 328
4.056297779083252 328
4.065746784210205 328
4.076399326324463 328
4.085186958312988 328
4.09514856338501 328
4.103467226028442 328
4.111932992935181 328
4.121275901794434 328
4.131076097488403 328
4.1401047706604 328
4.14955472946167 328
4.157754898071289 328
4.1660895347595215 328
4.174640417098999 328
4.18273401260376 328
4.191399574279785 328
4.201678276062012 327
4.210081577301025 327
4.219264268875122 327
4.226585388183594 326
4.235723495483398 326
4.245764255523682 327
4.254090070724487 327
4.2632410526275635 327
4.2715959548950195 327
4.279937744140625 327
4.288185119628906 327
4.2982964515686035 326
4.306154251098633 326
4.315585613250732 326
4.323942422866821 326
4.332717180252075 326
4.341371536254883 326
4.3510682582855225 326
4.359354019165039 326
4.3681604862213135 326
4.375966310501099 326
4.384358167648315 326
4.39330530166626 326
4.4023847579956055 326
4.411233901977539 326
4.420391082763672 325
4.429547071456909 325
4.437822580337524 325
4.446413516998291 324
4.460983514785767 324
4.469493865966797 324
4.4772913455963135 324
4.485552072525024 324
4.494550943374634 324
4.503940582275391 324
4.512384414672852 324
4.521804571151733 324
4.532236814498901 324
4.543789625167847 324
4.556509256362915 324
4.568940162658691 324
4.580022096633911 324
4.591219902038574 324
4.604510068893433 324
4.618233680725098 324
4.630468368530273 324
4.641664981842041 324
4.652185916900635 324
4.661505699157715 324
4.669754266738892 324
4.677945852279663 324
4.685787200927734 324
4.695071458816528 324
4.704097270965576 324
4.712987184524536 324
4.721996784210205 324
4.731186866760254 323
4.739531517028809 323
4.747782230377197 323
4.756468772888184 322
4.7655181884765625 322
4.774060249328613 322
4.782401084899902 322
4.791517019271851 322
4.799865484237671 322
4.809272289276123 322
4.818317174911499 322
4.827251195907593 321
4.835631847381592 321
4.843974351882935 321
4.858138799667358 321
4.866056680679321 321
4.874521493911743 320
4.8832106590271 320
4.892276287078857 320
4.901080369949341 321
4.910506725311279 321
4.919794321060181 321
4.928715467453003 320
4.936380386352539 320
4.945074081420898 320
4.953463792800903 320
4.9636735916137695 321
4.971936464309692 321
4.980353355407715 321
4.988636016845703 320
4.997710466384888 320
