0 0
0.015073776245117188 0
0.03282499313354492 0
0.04968857765197754 1
0.06814336776733398 7
0.08832979202270508 15
0.11020994186401367 24
0.12392330169677734 32
0.13759517669677734 41
0.1472163200378418 45
0.15638518333435059 52
0.16513657569885254 58
0.17490530014038086 65
0.18320417404174805 70
0.19150424003601074 77
0.19947171211242676 83
0.20979547500610352 90
0.21836447715759277 95
0.22833681106567383 102
0.2369227409362793 107
0.24599695205688477 113
0.2555122375488281 117
0.26424527168273926 123
0.2732670307159424 128
0.2815582752227783 134
0.2894272804260254 137
0.29781126976013184 143
0.3082606792449951 148
0.32353663444519043 157
0.3332507610321045 163
0.34203338623046875 168
0.34998202323913574 172
0.35982298851013184 176
0.3683664798736572 179
0.37784719467163086 184
0.3863201141357422 188
0.39517760276794434 192
0.4035186767578125 196
0.41347336769104004 199
0.42191576957702637 203
0.4309239387512207 207
0.4398505687713623 212
0.4488818645477295 215
0.45796751976013184 219
0.4663112163543701 221
0.47550415992736816 224
0.484130859375 227
0.4927101135253906 231
0.5002186298370361 235
0.5104420185089111 238
0.5191977024078369 241
0.5288302898406982 243
0.5378129482269287 245
0.5461671352386475 248
0.5549862384796143 251
0.5647602081298828 255
0.5735177993774414 257
0.58272385597229 259
0.5900819301605225 261
0.5988497734069824 263
0.6088967323303223 266
0.6174557209014893 269
0.6260778903961182 271
0.635425329208374 273
0.6443469524383545 275
0.6529364585876465 277
0.6632966995239258 281
0.6770126819610596 282
0.6859481334686279 282
0.694793701171875 283
0.7042334079742432 284
0.7136332988739014 286
0.7291975021362305 290
0.7390716075897217 293
0.7478034496307373 295
0.7562484741210938 297
0.7658615112304688 298
0.7753474712371826 299
0.7852864265441895 301
0.7941977977752686 303
0.803159236907959 305
0.8127992153167725 306
0.8201911449432373 306
0.8297102451324463 306
0.8390765190124512 307
0.847393274307251 309
0.8556914329528809 311
0.8654944896697998 313
0.874948263168335 315
0.8833935260772705 316
0.891608715057373 316
0.8994982242584229 316
0.9088342189788818 316
0.917971134185791 317
0.9267630577087402 319
0.9369113445281982 321
0.9453630447387695 323
0.9536745548248291 323
0.9620459079742432 324
0.971961259841919 324
0.97989821434021 325
0.989342451095581 326
0.9977920055389404 328
1.0067613124847412 328
1.0161902904510498 328
1.0249700546264648 328
1.0349845886230469 329
1.0434918403625488 330
1.0518903732299805 332
1.0597190856933594 332
1.075777530670166 331
1.085205316543579 331
1.0937106609344482 331
1.102815866470337 333
1.1103026866912842 334
1.1199371814727783 336
1.1348028182983398 337
1.14333176612854 336
1.151590347290039 336
1.1596872806549072 336
1.1699669361114502 338
1.1786468029022217 339
1.1869518756866455 339
1.195371150970459 339
1.2043180465698242 339
1.2128093242645264 340
1.222020149230957 341
1.2327871322631836 342
1.2416393756866455 342
1.2494871616363525 341
1.257918357849121 341
1.2662549018859863 341
1.276106595993042 343
1.2850415706634521 344
1.2937054634094238 346
1.3049838542938232 346
1.3132591247558594 346
1.3226699829101562 345
1.3316655158996582 346
1.340111494064331 347
1.3489537239074707 348
1.3573601245880127 348
1.3656680583953857 347
1.3758773803710938 347
1.3843655586242676 347
1.3929553031921387 347
1.4017717838287354 348
1.409848928451538 349
1.4183402061462402 351
1.429016351699829 351
1.4376957416534424 350
1.4460632801055908 350
1.454890251159668 350
1.4633803367614746 351
1.4736340045928955 351
1.4818980693817139 351
1.4896624088287354 351
1.499180555343628 351
1.5074734687805176 351
1.515718698501587 351
1.5301754474639893 353
1.5397145748138428 353
1.5483512878417969 354
1.5569562911987305 354
1.5658533573150635 354
1.5753934383392334 354
1.5839245319366455 354
1.5920324325561523 355
1.6009109020233154 355
1.6092031002044678 355
1.617464542388916 355
1.6270287036895752 355
1.6363074779510498 355
1.6451034545898438 355
1.653510570526123 356
1.6618881225585938 356
1.670203685760498 356
1.6797208786010742 355
1.6881613731384277 355
1.6963117122650146 355
1.7057111263275146 356
1.714313268661499 356
1.7228124141693115 357
1.7334299087524414 357
1.7416882514953613 356
1.749673843383789 355
1.758143663406372 355
1.7674665451049805 355
1.7770214080810547 356
1.785663366317749 357
1.7940623760223389 356
1.8043525218963623 355
1.8134679794311523 355
1.8216044902801514 356
1.8328216075897217 357
1.8402278423309326 357
1.8492345809936523 357
1.857515573501587 356
1.8688747882843018 355
1.8826758861541748 355
1.893512487411499 357
1.9069788455963135 359
1.9189422130584717 359
1.9392328262329102 358
1.9516322612762451 355
1.9623794555664062 355
1.970383882522583 355
1.978987216949463 355
1.9881041049957275 356
1.997406244277954 357
2.0081088542938232 357
2.0162596702575684 356
2.0250065326690674 355
2.0358235836029053 354
2.044764757156372 354
2.053067207336426 355
2.06101131439209 355
2.0697264671325684 355
2.0779507160186768 355
2.087358236312866 355
2.0962724685668945 355
2.1048929691314697 355
2.1131274700164795 355
2.120404005050659 355
2.13035249710083 355
2.13980770111084 355
2.1481542587280273 355
2.1562695503234863 355
2.1654303073883057 355
2.1737844944000244 355
2.1819913387298584 355
2.191483974456787 355
2.1997933387756348 355
2.2081425189971924 355
2.217194080352783 355
2.2254960536956787 355
2.2367873191833496 355
2.245443105697632 355
2.253716230392456 355
2.262655019760132 355
2.269979238510132 355
2.2783851623535156 355
2.2876839637756348 355
2.2963833808898926 355
2.305215358734131 355
2.313687324523926 355
2.3247060775756836 355
2.3395018577575684 355
2.347947120666504 355
2.356229066848755 355
2.365327835083008 355
2.3735878467559814 355
2.3817458152770996 355
2.3901984691619873 355
2.3994882106781006 355
2.4077649116516113 355
2.4159481525421143 355
2.4248228073120117 355
2.433931589126587 355
2.4432523250579834 355
2.4510488510131836 355
2.4592018127441406 355
2.468118190765381 355
2.476235866546631 355
2.4849886894226074 355
2.495039701461792 355
2.503246545791626 355
2.5109872817993164 355
2.519153118133545 355
2.529031276702881 355
2.537277936935425 355
2.546736717224121 355
2.5550930500030518 355
2.564199686050415 355
2.5724356174468994 355
2.579981565475464 355
2.5883712768554688 355
2.598195791244507 355
2.6064438819885254 355
2.615018606185913 355
2.6232497692108154 355
2.6355514526367188 355
2.645496129989624 355
2.653726816177368 355
2.6631219387054443 355
2.670375347137451 355
2.6789538860321045 355
2.688265562057495 355
2.6979668140411377 355
2.7061450481414795 355
2.714813232421875 355
2.7231996059417725 355
2.7369236946105957 355
2.747683048248291 355
2.757162094116211 355
2.765730619430542 355
2.7741353511810303 355
2.7827095985412598 355
2.7900381088256836 355
2.7999207973480225 355
2.808258295059204 355
2.816370725631714 355
2.8255743980407715 355
2.83537220954895 355
2.843782424926758 355
2.853203058242798 355
2.861968994140625 355
2.869729995727539 355
2.877974033355713 355
2.8861374855041504 355
2.8951151371002197 355
2.9048011302948 355
2.913060188293457 355
2.920330762863159 355
2.9301464557647705 355
2.9387834072113037 355
2.947829246520996 355
2.9562110900878906 355
2.965616464614868 355
2.973966121673584 355
2.9820308685302734 355
2.989809513092041 355
2.999660015106201 355
3.007924795150757 355
3.0161020755767822 355
3.025554656982422 355
3.0354866981506348 355
3.0437417030334473 355
3.05314302444458 355
3.0616281032562256 355
3.0695385932922363 355
3.077794075012207 355
3.086113452911377 355
3.095475435256958 355
3.1052119731903076 355
3.1134774684906006 355
3.1216588020324707 355
3.136152505874634 355
3.1451547145843506 355
3.1547935009002686 355
3.163655996322632 355
3.171860456466675 355
3.1796486377716064 355
3.1879169940948486 355
3.1971569061279297 355
3.206298589706421 355
3.2150583267211914 355
3.2236127853393555 355
3.233633279800415 355
3.241872787475586 355
3.249647617340088 355
3.261007308959961 355
3.2694573402404785 355
3.2777934074401855 355
3.2859675884246826 355
3.2950947284698486 355
3.3042757511138916 355
3.312774658203125 355
3.3200578689575195 355
3.3300085067749023 355
3.3390350341796875 355
3.347414493560791 355
3.363584280014038 355
3.371863842010498 355
3.379685401916504 355
3.388934373855591 355
3.397158622741699 355
3.4063022136688232 355
3.414959192276001 355
3.4234936237335205 355
3.432828426361084 355
3.4402008056640625 355
3.449430227279663 355
3.4594154357910156 355
3.4677515029907227 355
3.4760775566101074 355
3.48475980758667 355
3.4936630725860596 355
3.501903772354126 355
3.511436700820923 355
3.51924204826355 355
3.528703451156616 355
3.54038667678833 355
3.5496840476989746 355
3.559748649597168 355
3.5687639713287354 355
3.5770163536071777 355
3.5853538513183594 355
3.5943355560302734 355
3.6029372215270996 355
3.6120009422302246 355
3.61977219581604 355
3.634053945541382 355
3.6420977115631104 355
3.650334358215332 355
3.660443067550659 355
3.6691441535949707 355
3.6773979663848877 355
3.685795545578003 355
3.6948890686035156 355
3.703289270401001 355
3.7128522396087646 355
3.7217092514038086 355
3.730278730392456 355
3.7390384674072266 355
3.7475781440734863 355
3.757164716720581 355
3.768249750137329 355
3.7771852016448975 355
3.785518169403076 355
3.7948172092437744 355
3.803234338760376 355
3.812326192855835 355
3.8214306831359863 355
3.829974889755249 355
3.8383893966674805 355
3.846705675125122 355
3.8560678958892822 355
3.8658981323242188 355
3.8743484020233154 355
3.8828482627868652 355
3.8917551040649414 355
3.8995606899261475 355
3.9078049659729004 355
3.917351245880127 355
3.926283121109009 355
3.9392073154449463 355
3.9494614601135254 355
3.9633688926696777 355
3.9755702018737793 355
3.9876015186309814 355
3.999119758605957 355
4.0098206996917725 355
4.023765563964844 355
4.0330810546875 355
4.04099178314209 354
4.049623250961304 354
4.059182167053223 354
4.0687291622161865 354
4.077045440673828 355
4.085864543914795 354
4.094727993011475 353
4.103222608566284 353
4.111419916152954 354
4.120996713638306 355
4.1302454471588135 355
4.138909816741943 355
4.147310495376587 354
4.156174182891846 353
4.165050983428955 353
4.1742823123931885 354
4.182960748672485 354
4.191856384277344 354
4.1997971534729 353
4.208333969116211 353
4.217244863510132 353
4.228253602981567 354
4.236931562423706 354
4.245262622833252 354
4.2546892166137695 354
4.2634782791137695 354
4.273729085922241 353
4.283557176589966 354
4.291985511779785 354
4.2999184131622314 354
4.308697462081909 354
4.3175883293151855 353
4.327971696853638 354
4.341512441635132 355
4.350411653518677 356
4.359265565872192 355
4.367783069610596 355
4.377187728881836 354
4.386241912841797 354
4.394921779632568 354
4.4034318923950195 355
4.411783933639526 355
4.420177459716797 354
4.430398941040039 353
4.439133167266846 353
4.447410583496094 353
4.456263542175293 353
4.465547800064087 353
4.475044012069702 353
4.483731031417847 353
4.492003440856934 353
4.499795198440552 353
4.508110761642456 353
4.5174126625061035 353
4.527795791625977 353
4.536139965057373 353
4.544837236404419 352
4.553691148757935 352
4.561951398849487 352
4.57024884223938 353
4.579914331436157 353
4.5891735553741455 353
4.597494125366211 353
4.6057517528533936 352
4.615039348602295 352
4.623356342315674 352
4.641737699508667 353
4.650359392166138 353
4.659163475036621 353
4.667598485946655 352
4.67673659324646 352
4.688396215438843 353
4.697402715682983 353
4.705860376358032 353
4.7149879932403564 353
4.723236799240112 353
4.7333526611328125 352
4.748225450515747 351
4.757012128829956 351
4.7656731605529785 352
4.77512264251709 353
4.785127639770508 354
4.793400049209595 353
4.801581621170044 352
4.809545516967773 351
4.81896185874939 351
4.828263521194458 352
4.837850570678711 353
4.846203565597534 353
4.855239152908325 352
4.863628625869751 351
4.872019529342651 351
4.883082151412964 352
4.891048192977905 353
4.899378776550293 353
4.907799482345581 352
4.917214870452881 351
4.925652742385864 351
4.935887813568115 351
4.944711208343506 352
4.953745126724243 353
4.9623095989227295 353
4.969965934753418 352
4.978774309158325 351
4.988964080810547 351
4.99722957611084 352
