0 0
0.014676094055175781 0
0.03127479553222656 0
0.04909062385559082 2
0.06606411933898926 7
0.0868527889251709 14
0.1034097671508789 24
0.11698389053344727 30
0.12538361549377441 36
0.13402104377746582 41
0.14315247535705566 47
0.15234041213989258 53
0.16148066520690918 60
0.16947507858276367 65
0.18337702751159668 76
0.19172263145446777 81
0.1997520923614502 87
0.20868396759033203 93
0.21858525276184082 101
0.22696208953857422 107
0.23549461364746094 115
0.245466947555542 123
0.2540407180786133 129
0.26337528228759766 137
0.2720010280609131 147
0.28522586822509766 153
0.29437971115112305 161
0.30292415618896484 167
0.3123602867126465 175
0.32163357734680176 183
0.3295433521270752 190
0.33838939666748047 197
0.34830617904663086 205
0.3568899631500244 211
0.366382360458374 220
0.3748960494995117 228
0.3849215507507324 235
0.3933734893798828 243
0.40173792839050293 249
0.41111278533935547 257
0.4200286865234375 264
0.42876243591308594 271
0.4372563362121582 278
0.44588303565979004 283
0.4555699825286865 290
0.4652676582336426 296
0.47490739822387695 301
0.48509860038757324 305
0.493438720703125 310
0.501680850982666 313
0.5100414752960205 316
0.5195193290710449 320
0.5278992652893066 323
0.5365645885467529 325
0.5455291271209717 327
0.5547153949737549 330
0.5631499290466309 332
0.5726966857910156 335
0.5858962535858154 337
0.5949151515960693 339
0.6034073829650879 340
0.6127455234527588 341
0.6219568252563477 343
0.6296384334564209 344
0.6384305953979492 345
0.6471972465515137 346
0.6560072898864746 347
0.6647319793701172 347
0.674077033996582 347
0.6840729713439941 349
0.6927084922790527 349
0.700049877166748 350
0.708777666091919 351
0.7178514003753662 351
0.7273087501525879 352
0.7355725765228271 352
0.7445628643035889 352
0.75325608253479 352
0.7624232769012451 353
0.7697644233703613 353
0.7815439701080322 354
0.7893867492675781 354
0.7977724075317383 354
0.8058817386627197 354
0.814917802810669 354
0.8245675563812256 354
0.8330035209655762 354
0.8411798477172852 354
0.8496396541595459 354
0.8588392734527588 355
0.8671987056732178 355
0.8789467811584473 355
0.8872365951538086 354
0.8956522941589355 354
0.9044225215911865 354
0.9132487773895264 355
0.9214887619018555 355
0.9300546646118164 355
0.9387493133544922 355
0.9477088451385498 355
0.9559905529022217 355
0.9663937091827393 355
0.9754903316497803 355
0.9893648624420166 355
0.9978430271148682 355
1.0063633918762207 355
1.0154247283935547 355
1.023965835571289 355
1.0333406925201416 355
1.0415234565734863 355
1.04984712600708 355
1.05845308303833 355
1.0671167373657227 355
1.076688289642334 355
1.0864155292510986 355
1.0948021411895752 355
1.1029973030090332 355
1.1112110614776611 355
1.1196017265319824 355
1.1290690898895264 355
1.1375036239624023 355
1.1458323001861572 355
1.1551783084869385 355
1.1634595394134521 355
1.1716711521148682 355
1.1819963455200195 355
1.1900596618652344 355
1.1988890171051025 355
1.207221508026123 355
1.215578317642212 355
1.2247765064239502 355
1.2339766025543213 355
1.2424428462982178 355
1.2497389316558838 355
1.2589688301086426 355
1.2678518295288086 355
1.2765226364135742 355
1.2872207164764404 355
1.2954707145690918 355
1.3039352893829346 355
1.3126749992370605 355
1.3199951648712158 355
1.3290576934814453 355
1.3385365009307861 355
1.3469343185424805 355
1.3552238941192627 355
1.3640356063842773 355
1.3726868629455566 355
1.385988712310791 355
1.3948607444763184 355
1.403754711151123 355
1.4122910499572754 355
1.4196209907531738 355
1.4282972812652588 355
1.438547134399414 355
1.4467811584472656 355
1.4551877975463867 355
1.4634485244750977 355
1.4716508388519287 355
1.4847357273101807 355
1.4931230545043945 355
1.501358985900879 355
1.5091748237609863 355
1.5184056758880615 355
1.5266096591949463 355
1.5357682704925537 355
1.5450639724731445 355
1.5536627769470215 355
1.5617198944091797 354
1.5695865154266357 354
1.579552173614502 354
1.588958740234375 354
1.5972740650177002 354
1.6056246757507324 354
1.615110158920288 354
1.6233782768249512 354
1.6316156387329102 353
1.645026683807373 353
1.6571078300476074 354
1.668367624282837 355
1.6819498538970947 354
1.6945102214813232 353
1.7056305408477783 351
1.715989351272583 351
1.7246041297912598 351
1.7331972122192383 352
1.7426774501800537 352
1.7512867450714111 352
1.7590675354003906 352
1.7673346996307373 351
1.775824785232544 351
1.792712688446045 351
1.8006095886230469 352
1.8089511394500732 353
1.8178062438964844 353
1.8259577751159668 352
1.8346450328826904 352
1.84378981590271 351
1.8526997566223145 351
1.8605623245239258 351
1.86893630027771 352
1.878873348236084 352
1.888037919998169 351
1.8974745273590088 351
1.9058747291564941 350
1.9147536754608154 350
1.9238526821136475 350
1.932342290878296 351
1.9413394927978516 351
1.9491968154907227 351
1.9574480056762695 350
1.9657204151153564 350
1.9745831489562988 349
1.9850964546203613 351
1.994966745376587 351
2.0033211708068848 351
2.013270139694214 350
2.021538496017456 350
2.0293309688568115 349
2.037853240966797 350
2.047154426574707 350
2.055424928665161 350
2.0638015270233154 350
2.0720224380493164 350
2.0806078910827637 350
2.08884859085083 350
2.098512649536133 350
2.1067721843719482 350
2.1150472164154053 350
2.123663902282715 350
2.1316850185394287 350
2.139455795288086 350
2.148905038833618 350
2.1573543548583984 350
2.1656291484832764 350
2.1743509769439697 350
2.1835837364196777 350
2.1986706256866455 350
2.2071216106414795 350
2.2156076431274414 350
2.2240872383117676 350
2.2328999042510986 350
2.2410709857940674 350
2.2497072219848633 350
2.258504867553711 350
2.2667505741119385 350
2.275214195251465 350
2.287611961364746 349
2.2978367805480957 349
2.3059773445129395 349
2.3146069049835205 349
2.3229000568389893 349
2.3324837684631348 349
2.3429276943206787 349
2.35249400138855 349
2.361654043197632 349
2.369462013244629 349
2.378926992416382 348
2.3873584270477295 348
2.3987643718719482 349
2.4071085453033447 349
2.415375232696533 349
2.4238507747650146 349
2.4329278469085693 349
2.4411306381225586 348
2.4496607780456543 348
2.4585564136505127 348
2.467311382293701 348
2.4757094383239746 348
2.4850351810455322 348
2.4933526515960693 348
2.504361391067505 348
2.5127861499786377 348
2.5206141471862793 348
2.52880597114563 347
2.5377635955810547 347
2.5459396839141846 347
2.555413007736206 348
2.5645318031311035 348
2.5729546546936035 348
2.582371234893799 347
2.595644235610962 347
2.6060352325439453 348
2.6148440837860107 348
2.623161554336548 348
2.631739616394043 347
2.639648199081421 347
2.6485180854797363 347
2.657721996307373 347
2.6669931411743164 347
2.675257682800293 346
2.684750556945801 346
2.6931416988372803 346
2.703791618347168 347
2.7123143672943115 347
2.7196638584136963 347
2.7283477783203125 346
2.7372748851776123 346
2.7455127239227295 346
2.7551445960998535 346
2.763404607772827 346
2.7727489471435547 346
2.781748056411743 346
2.7895500659942627 346
2.79797625541687 346
2.8077232837677 346
2.8159804344177246 346
2.8246452808380127 346
2.835153579711914 346
2.8471672534942627 346
2.856666088104248 346
2.8650081157684326 346
2.8734474182128906 346
2.8839752674102783 346
2.892444133758545 346
2.8997771739959717 346
2.9129936695098877 346
2.921726703643799 345
2.9295802116394043 345
2.9383962154388428 345
2.9465832710266113 345
2.9553513526916504 345
2.964755058288574 345
2.9730052947998047 345
2.9823577404022217 345
2.995530366897583 345
3.0043187141418457 345
3.01446533203125 345
3.0228583812713623 345
3.032299757003784 345
3.03965425491333 345
3.0483689308166504 345
3.0567851066589355 345
3.0668230056762695 345
3.075185537338257 344
3.0846402645111084 344
3.0929019451141357 344
3.101688861846924 344
3.1116220951080322 344
3.119570732116699 344
3.128005266189575 344
3.1371450424194336 344
3.1453897953033447 344
3.1538331508636475 344
3.163200855255127 344
3.1725916862487793 344
3.1814279556274414 344
3.1892242431640625 344
3.1974925994873047 344
3.2066586017608643 344
3.21581768989563 344
3.2244668006896973 344
3.232865571975708 344
3.241734504699707 344
3.2495572566986084 344
3.2579903602600098 344
3.2673542499542236 344
3.277430295944214 344
3.2856099605560303 344
3.2944695949554443 344
3.3027260303497314 344
3.318427562713623 344
3.3266441822052 344
3.3350913524627686 344
3.343912124633789 344
3.3525502681732178 344
3.359919786453247 344
3.3694639205932617 343
3.379190444946289 343
3.3875694274902344 344
3.3996667861938477 344
3.4091720581054688 344
3.42069149017334 343
3.429032802581787 343
3.4373297691345215 343
3.446605682373047 343
3.4549944400787354 343
3.463286876678467 342
3.4735748767852783 342
3.4828898906707764 342
3.4910776615142822 342
3.498959541320801 342
3.5083279609680176 342
3.5165839195251465 341
3.5265305042266846 341
3.5350749492645264 341
3.543949842453003 341
3.5526552200317383 341
3.5599896907806396 341
3.5694024562835693 341
3.5794169902801514 341
3.5877628326416016 341
3.596358060836792 341
3.6051974296569824 341
3.61360502243042 341
3.623605728149414 341
3.6323130130767822 341
3.641144037246704 341
3.648956537246704 341
3.6573984622955322 341
3.6656181812286377 341
3.675434112548828 341
3.684880018234253 341
3.6931536197662354 341
3.7013649940490723 341
3.709655523300171 341
3.7232890129089355 341
3.734539270401001 341
3.7463271617889404 341
3.757725477218628 341
3.76928448677063 341
3.784048080444336 340
3.798828125 339
3.8079051971435547 339
3.8166773319244385 339
3.8269340991973877 340
3.8353946208953857 340
3.844515562057495 340
3.8528311252593994 340
3.8606717586517334 340
3.8688881397247314 339
3.88057541847229 339
3.8887875080108643 340
3.8972415924072266 340
3.9064273834228516 340
3.9148600101470947 340
3.9239180088043213 340
3.9348409175872803 339
3.9440298080444336 339
3.9527738094329834 339
3.9606566429138184 339
3.96943998336792 339
3.9796276092529297 339
3.9883553981781006 339
3.9965829849243164 338
4.005399465560913 338
4.014322280883789 338
4.022590637207031 338
4.03245997428894 338
4.041302680969238 338
4.049142360687256 338
4.0574564933776855 338
4.065694808959961 338
4.0752034187316895 337
4.085370779037476 337
4.0938098430633545 337
4.1027672290802 337
4.110616683959961 338
4.118852615356445 338
4.127213954925537 337
4.138522386550903 337
4.146835565567017 337
4.15518045425415 337
4.163565397262573 337
4.172434091567993 337
4.182634115219116 337
4.189992666244507 337
4.203917503356934 337
4.212548017501831 337
4.2198872566223145 337
4.228700399398804 337
4.239164352416992 337
4.24743914604187 337
4.255842924118042 337
4.26452374458313 337
4.273426055908203 337
4.292571783065796 337
4.2998902797698975 337
4.30911111831665 337
4.31756591796875 337
4.325841188430786 337
4.337246894836426 337
4.345564603805542 337
4.354583501815796 337
4.362873554229736 337
4.371655464172363 337
4.381194353103638 337
4.389827251434326 337
4.402004241943359 337
4.409618854522705 336
4.418489456176758 336
4.426825761795044 336
4.436956405639648 336
4.445648670196533 336
4.454392910003662 336
4.462799072265625 336
4.471355199813843 336
4.47993278503418 336
4.489503622055054 336
4.498331069946289 336
4.507326364517212 336
4.515582799911499 335
4.524374723434448 335
4.533221006393433 335
4.543253421783447 335
4.551499605178833 335
4.559444904327393 335
4.568713188171387 335
4.57777214050293 335
4.587160110473633 335
4.600584983825684 335
4.608896255493164 335
4.617485523223877 335
4.62585973739624 335
4.634857892990112 335
4.644087791442871 335
4.653165102005005 335
4.661386251449585 335
4.669802665710449 335
4.679501056671143 335
4.688977479934692 335
4.697304725646973 335
4.706071853637695 335
4.714734077453613 335
4.723130941390991 335
4.7324323654174805 335
4.74134373664856 335
4.749626159667969 334
4.758476257324219 334
4.7674760818481445 333
4.775953769683838 334
4.785172700881958 334
4.7948548793792725 334
4.803731441497803 334
4.811988592147827 333
4.819636344909668 333
4.8283305168151855 333
4.836888551712036 333
4.845939874649048 333
4.855366230010986 333
4.864497661590576 334
4.872824430465698 334
4.882921457290649 333
4.892051935195923 333
4.90113639831543 333
4.9099671840667725 333
4.91890287399292 333
4.927185297012329 334
4.935807943344116 334
4.945306301116943 334
4.953749179840088 333
4.962085485458374 333
4.970651388168335 333
4.9797728061676025 333
4.988598585128784 333
