0 0
0.01295328140258789 0
0.03222942352294922 0
0.050520896911621094 2
0.07144379615783691 7
0.08833980560302734 13
0.10022258758544922 19
0.11086249351501465 25
0.1197056770324707 29
0.12821269035339355 34
0.137009859085083 40
0.1471414566040039 47
0.15624713897705078 52
0.16484427452087402 59
0.17368412017822266 65
0.18192696571350098 71
0.19016051292419434 76
0.19969964027404785 83
0.21207499504089355 92
0.22047996520996094 100
0.22887802124023438 106
0.23831820487976074 114
0.24830031394958496 120
0.2569570541381836 128
0.2654457092285156 134
0.2742292881011963 140
0.2821207046508789 147
0.2904026508331299 155
0.29990410804748535 163
0.30915164947509766 169
0.31809449195861816 175
0.3264307975769043 183
0.33519554138183594 190
0.3443150520324707 198
0.3529369831085205 205
0.3616480827331543 211
0.3704817295074463 219
0.37888383865356445 226
0.38770151138305664 233
0.39598560333251953 241
0.40639781951904297 249
0.41631388664245605 257
0.42507481575012207 263
0.4330470561981201 270
0.44260644912719727 279
0.45204782485961914 285
0.46041083335876465 293
0.46917104721069336 300
0.4783000946044922 307
0.486691951751709 315
0.494767427444458 321
0.504796028137207 329
0.5125482082366943 336
0.5211353302001953 343
0.5290887355804443 349
0.5382554531097412 356
0.5487456321716309 365
0.5597820281982422 372
0.5687253475189209 378
0.5771341323852539 382
0.5856568813323975 385
0.5929644107818604 388
0.6021342277526855 390
0.6164658069610596 392
0.6257226467132568 392
0.6345646381378174 391
0.6447892189025879 389
0.6527538299560547 387
0.6622514724731445 385
0.6730861663818359 380
0.681755542755127 377
0.6899056434631348 373
0.698127269744873 368
0.7082479000091553 364
0.7164111137390137 359
0.7254335880279541 356
0.7342216968536377 352
0.7427189350128174 349
0.7510101795196533 347
0.7603685855865479 345
0.7689509391784668 345
0.7776069641113281 345
0.7857706546783447 345
0.7929675579071045 346
0.8023271560668945 347
0.8115711212158203 349
0.8197379112243652 351
0.8280239105224609 353
0.8367137908935547 356
0.8469371795654297 359
0.8558411598205566 361
0.8657793998718262 363
0.8730309009552002 364
0.8815619945526123 365
0.8897101879119873 366
0.9002540111541748 367
0.9101707935333252 367
0.9188213348388672 367
0.9271979331970215 366
0.9362187385559082 365
0.9451847076416016 364
0.9526832103729248 363
0.9619967937469482 362
0.970482349395752 361
0.9787490367889404 359
0.9870772361755371 359
0.9952118396759033 358
1.0037198066711426 357
1.0181849002838135 357
1.0270905494689941 356
1.0363833904266357 356
1.045694351196289 356
1.052884817123413 357
1.0621247291564941 357
1.0706863403320312 357
1.0787618160247803 357
1.0870873928070068 358
1.0956330299377441 359
1.104245662689209 359
1.1143341064453125 359
1.1220033168792725 359
1.131481409072876 360
1.140221357345581 360
1.1483895778656006 360
1.156911849975586 360
1.1664738655090332 360
1.174558162689209 360
1.1831552982330322 360
1.191685438156128 360
1.2024497985839844 360
1.2129981517791748 360
1.2262790203094482 360
1.2385327816009521 360
1.2504312992095947 360
1.2614433765411377 360
1.274578332901001 360
1.2860894203186035 360
1.2958738803863525 360
1.3030765056610107 360
1.311598539352417 360
1.321099042892456 360
1.3301258087158203 360
1.339015245437622 360
1.3479175567626953 360
1.356022596359253 360
1.3646581172943115 360
1.373049020767212 360
1.3815393447875977 360
1.3895008563995361 360
1.3983988761901855 360
1.4065601825714111 360
1.4197821617126465 360
1.4288671016693115 360
1.4375355243682861 360
1.4463720321655273 360
1.4543941020965576 360
1.4626152515411377 360
1.4719629287719727 360
1.4800782203674316 360
1.488196611404419 360
1.4969003200531006 360
1.5047461986541748 360
1.5123744010925293 360
1.521998643875122 360
1.530574083328247 360
1.5401241779327393 360
1.5483098030090332 360
1.556530237197876 360
1.5655789375305176 360
1.5744116306304932 360
1.5821712017059326 360
1.5903425216674805 360
1.598787546157837 360
1.607116937637329 360
1.6154284477233887 360
1.6242930889129639 360
1.632469654083252 360
1.6426208019256592 360
1.6507246494293213 360
1.6587891578674316 360
1.6678099632263184 360
1.6769132614135742 360
1.6848058700561523 360
1.6962299346923828 360
1.7042171955108643 360
1.7119190692901611 360
1.7199432849884033 360
1.729874849319458 360
1.7380633354187012 360
1.7478079795837402 360
1.7560391426086426 360
1.7644412517547607 360
1.7721283435821533 360
1.7814366817474365 360
1.7890830039978027 360
1.7982988357543945 360
1.8064119815826416 360
1.8187313079833984 360
1.8286871910095215 360
1.8371164798736572 360
1.8462142944335938 360
1.8542101383209229 360
1.8626008033752441 360
1.8707151412963867 360
1.8801720142364502 360
1.8882689476013184 360
1.8974721431732178 360
1.9056134223937988 360
1.912750482559204 360
1.9209694862365723 360
1.9305658340454102 360
1.9389524459838867 360
1.9482321739196777 360
1.9563651084899902 360
1.9655523300170898 360
1.972707748413086 360
1.9823460578918457 360
1.9910216331481934 360
2.001556158065796 360
2.011979103088379 360
2.0217113494873047 360
2.032242774963379 360
2.0414085388183594 360
2.0491085052490234 360
2.058347463607788 360
2.0676541328430176 360
2.0759317874908447 360
2.0848424434661865 360
2.092949867248535 360
2.101457357406616 360
2.1115493774414062 360
2.119753360748291 360
2.1301615238189697 360
2.1383392810821533 360
2.1480493545532227 360
2.1565818786621094 360
2.165480136871338 360
2.17268967628479 360
2.182115316390991 360
2.1909217834472656 360
2.2003636360168457 360
2.208617925643921 360
2.2206742763519287 360
2.229088306427002 360
2.23887300491333 360
2.247729778289795 360
2.2558650970458984 360
2.26444935798645 360
2.2720651626586914 360
2.2801902294158936 360
2.289062976837158 360
2.2982375621795654 360
2.3063602447509766 360
2.3143866062164307 360
2.322035789489746 360
2.3306779861450195 360
2.3409905433654785 360
2.3489675521850586 360
2.3587515354156494 360
2.3670856952667236 360
2.375143051147461 360
2.3825769424438477 360
2.3923325538635254 360
2.4086718559265137 360
2.41713547706604 360
2.4261858463287354 360
2.434863328933716 360
2.4430277347564697 360
2.451538324356079 360
2.4606781005859375 360
2.468871593475342 360
2.4775333404541016 360
2.4864964485168457 360
2.4956765174865723 360
2.502824544906616 360
2.5113942623138428 360
2.519078493118286 360
2.528252601623535 360
2.5377304553985596 360
2.54658579826355 360
2.5546255111694336 360
2.56317400932312 360
2.57171630859375 360
2.5797603130340576 360
2.589694023132324 360
2.598121404647827 360
2.60625958442688 360
2.618011951446533 360
2.626784086227417 360
2.634666919708252 360
2.645901918411255 360
2.653076171875 360
2.6622560024261475 360
2.6708457469940186 360
2.6788883209228516 360
2.6871912479400635 360
2.696943759918213 360
2.7048072814941406 360
2.715798854827881 360
2.7243406772613525 360
2.732203245162964 360
2.7422356605529785 360
2.750432014465332 360
2.7589125633239746 360
2.767197370529175 360
2.7756588459014893 360
2.7828359603881836 360
2.792694091796875 360
2.800929546356201 360
2.808896780014038 360
2.8174774646759033 360
2.8262810707092285 360
2.834327459335327 360
2.8443844318389893 360
2.852013111114502 360
2.8605685234069824 360
2.8687078952789307 360
2.8777360916137695 360
2.885831117630005 360
2.895927667617798 360
2.9031107425689697 360
2.9116406440734863 360
2.9201908111572266 360
2.9283242225646973 360
2.9364824295043945 360
2.9465603828430176 360
2.95588755607605 360
2.9630794525146484 360
2.9720816612243652 360
2.9802663326263428 360
2.989126205444336 360
2.998420238494873 360
3.006561279296875 360
3.0187432765960693 360
3.02783203125 360
3.0360817909240723 360
3.0492045879364014 360
3.058384418487549 360
3.066554069519043 360
3.0755536556243896 360
3.0827417373657227 360
3.0916781425476074 360
3.101990222930908 360
3.110079288482666 360
3.1196463108062744 360
3.1277616024017334 360
3.1359951496124268 360
3.144697427749634 360
3.1547036170959473 360
3.165558338165283 360
3.1727497577667236 360
3.1809685230255127 359
3.189774513244629 359
3.198913097381592 359
3.2071993350982666 359
3.215564727783203 359
3.224212408065796 359
3.231938600540161 358
3.240933895111084 358
3.2503294944763184 358
3.2589941024780273 358
3.2674977779388428 358
3.285783529281616 357
3.2969579696655273 357
3.30900502204895 357
3.3210861682891846 358
3.3323094844818115 358
3.3446054458618164 358
3.3570892810821533 358
3.365499496459961 357
3.372687816619873 357
3.381880521774292 357
3.3904285430908203 358
3.39860463142395 358
3.4079720973968506 358
3.42012882232666 358
3.4283745288848877 358
3.4369819164276123 357
3.4463162422180176 357
3.456382989883423 357
3.4645142555236816 358
3.472177028656006 358
3.4803261756896973 358
3.48905086517334 358
3.497814655303955 358
3.507063627243042 358
3.515429735183716 358
3.5237584114074707 358
3.531928300857544 358
3.5402660369873047 358
3.5489399433135986 358
3.558725357055664 358
3.567061185836792 358
3.5754265785217285 358
3.5837671756744385 358
3.5923144817352295 358
3.6004478931427 358
3.6097218990325928 358
3.618983268737793 358
3.6275126934051514 358
3.6358165740966797 358
3.6463406085968018 358
3.655484676361084 358
3.664340019226074 358
3.6720054149627686 358
3.680366039276123 358
3.689988851547241 358
3.6991941928863525 358
3.708524227142334 358
3.7178049087524414 358
3.725987672805786 358
3.7331533432006836 358
3.742619514465332 358
3.75187087059021 358
3.7629454135894775 358
3.7716541290283203 358
3.77974534034729 358
3.788478136062622 358
3.7994937896728516 358
3.80776309967041 358
3.820960283279419 358
3.82917857170105 358
3.8378164768218994 358
3.848499059677124 358
3.8569679260253906 358
3.866223096847534 358
3.8742315769195557 358
3.8823537826538086 358
3.890474557876587 358
3.899141311645508 358
3.9087040424346924 358
3.9196619987487793 358
3.9278616905212402 358
3.9359970092773438 358
3.945082902908325 357
3.952986240386963 357
3.9623866081237793 357
3.9705569744110107 357
3.978877067565918 357
3.988159418106079 357
3.9969301223754883 357
4.004817008972168 357
4.014333724975586 357
4.022010564804077 357
4.030223608016968 357
4.043113946914673 357
4.052117586135864 357
4.060259103775024 357
4.069515943527222 357
4.077759742736816 357
4.086460113525391 357
4.094560146331787 357
4.102376222610474 357
4.110495328903198 357
4.120121240615845 357
4.128307819366455 357
4.136475086212158 357
4.1457953453063965 357
4.154562950134277 357
4.162384271621704 357
4.171603679656982 357
4.180169343948364 357
4.188330411911011 357
4.1964898109436035 357
4.205559015274048 357
4.214431285858154 357
4.227694511413574 357
4.235985279083252 357
4.244699239730835 357
4.2530059814453125 357
4.261563062667847 357
4.270586729049683 357
4.279917001724243 357
4.288170099258423 357
4.296335220336914 357
4.305110454559326 357
4.313793182373047 357
4.322680234909058 357
4.330894708633423 357
4.339447498321533 357
4.348696231842041 357
4.3570191860198975 357
4.365096092224121 357
4.37421989440918 357
4.382579803466797 357
4.390714406967163 357
4.399072885513306 357
4.4080893993377686 357
4.417758464813232 357
4.427140712738037 357
4.435502767562866 357
4.444713115692139 357
4.452480316162109 357
4.460841655731201 357
4.470096588134766 357
4.478975057601929 357
4.4875335693359375 357
4.495666742324829 357
4.502823352813721 357
4.512391567230225 357
4.52182674407959 357
4.529886960983276 357
4.5380353927612305 357
4.547818660736084 357
4.556859016418457 357
4.5684144496917725 357
4.579448699951172 357
4.5877463817596436 357
4.5958404541015625 357
4.603043794631958 357
4.6124536991119385 357
4.628321886062622 357
4.636914491653442 357
4.647737503051758 357
4.655817270278931 357
4.662992238998413 357
4.671484708786011 357
4.682398557662964 357
4.690563440322876 357
4.69880223274231 357
4.7071428298950195 357
4.7167017459869385 357
4.7258617877960205 357
4.733038663864136 357
4.742320537567139 357
4.750840425491333 357
4.759001731872559 357
4.767512083053589 357
4.776508569717407 357
4.785491466522217 357
4.7927186489105225 357
4.80101752281189 357
4.809199333190918 357
4.818470478057861 357
4.827847242355347 357
4.836001634597778 357
4.845663547515869 357
4.852844715118408 357
4.861431360244751 357
4.86911416053772 357
4.87888765335083 357
4.8874733448028564 357
4.895574569702148 357
4.90276575088501 357
4.911710262298584 357
4.920721530914307 357
4.929972887039185 357
4.9383485317230225 357
4.948326587677002 357
4.956450462341309 357
4.964489936828613 357
4.972181081771851 357
4.982158422470093 357
4.990352392196655 357
4.998648166656494 357
