0 0
0.014663219451904297 0
0.032793283462524414 0
0.05247020721435547 2
0.06935477256774902 7
0.10843372344970703 22
0.13533782958984375 40
0.15551137924194336 56
0.1826491355895996 70
0.2031116485595703 85
0.22313594818115234 103
0.24702167510986328 119
0.26489996910095215 133
0.2810215950012207 148
0.29839611053466797 160
0.31434082984924316 173
0.32367968559265137 182
0.33538269996643066 191
0.34549903869628906 199
0.3544025421142578 206
0.3628084659576416 214
0.37226152420043945 220
0.38115572929382324 229
0.3898279666900635 235
0.40001821517944336 244
0.4089925289154053 250
0.41744065284729004 258
0.4259490966796875 265
0.43706703186035156 273
0.44542932510375977 281
0.4539220333099365 287
0.46327829360961914 294
0.47159433364868164 298
0.47942686080932617 302
0.4890446662902832 306
0.4983241558074951 310
0.5068380832672119 313
0.5152292251586914 316
0.5238122940063477 320
0.5339982509613037 324
0.5436210632324219 327
0.5519924163818359 329
0.5648558139801025 332
0.5733377933502197 334
0.5816144943237305 336
0.5912990570068359 338
0.5997676849365234 339
0.6085057258605957 340
0.6167750358581543 341
0.625166654586792 343
0.6353130340576172 344
0.6449623107910156 345
0.6533124446868896 346
0.6625015735626221 347
0.6698324680328369 348
0.6785194873809814 348
0.6873641014099121 349
0.6974921226501465 350
0.7059035301208496 350
0.7146255970001221 350
0.7228755950927734 350
0.7329120635986328 352
0.7426373958587646 352
0.7500004768371582 353
0.7587473392486572 353
0.7677357196807861 353
0.7758855819702148 354
0.7846262454986572 354
0.7956526279449463 354
0.8043553829193115 354
0.8126389980316162 354
0.8199825286865234 354
0.8295845985412598 355
0.8383421897888184 355
0.8475039005279541 356
0.855780839920044 355
0.8648297786712646 355
0.8731570243835449 354
0.8814482688903809 355
0.8894550800323486 356
0.8998689651489258 356
0.9114809036254883 356
0.919264554977417 356
0.9286777973175049 356
0.9369149208068848 356
0.9463183879852295 356
0.9547078609466553 356
0.9670956134796143 356
0.9754781723022461 356
0.9843881130218506 356
0.9927868843078613 356
1.003310203552246 356
1.0115094184875488 356
1.0193073749542236 356
1.0296573638916016 356
1.038283109664917 356
1.047447681427002 356
1.0556814670562744 356
1.0651600360870361 356
1.073392391204834 356
1.0816121101379395 356
1.0893840789794922 356
1.0999906063079834 356
1.108654499053955 356
1.1168828010559082 356
1.1252539157867432 356
1.1350603103637695 356
1.1433775424957275 356
1.1529605388641357 356
1.1620304584503174 356
1.1695740222930908 356
1.178375244140625 356
1.187281608581543 356
1.1958541870117188 356
1.2053630352020264 356
1.2137565612792969 356
1.2220330238342285 356
1.2323095798492432 356
1.2396347522735596 356
1.2484476566314697 356
1.257490634918213 356
1.2665321826934814 356
1.2749316692352295 356
1.2833199501037598 356
1.2925105094909668 356
1.302504301071167 356
1.3098232746124268 356
1.3185091018676758 356
1.3284189701080322 356
1.3366127014160156 356
1.344968557357788 356
1.3544666767120361 356
1.3673052787780762 356
1.3756370544433594 356
1.3844711780548096 356
1.3931856155395508 356
1.4025683403015137 356
1.4111964702606201 356
1.4205567836761475 356
1.4351658821105957 356
1.4434094429016113 356
1.4516034126281738 356
1.4614436626434326 356
1.469264030456543 356
1.4775307178497314 356
1.4858787059783936 356
1.4952046871185303 356
1.5046730041503906 356
1.513516902923584 356
1.521620273590088 356
1.5314815044403076 356
1.5395076274871826 356
1.548468828201294 356
1.5585148334503174 356
1.566765308380127 356
1.575075626373291 356
1.5833632946014404 356
1.592297077178955 356
1.599642276763916 356
1.6098241806030273 356
1.6185095310211182 356
1.6311378479003906 356
1.6419897079467773 356
1.6532366275787354 356
1.6669530868530273 356
1.6782758235931396 356
1.689241647720337 356
1.7013914585113525 355
1.7145435810089111 354
1.7278342247009277 354
1.737137794494629 355
1.745417594909668 356
1.7538995742797852 356
1.7690050601959229 354
1.7774794101715088 353
1.7867488861083984 352
1.7957394123077393 352
1.8045685291290283 352
1.813955545425415 353
1.8237721920013428 354
1.8330655097961426 354
1.8412833213806152 353
1.8493146896362305 353
1.858483076095581 353
1.8676488399505615 353
1.8757758140563965 353
1.8844616413116455 353
1.8935143947601318 353
1.9016191959381104 353
1.9111990928649902 353
1.9195101261138916 353
1.9316539764404297 353
1.939561128616333 353
1.9479761123657227 353
1.9571101665496826 353
1.9665729999542236 353
1.9749562740325928 353
1.9832537174224854 353
1.9925618171691895 353
1.9998383522033691 353
2.0097241401672363 353
2.0196533203125 353
2.030531644821167 353
2.0387532711029053 353
2.047055244445801 353
2.055896520614624 353
2.065516948699951 353
2.073979377746582 352
2.082611083984375 352
2.0912387371063232 352
2.0990653038024902 352
2.1078357696533203 353
2.1172337532043457 353
2.127659559249878 352
2.1358675956726074 352
2.144679069519043 351
2.1529552936553955 351
2.1670751571655273 351
2.1754331588745117 352
2.184380054473877 352
2.193660259246826 351
2.2023277282714844 351
2.2096822261810303 350
2.219348669052124 351
2.229609727859497 351
2.238293170928955 352
2.246530771255493 352
2.2553858757019043 351
2.264021158218384 350
2.2735230922698975 350
2.281628131866455 351
2.28997540473938 352
2.298647403717041 352
2.3069326877593994 352
2.3152482509613037 351
2.3252944946289062 350
2.334836721420288 350
2.34311580657959 350
2.351278781890869 350
2.359663963317871 350
2.3690989017486572 350
2.3773887157440186 350
2.38572359085083 350
2.394723415374756 350
2.402951955795288 350
2.411125421524048 350
2.421175479888916 350
2.4333336353302 350
2.443108081817627 350
2.4512856006622314 350
2.459778070449829 350
2.468493938446045 350
2.4776904582977295 350
2.4879212379455566 350
2.496323823928833 350
2.5048811435699463 350
2.513169288635254 350
2.523216962814331 350
2.532613754272461 350
2.5398881435394287 350
2.5514049530029297 350
2.5597357749938965 350
2.573881149291992 350
2.5826520919799805 350
2.5899856090545654 350
2.599022388458252 350
2.607261896133423 350
2.615488290786743 350
2.6257965564727783 350
2.635465621948242 350
2.643918037414551 350
2.6523940563201904 350
2.6610734462738037 350
2.668943166732788 350
2.678431987762451 350
2.686835527420044 350
2.695680856704712 350
2.704342842102051 350
2.712719202041626 350
2.7205138206481934 350
2.7316157817840576 350
2.7393972873687744 350
2.748279333114624 350
2.7570273876190186 350
2.765310287475586 350
2.7737629413604736 350
2.7829601764678955 350
2.792980670928955 350
2.8015999794006348 350
2.8111064434051514 350
2.818892002105713 350
2.829512596130371 350
2.838620901107788 350
2.846989393234253 350
2.855867624282837 350
2.8646671772003174 350
2.8729639053344727 350
2.882432699203491 350
2.8912153244018555 350
2.8990228176116943 350
2.907259225845337 350
2.915540933609009 349
2.9249958992004395 349
2.9348347187042236 349
2.9431560039520264 349
2.9514150619506836 349
2.9598400592803955 349
2.9728057384490967 349
2.9829466342926025 348
2.991637945175171 348
2.999579906463623 348
3.0079917907714844 348
3.0163116455078125 349
3.025271415710449 349
3.036461591720581 348
3.045440196990967 348
3.05552339553833 347
3.064391613006592 347
3.0726516246795654 347
3.081934690475464 348
3.0905818939208984 348
3.0987462997436523 348
3.1072168350219727 347
3.1154768466949463 347
3.12447452545166 346
3.134586811065674 347
3.1428301334381104 347
3.1514763832092285 347
3.159719467163086 347
3.1685073375701904 347
3.1767702102661133 348
3.1857054233551025 347
3.1950788497924805 347
3.2033474445343018 346
3.2116010189056396 346
3.2194392681121826 347
3.2294366359710693 347
3.2391085624694824 347
3.2482669353485107 347
3.2571518421173096 347
3.265428304672241 346
3.2738962173461914 346
3.282564163208008 346
3.292424440383911 346
3.299739360809326 346
3.3087756633758545 346
3.3170504570007324 346
3.3262670040130615 346
3.3360326290130615 346
3.344851493835449 346
3.353872537612915 346
3.3625333309173584 346
3.3748223781585693 346
3.383190155029297 346
3.393157958984375 346
3.4014194011688232 346
3.4093616008758545 346
3.417724609375 346
3.427786350250244 346
3.4371585845947266 346
3.4454610347747803 346
3.4546382427215576 346
3.468935012817383 346
3.47727108001709 346
3.487370729446411 346
3.4957756996154785 346
3.504487991333008 346
3.5128374099731445 346
3.521653890609741 346
3.53100323677063 346
3.539595127105713 346
3.567380428314209 346
3.5787501335144043 346
3.5967020988464355 346
3.6123194694519043 346
3.628565788269043 346
3.6367952823638916 346
3.646491050720215 346
3.6552112102508545 346
3.664393901824951 346
3.672665596008301 346
3.6799919605255127 346
3.6890368461608887 346
3.698512077331543 345
3.7093775272369385 345
3.7224905490875244 345
3.7345821857452393 345
3.7473208904266357 345
3.7594757080078125 345
3.7766270637512207 344
3.789350986480713 344
3.801384449005127 344
3.809173345565796 344
3.817460536956787 344
3.8277909755706787 344
3.8359107971191406 344
3.845421314239502 344
3.854466438293457 344
3.863224506378174 344
3.871476650238037 344
3.8792953491210938 344
3.8890020847320557 343
3.8985140323638916 344
3.906803607940674 344
3.915172815322876 344
3.924381971359253 344
3.9332027435302734 343
3.9415602684020996 343
3.952230930328369 343
3.9596781730651855 344
3.9684228897094727 344
3.9766125679016113 344
3.9855687618255615 343
3.9943203926086426 343
4.003759860992432 343
4.0123610496521 343
4.021002769470215 343
4.029988050460815 343
4.038706541061401 343
4.047810316085815 343
4.056621551513672 343
4.065188646316528 343
4.075330972671509 343
4.08457612991333 343
4.092840909957886 343
4.102370977401733 343
4.109755516052246 343
4.119082689285278 343
4.128671884536743 343
4.136938810348511 343
4.145303726196289 343
4.1551032066345215 343
4.163378953933716 343
4.175980806350708 342
4.185438871383667 342
4.194375276565552 342
4.203739881515503 342
4.2119903564453125 342
4.220504999160767 342
4.2293994426727295 342
4.237789869308472 342
4.246327877044678 342
4.255890130996704 342
4.2645018100738525 342
4.273344278335571 342
4.281604766845703 342
4.289987564086914 342
4.298672676086426 342
4.3079328536987305 342
4.316866397857666 342
4.325180292129517 342
4.334670066833496 342
4.3429179191589355 342
4.353024482727051 342
4.36121129989624 342
4.3692238330841064 342
4.378403663635254 342
4.387174844741821 342
4.3954758644104 342
4.405142307281494 342
4.413508415222168 342
4.422865390777588 342
4.439651250839233 342
4.449094295501709 342
4.458817481994629 342
4.467298746109009 342
4.475595951080322 342
4.485827922821045 342
4.495332717895508 342
4.505238771438599 342
4.513723373413086 342
4.522985935211182 342
4.532532215118408 342
4.539876461029053 342
4.550632953643799 342
4.559603452682495 341
4.568371534347534 341
4.579890727996826 341
4.589248180389404 341
4.5977489948272705 341
4.607442140579224 341
4.6165220737457275 341
4.624951124191284 341
4.634018659591675 341
4.64251971244812 341
4.651207208633423 340
4.659771680831909 340
4.668747186660767 340
4.677012920379639 340
4.68634033203125 341
4.694819927215576 341
4.703092336654663 341
4.712581634521484 340
4.7214295864105225 340
4.730595827102661 340
4.738787651062012 340
4.74781346321106 340
4.755870580673218 340
4.765305280685425 340
4.7737815380096436 340
4.782796859741211 340
4.79064154624939 340
4.798955202102661 340
4.8072779178619385 340
4.817378759384155 340
4.8258912563323975 340
4.835083723068237 340
4.843660116195679 340
4.8525660037994385 340
4.861641883850098 340
4.869455337524414 340
4.87781023979187 340
4.8869640827178955 340
4.895289182662964 339
4.904453992843628 339
4.914625883102417 339
4.923030853271484 340
4.932480812072754 340
4.9398088455200195 340
4.948974609375 340
4.957265138626099 339
4.966965198516846 339
4.981139183044434 339
4.9895501136779785 339
4.998407363891602 339
