0 0
0.015446186065673828 0
0.03313279151916504 0
0.0515439510345459 2
0.07132220268249512 7
0.08918571472167969 13
0.1055757999420166 22
0.11926507949829102 29
0.1287088394165039 35
0.13736891746520996 40
0.14693379402160645 47
0.1565549373626709 53
0.16553616523742676 60
0.17348170280456543 64
0.18195819854736328 71
0.19018983840942383 77
0.19949007034301758 83
0.2093522548675537 91
0.21859025955200195 98
0.22733497619628906 104
0.23572278022766113 111
0.24585223197937012 119
0.25380373001098633 126
0.2639796733856201 133
0.27364468574523926 139
0.28222036361694336 143
0.2931711673736572 149
0.3016059398651123 155
0.3125479221343994 162
0.3212316036224365 167
0.3297700881958008 173
0.3386690616607666 177
0.3477969169616699 182
0.35648512840270996 186
0.36653923988342285 191
0.37558746337890625 197
0.38541603088378906 202
0.39377617835998535 206
0.40265798568725586 210
0.4119679927825928 214
0.42122745513916016 217
0.43013501167297363 220
0.43897247314453125 223
0.4485759735107422 227
0.4568977355957031 231
0.46733999252319336 235
0.47572970390319824 237
0.48369932174682617 240
0.4927792549133301 243
0.5012304782867432 246
0.5096433162689209 249
0.5265352725982666 254
0.5340104103088379 256
0.543410062789917 259
0.5517656803131104 262
0.56412672996521 266
0.5768980979919434 269
0.5885770320892334 273
0.6010849475860596 277
0.6138260364532471 281
0.6277987957000732 284
0.6456518173217773 287
0.6557486057281494 288
0.6656720638275146 289
0.6736595630645752 292
0.682610273361206 294
0.6917362213134766 297
0.6999385356903076 299
0.7086474895477295 299
0.7181837558746338 300
0.7273797988891602 301
0.7356886863708496 303
0.7441360950469971 305
0.7529213428497314 307
0.762028694152832 308
0.7715170383453369 309
0.7798404693603516 309
0.7891888618469238 310
0.7979023456573486 312
0.8062715530395508 314
0.8139858245849609 315
0.8272325992584229 317
0.8354763984680176 317
0.8440971374511719 317
0.8528876304626465 317
0.861687421798706 319
0.8710927963256836 321
0.8795554637908936 323
0.8888282775878906 324
0.8971214294433594 324
0.9054069519042969 325
0.9194138050079346 325
0.9288833141326904 326
0.9374260902404785 327
0.9470663070678711 328
0.9556262493133545 330
0.9634289741516113 330
0.9729902744293213 331
0.9815409183502197 331
0.9908521175384521 331
0.9993278980255127 331
1.007612705230713 333
1.015840768814087 335
1.0258674621582031 336
1.0341722965240479 336
1.0437815189361572 335
1.0525987148284912 335
1.0616176128387451 336
1.0698566436767578 337
1.0794143676757812 338
1.0887537002563477 338
1.0972707271575928 338
1.1055786609649658 338
1.113520622253418 338
1.1235761642456055 340
1.1319553852081299 341
1.1420693397521973 341
1.1502299308776855 341
1.15966796875 341
1.168116807937622 341
1.1774678230285645 343
1.185833215713501 345
1.19411039352417 346
1.2027976512908936 347
1.21120285987854 347
1.2202093601226807 346
1.2297947406768799 345
1.2385811805725098 345
1.248952865600586 346
1.2581737041473389 347
1.2667863368988037 349
1.275843620300293 349
1.2838523387908936 349
1.2930479049682617 348
1.301492691040039 349
1.309859037399292 349
1.3234491348266602 350
1.3340816497802734 350
1.3442659378051758 350
1.353482961654663 350
1.3618030548095703 350
1.3700039386749268 351
1.3797693252563477 351
1.3890013694763184 352
1.3975465297698975 352
1.405838966369629 351
1.4137296676635742 351
1.4228472709655762 351
1.4320032596588135 351
1.440542459487915 352
1.4496221542358398 353
1.4589285850524902 354
1.4673237800598145 354
1.4755587577819824 354
1.4841279983520508 353
1.4932258129119873 353
1.5015299320220947 354
1.5100440979003906 355
1.5194129943847656 355
1.527787208557129 355
1.5373311042785645 354
1.5467703342437744 354
1.555464744567871 355
1.5634236335754395 355
1.5717439651489258 355
1.58128023147583 355
1.589942216873169 355
1.5986273288726807 355
1.6068861484527588 355
1.6142041683197021 355
1.6239078044891357 355
1.6333458423614502 355
1.6429123878479004 355
1.6522090435028076 355
1.6602816581726074 355
1.6689293384552002 355
1.6772246360778809 355
1.687293291091919 356
1.6956570148468018 356
1.7036244869232178 356
1.712015151977539 356
1.7258634567260742 356
1.7353136539459229 356
1.7439460754394531 356
1.7532908916473389 356
1.7622332572937012 357
1.7707676887512207 356
1.7793030738830566 355
1.7893879413604736 355
1.7976253032684326 356
1.8062350749969482 357
1.8138887882232666 358
1.8230957984924316 357
1.831542730331421 357
1.8437485694885254 356
1.8532767295837402 356
1.861567497253418 356
1.869823932647705 357
1.8788154125213623 357
1.8887126445770264 357
1.8970966339111328 357
1.9052526950836182 357
1.9130830764770508 357
1.9219541549682617 357
1.9300894737243652 357
1.9396042823791504 357
1.9495658874511719 357
1.959085464477539 358
1.9673137664794922 357
1.9755280017852783 357
1.983668565750122 357
1.9931652545928955 357
2.0016608238220215 357
2.0115842819213867 357
2.020139694213867 357
2.028935432434082 357
2.0372228622436523 357
2.0474014282226562 357
2.0566656589508057 357
2.0653066635131836 357
2.0730810165405273 357
2.093493700027466 357
2.1075565814971924 357
2.1166467666625977 357
2.1290106773376465 357
2.1374223232269287 357
2.1486780643463135 357
2.1570749282836914 357
2.164829730987549 357
2.1730051040649414 357
2.1820316314697266 357
2.1912975311279297 357
2.1996734142303467 357
2.2081027030944824 357
2.217050313949585 357
2.2248032093048096 357
2.233039617538452 357
2.2437305450439453 357
2.253047227859497 357
2.2612948417663574 357
2.269988536834717 357
2.2786524295806885 357
2.2874412536621094 357
2.297173500061035 357
2.3053221702575684 357
2.3131444454193115 357
2.3221631050109863 357
2.330190420150757 357
2.338785409927368 357
2.3505845069885254 357
2.359187364578247 357
2.36812162399292 357
2.3766326904296875 357
2.3853819370269775 357
2.3931756019592285 357
2.4026291370391846 357
2.410804271697998 357
2.4199023246765137 357
2.428630828857422 357
2.436894178390503 357
2.4472899436950684 357
2.4555506706237793 357
2.463348150253296 357
2.4716076850891113 357
2.481027364730835 357
2.4893391132354736 357
2.4988348484039307 357
2.507075786590576 357
2.5157289505004883 357
2.527981758117676 357
2.536820650100708 357
2.5477688312530518 357
2.555906295776367 357
2.5638041496276855 357
2.5720932483673096 357
2.581263780593872 357
2.589552164077759 357
2.599214792251587 357
2.607456684112549 357
2.6165542602539062 357
2.6238765716552734 357
2.6325368881225586 357
2.649792194366455 357
2.66107177734375 357
2.6715774536132812 357
2.683722734451294 357
2.6941936016082764 357
2.708085775375366 357
2.7199513912200928 357
2.729870080947876 357
2.7385377883911133 357
2.747950553894043 357
2.757404327392578 357
2.76562762260437 357
2.7753286361694336 357
2.783801317214966 357
2.7921807765960693 357
2.8002607822418213 357
2.809776782989502 357
2.8188445568084717 357
2.8270959854125977 357
2.8352532386779785 357
2.845367908477783 357
2.8539419174194336 357
2.862598419189453 357
2.8708348274230957 357
2.880189895629883 357
2.8888065814971924 357
2.897190809249878 357
2.9065256118774414 357
2.914877414703369 357
2.928060531616211 357
2.936800479888916 357
2.9470720291137695 357
2.956723690032959 357
2.9640514850616455 357
2.972694158554077 357
2.9820151329040527 357
2.990152597427368 357
2.9987895488739014 357
3.0079941749572754 357
3.0172247886657715 357
3.025407552719116 357
3.0332329273223877 357
3.043311595916748 357
3.051644802093506 357
3.060957431793213 357
3.0693647861480713 357
3.07827091217041 357
3.0867342948913574 357
3.0940301418304443 357
3.102677583694458 357
3.112879514694214 357
3.121088981628418 357
3.1293880939483643 357
3.137948751449585 357
3.1476359367370605 357
3.15585994720459 357
3.1648752689361572 357
3.1730804443359375 357
3.181924343109131 357
3.1908247470855713 357
3.1994247436523438 357
3.2093074321746826 357
3.2175893783569336 357
3.2258450984954834 357
3.233624219894409 357
3.2439210414886475 357
3.252666473388672 357
3.262026309967041 357
3.27012300491333 357
3.280125141143799 357
3.2900338172912598 357
3.2987382411956787 357
3.307011842727661 356
3.31731915473938 356
3.330198049545288 356
3.338961362838745 357
3.3486616611480713 357
3.356955051422119 357
3.366236686706543 357
3.3737688064575195 357
3.3893628120422363 357
3.3987174034118652 356
3.4070088863372803 356
3.4170854091644287 356
3.425253391265869 356
3.433138132095337 356
3.4426028728485107 356
3.4508378505706787 356
3.4593911170959473 356
3.4689290523529053 355
3.478147506713867 355
3.486706495285034 355
3.4941465854644775 356
3.503002166748047 356
3.5130136013031006 356
3.5213186740875244 356
3.5295581817626953 355
3.5385541915893555 355
3.5485782623291016 355
3.5570194721221924 356
3.5666801929473877 356
3.5755715370178223 356
3.583395004272461 356
3.5920705795288086 355
3.6011714935302734 355
3.6098759174346924 356
3.6197431087493896 356
3.628232002258301 356
3.6366827487945557 356
3.6465752124786377 355
3.6539480686187744 355
3.6626174449920654 355
3.671717405319214 355
3.6811394691467285 355
3.6894419193267822 355
3.698570966720581 355
3.707392930984497 355
3.716970682144165 355
3.7297356128692627 354
3.739499092102051 354
3.7490134239196777 355
3.757509708404541 355
3.765784740447998 355
3.775667428970337 355
3.783479690551758 355
3.7931089401245117 355
3.80263352394104 354
3.8114256858825684 354
3.820849657058716 354
3.829361915588379 355
3.837934970855713 355
3.848217248916626 354
3.856872320175171 354
3.8641560077667236 354
3.8742690086364746 354
3.883005380630493 353
3.8914666175842285 353
3.899768114089966 354
3.9093947410583496 354
3.918001651763916 354
3.9274606704711914 354
3.9356892108917236 353
3.9456310272216797 353
3.953542470932007 353
3.9618070125579834 354
3.9719741344451904 354
3.9806034564971924 354
3.9890971183776855 353
3.9975240230560303 353
4.007161378860474 353
4.015413284301758 353
4.023915767669678 353
4.0325927734375 353
4.042932033538818 353
4.051336288452148 352
4.05956506729126 352
4.06817889213562 353
4.077999830245972 353
4.086276292800903 352
4.093985319137573 352
4.102982997894287 352
4.1125359535217285 353
4.1209447383880615 353
4.134842157363892 352
4.145386695861816 351
4.153502464294434 351
4.162177085876465 351
4.17128586769104 352
4.180948257446289 352
4.189311981201172 352
4.19756817817688 352
4.2068657875061035 352
4.214179992675781 352
4.2229905128479 352
4.232193470001221 352
4.242745876312256 352
4.250986099243164 352
4.259265661239624 352
4.267534255981445 352
4.278001546859741 352
4.2862389087677 352
4.293813467025757 352
4.305681228637695 352
4.313870429992676 352
4.3225836753845215 352
4.33169412612915 352
4.341660737991333 352
4.349992036819458 352
4.358686447143555 352
4.367064714431763 352
4.376182794570923 352
4.38538384437561 352
4.393178701400757 352
4.401625633239746 352
4.41027569770813 352
4.419480800628662 352
4.42900824546814 352
4.437596797943115 352
4.446993350982666 352
4.454279184341431 352
4.463112831115723 352
4.471939563751221 352
4.48130202293396 352
4.489547491073608 352
4.498123407363892 352
4.507196664810181 352
4.5153489112854 352
4.523831367492676 352
4.53881311416626 352
4.547942399978638 352
4.5565245151519775 352
4.563977479934692 352
4.573202848434448 352
4.582805395126343 352
4.59102201461792 352
4.599318742752075 352
4.608270645141602 352
4.616759777069092 352
4.625403881072998 352
4.635491132736206 352
4.6525561809539795 352
4.660990953445435 352
4.670019626617432 352
4.6786956787109375 352
4.688024520874023 352
4.696835041046143 352
4.706682205200195 352
4.714005947113037 352
4.726733684539795 352
4.740074157714844 352
4.7522289752960205 352
4.764150142669678 352
4.778828382492065 352
4.791309118270874 352
4.8033058643341064 352
4.815298557281494 352
4.828166484832764 352
4.839384317398071 352
4.848724126815796 352
4.856961965560913 352
4.864797353744507 352
4.873448610305786 352
4.881937026977539 352
4.891486167907715 352
4.9006054401397705 352
4.9090423583984375 352
4.917296886444092 352
4.926179885864258 352
4.940007448196411 352
4.94949197769165 352
4.958019256591797 352
4.967028856277466 352
4.974838972091675 352
4.9830381870269775 352
4.99254298210144 352
