0 0
0.013427972793579102 0
0.030191898345947266 0
0.049951791763305664 3
0.06783938407897949 7
0.08540129661560059 13
0.10477161407470703 22
0.1177225112915039 30
0.12561511993408203 35
0.13450050354003906 40
0.14359474182128906 46
0.1546032428741455 53
0.16368603706359863 59
0.17310047149658203 65
0.1814746856689453 71
0.19001507759094238 78
0.19861149787902832 84
0.20766282081604004 92
0.21732258796691895 99
0.22852683067321777 107
0.23746681213378906 115
0.24544286727905273 119
0.2554752826690674 127
0.26557421684265137 137
0.2747666835784912 143
0.283158540725708 149
0.2915377616882324 157
0.3001134395599365 163
0.30938267707824707 171
0.31905627250671387 178
0.32738661766052246 188
0.3400838375091553 196
0.34885382652282715 203
0.35790586471557617 211
0.3674788475036621 219
0.3754563331604004 223
0.3839387893676758 232
0.3931455612182617 238
0.40279245376586914 245
0.41171908378601074 251
0.4220712184906006 257
0.43177056312561035 263
0.4405326843261719 267
0.44901466369628906 271
0.4588806629180908 277
0.4690229892730713 283
0.4772794246673584 286
0.4851207733154297 290
0.4934537410736084 294
0.5028138160705566 297
0.5114452838897705 299
0.5211939811706543 301
0.5300197601318359 305
0.538510799407959 308
0.546006441116333 311
0.5605206489562988 315
0.5707681179046631 316
0.5791449546813965 318
0.5875160694122314 320
0.5958971977233887 323
0.6046028137207031 325
0.6128411293029785 327
0.6220297813415527 328
0.6313827037811279 329
0.6399602890014648 330
0.6486048698425293 331
0.6575911045074463 333
0.6675236225128174 335
0.6761786937713623 336
0.6848268508911133 337
0.6932408809661865 338
0.7015252113342285 339
0.7099840641021729 340
0.7184927463531494 341
0.7276668548583984 342
0.7411580085754395 342
0.7498917579650879 343
0.7593564987182617 344
0.767615556716919 345
0.7761433124542236 345
0.7849946022033691 346
0.7933163642883301 347
0.8015904426574707 347
0.8102078437805176 348
0.8189830780029297 348
0.8287413120269775 349
0.840174674987793 349
0.8534584045410156 350
0.8654844760894775 351
0.8789174556732178 351
0.8908665180206299 351
0.9021391868591309 352
0.9140017032623291 353
0.9268379211425781 353
0.9351787567138672 353
0.9434757232666016 353
0.9535501003265381 353
0.9617559909820557 353
0.9708926677703857 353
0.9801025390625 354
0.9891808032989502 355
0.9973766803741455 355
1.0052025318145752 355
1.013624906539917 354
1.0229461193084717 354
1.031980276107788 355
1.0408411026000977 355
1.0499534606933594 355
1.059028148651123 355
1.0668015480041504 356
1.0755958557128906 356
1.0857656002044678 355
1.0941965579986572 355
1.1025354862213135 355
1.1110918521881104 355
1.1201539039611816 355
1.128706455230713 356
1.1416516304016113 357
1.1508383750915527 357
1.165806531906128 356
1.175297498703003 355
1.1854674816131592 354
1.1937458515167236 354
1.2019867897033691 355
1.2117247581481934 355
1.2216274738311768 355
1.2311451435089111 355
1.239515781402588 355
1.2487051486968994 355
1.2573859691619873 355
1.2651488780975342 355
1.2778065204620361 355
1.28782320022583 355
1.2957100868225098 355
1.3045151233673096 355
1.3126983642578125 355
1.3215913772583008 355
1.3309035301208496 355
1.3415894508361816 355
1.3507492542266846 355
1.3599205017089844 356
1.3681645393371582 356
1.3757812976837158 355
1.385718822479248 355
1.3955342769622803 356
1.4038913249969482 356
1.4122049808502197 356
1.4214956760406494 355
1.4302222728729248 355
1.4397192001342773 355
1.448493480682373 355
1.4574253559112549 356
1.465275526046753 356
1.4736227989196777 356
1.483257532119751 356
1.4926745891571045 355
1.5009746551513672 355
1.5092384815216064 355
1.5178964138031006 356
1.5257234573364258 356
1.5407118797302246 355
1.5499114990234375 354
1.559368371963501 354
1.5676429271697998 354
1.5754358768463135 355
1.5847296714782715 355
1.594003438949585 356
1.6021277904510498 355
1.61079740524292 355
1.6195101737976074 355
1.6276907920837402 355
1.6354916095733643 355
1.6448805332183838 356
1.655125617980957 356
1.6634621620178223 355
1.6717677116394043 355
1.6809232234954834 355
1.6909971237182617 355
1.6992621421813965 355
1.7073588371276855 355
1.7158737182617188 355
1.7245805263519287 355
1.7327563762664795 355
1.741849422454834 355
1.751157283782959 355
1.760213851928711 355
1.7687695026397705 355
1.776024341583252 355
1.785050630569458 355
1.7949168682098389 355
1.8031270503997803 355
1.8119826316833496 355
1.8207781314849854 355
1.8293216228485107 355
1.8375089168548584 355
1.8468272686004639 355
1.8557488918304443 355
1.8641579151153564 355
1.8722333908081055 355
1.8813972473144531 355
1.8906927108764648 355
1.9008469581604004 355
1.9111497402191162 355
1.9194223880767822 355
1.927642583847046 355
1.9409351348876953 355
1.9512884616851807 355
1.9606776237487793 355
1.968970537185669 355
1.9774937629699707 355
1.9853007793426514 355
1.994694471359253 355
2.0029237270355225 355
2.013580083847046 355
2.0217344760894775 355
2.0308499336242676 355
2.039099931716919 355
2.0490424633026123 355
2.058209180831909 355
2.0657742023468018 355
2.0746357440948486 355
2.083432674407959 355
2.0916616916656494 355
2.1016647815704346 355
2.1109960079193115 355
2.119259834289551 355
2.1273746490478516 355
2.1352882385253906 355
2.1440181732177734 355
2.155060052871704 355
2.163363218307495 355
2.1715664863586426 355
2.180797815322876 355
2.189150333404541 355
2.1986048221588135 355
2.205918073654175 355
2.2153239250183105 355
2.2236123085021973 355
2.231816530227661 355
2.2404568195343018 355
2.250610828399658 355
2.259584426879883 355
2.267764091491699 355
2.283270835876465 355
2.291491985321045 355
2.300954818725586 355
2.3093583583831787 355
2.3175203800201416 355
2.325273036956787 355
2.333552122116089 355
2.3458096981048584 355
2.3560898303985596 355
2.364853858947754 355
2.3739655017852783 355
2.382066249847412 355
2.3906912803649902 355
2.398979902267456 355
2.409458637237549 355
2.418576240539551 355
2.425856590270996 355
2.43463134765625 355
2.4434618949890137 355
2.4536490440368652 355
2.461862802505493 355
2.4713196754455566 355
2.4797487258911133 355
2.48783802986145 355
2.4957361221313477 355
2.5059027671813965 355
2.5145413875579834 355
2.5227770805358887 355
2.5310769081115723 355
2.540205240249634 355
2.548825740814209 355
2.5617563724517822 355
2.57088565826416 355
2.57919979095459 355
2.5873875617980957 355
2.595170736312866 355
2.6047561168670654 355
2.6150736808776855 355
2.623684883117676 355
2.631939172744751 355
2.6405956745147705 355
2.648874521255493 355
2.6590261459350586 354
2.667884349822998 354
2.6778149604797363 354
2.685577869415283 354
2.693892002105713 354
2.7029547691345215 354
2.712043285369873 354
2.7206902503967285 354
2.729844808578491 354
2.7418434619903564 353
2.750731945037842 353
2.7611007690429688 353
2.770127773284912 353
2.7786498069763184 353
2.785946846008301 353
2.7947170734405518 353
2.8035902976989746 353
2.8134641647338867 353
2.8217012882232666 352
2.830960512161255 352
2.8392996788024902 353
2.8475146293640137 353
2.8561275005340576 353
2.8672027587890625 353
2.8750033378601074 352
2.8833370208740234 352
2.8916311264038086 352
2.900935649871826 352
2.911081075668335 353
2.922571897506714 353
2.9346210956573486 353
2.94580340385437 351
2.9588091373443604 351
2.972019910812378 353
2.9838764667510986 354
2.993919849395752 354
3.0029706954956055 353
3.0120949745178223 352
3.021343231201172 352
3.0306529998779297 351
3.038963794708252 352
3.0468194484710693 352
3.055680751800537 353
3.065783977508545 352
3.0746278762817383 352
3.0828163623809814 351
3.091337203979492 351
3.1004977226257324 351
3.108774185180664 352
3.118858575820923 352
3.126210927963257 351
3.1352336406707764 351
3.147625207901001 351
3.1585135459899902 352
3.168548822402954 351
3.1758859157562256 351
3.187391757965088 351
3.1957647800445557 351
3.204155445098877 351
3.2127013206481934 352
3.221977472305298 352
3.2311999797821045 351
3.2395071983337402 351
3.247828960418701 351
3.256807327270508 351
3.26678466796875 351
3.2752058506011963 351
3.283478260040283 351
3.2916858196258545 352
3.3007729053497314 351
3.309051513671875 351
3.3185505867004395 351
3.3272924423217773 352
3.3352668285369873 352
3.343583583831787 351
3.352172374725342 351
3.3614394664764404 351
3.376768112182617 351
3.385136842727661 351
3.393624782562256 351
3.401827812194824 351
3.410529613494873 351
3.419593572616577 351
3.428645610809326 351
3.435978412628174 351
3.4446940422058105 351
3.454019784927368 351
3.4622159004211426 351
3.471709728240967 351
3.480170726776123 351
3.488900899887085 351
3.496201992034912 351
3.504927635192871 351
3.513370990753174 351
3.5233066082000732 351
3.531637668609619 350
3.544717788696289 350
3.554002523422241 351
3.562535285949707 351
3.5719668865203857 351
3.58073091506958 350
3.5895795822143555 350
3.5978100299835205 350
3.605600595474243 351
3.6141350269317627 351
3.6241633892059326 350
3.63337779045105 349
3.6417386531829834 349
3.6505014896392822 349
3.6602163314819336 350
3.6688055992126465 350
3.6778430938720703 350
3.686704158782959 350
3.695998430252075 350
3.7046310901641846 350
3.7128350734710693 350
3.7228384017944336 350
3.7312793731689453 350
3.7395541667938232 350
3.7477896213531494 350
3.757779598236084 350
3.765573740005493 350
3.7750673294067383 350
3.783351182937622 350
3.7922091484069824 350
3.80088472366333 350
3.809267044067383 350
3.8175060749053955 350
3.8272383213043213 350
3.8351149559020996 349
3.843501091003418 349
3.8532512187957764 349
3.861769914627075 349
3.870640516281128 349
3.880176544189453 349
3.889056444168091 349
3.897329092025757 349
3.9059817790985107 349
3.915438175201416 349
3.925650119781494 349
3.9345006942749023 349
3.9486138820648193 348
3.9586782455444336 348
3.9659996032714844 348
3.9747934341430664 349
3.9847915172576904 349
3.99326229095459 348
4.001523971557617 347
4.0100085735321045 347
4.0188422203063965 347
4.027822971343994 348
4.035800457000732 349
4.044500112533569 349
4.054636716842651 347
4.06296706199646 347
4.071322202682495 347
4.080767393112183 348
4.089861154556274 348
4.098167181015015 348
4.1057374477386475 348
4.114652872085571 347
4.123364686965942 347
4.1328253746032715 347
4.141150236129761 348
4.150201082229614 349
4.160540819168091 348
4.169032096862793 347
4.177209854125977 347
4.186778545379639 347
4.194953441619873 347
4.2051756381988525 347
4.213751792907715 347
4.222947120666504 347
4.232201337814331 347
4.240805149078369 347
4.2507007122039795 348
4.259842157363892 347
4.268141984939575 347
4.275755405426025 347
4.285655975341797 348
4.294491291046143 348
4.302725553512573 348
4.311110973358154 347
4.320545434951782 347
4.328897714614868 347
4.33790397644043 347
4.350929498672485 347
4.360012531280518 347
4.368618488311768 347
4.375932693481445 347
4.386059045791626 347
4.394728183746338 347
4.402986526489258 347
4.411405801773071 347
4.420804738998413 347
4.429116725921631 347
4.43860125541687 346
4.445948123931885 346
4.455803394317627 347
4.46453070640564 347
4.4729530811309814 347
4.481868743896484 347
4.491380929946899 347
4.499753952026367 346
4.50809907913208 346
4.516119956970215 346
4.524769067764282 347
4.533307313919067 347
4.542824029922485 347
4.559466123580933 346
4.5699684619903564 345
4.578622579574585 345
4.588825941085815 345
4.596120834350586 346
4.604767322540283 346
4.615199089050293 347
4.623549461364746 346
4.631797552108765 345
4.641346454620361 344
4.6505749225616455 345
4.659585237503052 346
4.667901515960693 347
4.679086446762085 347
4.689035654067993 346
4.697323799133301 345
4.705195665359497 345
4.714630126953125 345
4.7229883670806885 345
4.731309175491333 346
4.740860223770142 346
4.759192228317261 345
4.767685413360596 344
4.7759668827056885 343
4.7852783203125 343
4.794766187667847 344
4.803132772445679 344
4.811536073684692 344
4.820582866668701 344
4.829325199127197 344
4.837608814239502 344
4.847632884979248 344
4.856046676635742 344
4.865121603012085 344
4.873436450958252 344
4.882522821426392 344
4.891876459121704 344
4.900602340698242 344
4.908885478973389 344
4.917725324630737 344
4.925481796264648 344
4.933731317520142 344
4.943297863006592 344
4.953604221343994 344
4.962559223175049 344
4.970983982086182 344
4.97983193397522 344
4.987851858139038 344
