0 0
0.013963699340820312 0
0.0404510498046875 0
0.05734562873840332 2
0.08010363578796387 7
0.09859037399291992 16
0.11797523498535156 26
0.13289523124694824 33
0.14246416091918945 38
0.15099120140075684 44
0.15970921516418457 49
0.16712617874145508 55
0.176513671875 60
0.1860816478729248 68
0.1944262981414795 73
0.20288681983947754 80
0.21220111846923828 86
0.22129297256469727 94
0.23177242279052734 102
0.24053025245666504 109
0.24890685081481934 116
0.25673818588256836 122
0.26567983627319336 128
0.2745633125305176 135
0.2840843200683594 141
0.2926037311553955 147
0.301220178604126 154
0.3105654716491699 162
0.3199784755706787 168
0.3293631076812744 176
0.33961939811706543 182
0.3471364974975586 186
0.3559243679046631 190
0.36433935165405273 194
0.37316250801086426 200
0.38202857971191406 206
0.39168286323547363 210
0.40013766288757324 214
0.4097440242767334 218
0.4170968532562256 223
0.4272148609161377 228
0.44243574142456055 236
0.4510488510131836 241
0.4598085880279541 244
0.46715593338012695 247
0.476515531539917 250
0.4861586093902588 253
0.4946019649505615 257
0.5029973983764648 261
0.5124757289886475 264
0.5256428718566895 270
0.5344934463500977 273
0.5443916320800781 275
0.5527472496032715 278
0.5617947578430176 279
0.570110559463501 281
0.5789897441864014 284
0.588538408279419 288
0.5997560024261475 290
0.60843825340271 292
0.6163840293884277 293
0.6258471012115479 294
0.6342873573303223 296
0.6441221237182617 298
0.6525132656097412 301
0.661034345626831 304
0.6693425178527832 306
0.6783452033996582 307
0.6864542961120605 307
0.6960217952728271 308
0.7048404216766357 310
0.7130575180053711 312
0.7219150066375732 315
0.7319343090057373 318
0.742142915725708 320
0.750455379486084 320
0.758831262588501 320
0.7667405605316162 320
0.7759115695953369 322
0.784210205078125 323
0.7932958602905273 324
0.8022077083587646 326
0.8117282390594482 327
0.8200058937072754 327
0.8293106555938721 328
0.8438794612884521 330
0.8524360656738281 331
0.8612678050994873 332
0.8703429698944092 333
0.8786113262176514 334
0.8864727020263672 334
0.8960280418395996 335
0.9051482677459717 335
0.9133634567260742 335
0.9223332405090332 336
0.9322507381439209 338
0.9416892528533936 339
0.9510049819946289 340
0.9592740535736084 340
0.9668807983398438 340
0.9759495258331299 340
0.9843449592590332 340
0.9941670894622803 341
1.0030763149261475 343
1.0118763446807861 344
1.020219326019287 345
1.0293426513671875 345
1.0390183925628662 345
1.0485546588897705 345
1.0563437938690186 345
1.0646388530731201 345
1.0732557773590088 346
1.0820302963256836 347
1.090433120727539 348
1.1001999378204346 348
1.1101272106170654 346
1.1184296607971191 346
1.1270577907562256 346
1.13665771484375 346
1.1451449394226074 347
1.1545512676239014 348
1.162947416305542 347
1.1721765995025635 347
1.1804630756378174 347
1.1886584758758545 348
1.1978752613067627 348
1.2072293758392334 348
1.216210126876831 348
1.2261240482330322 348
1.2404212951660156 349
1.2504403591156006 350
1.2587928771972656 350
1.2673590183258057 350
1.2759768962860107 349
1.2845613956451416 349
1.292811632156372 349
1.302762508392334 350
1.3116583824157715 350
1.3199286460876465 351
1.3288567066192627 350
1.3372802734375 350
1.3460979461669922 350
1.35532808303833 350
1.3633852005004883 350
1.3727073669433594 350
1.3811018466949463 350
1.3893311023712158 350
1.396916151046753 350
1.4106895923614502 350
1.4219117164611816 350
1.4346742630004883 350
1.4462242126464844 350
1.4600896835327148 350
1.4721417427062988 350
1.4833879470825195 350
1.4948501586914062 350
1.504908561706543 350
1.5131065845489502 350
1.5219016075134277 350
1.5323889255523682 350
1.5406949520111084 350
1.549790620803833 350
1.5588915348052979 350
1.5671472549438477 350
1.5758392810821533 350
1.5842454433441162 350
1.5926480293273926 350
1.6016299724578857 350
1.6128959655761719 350
1.62247633934021 350
1.6323280334472656 350
1.6446576118469238 350
1.653670072555542 350
1.6630768775939941 350
1.6724631786346436 350
1.680678129196167 350
1.6888580322265625 350
1.6966831684112549 350
1.705714225769043 350
1.7147905826568604 350
1.7233233451843262 350
1.7330737113952637 350
1.7417871952056885 350
1.7500879764556885 350
1.7598381042480469 350
1.7684953212738037 350
1.7762525081634521 350
1.7846200466156006 350
1.7928271293640137 350
1.8019676208496094 350
1.8112459182739258 350
1.8198702335357666 349
1.8290469646453857 349
1.8379502296447754 349
1.846207857131958 350
1.855177879333496 350
1.8650352954864502 350
1.874067783355713 349
1.882697343826294 349
1.891169548034668 348
1.9004173278808594 349
1.9087281227111816 349
1.917323350906372 349
1.9348294734954834 348
1.9432172775268555 348
1.9518654346466064 348
1.9618027210235596 349
1.970893383026123 349
1.9790236949920654 348
1.9889521598815918 348
1.99786376953125 348
2.007338762283325 348
2.0167369842529297 348
2.0263688564300537 347
2.0351715087890625 347
2.0506715774536133 348
2.0600039958953857 348
2.070033073425293 347
2.077925443649292 346
2.0861916542053223 347
2.094514846801758 348
2.103229284286499 348
2.112034320831299 347
2.1218087673187256 346
2.1318066120147705 346
2.1400673389434814 346
2.1473655700683594 346
2.156024694442749 347
2.166564702987671 347
2.17478084564209 346
2.183239698410034 346
2.1919782161712646 345
2.2008838653564453 345
2.2089784145355225 346
2.218557834625244 346
2.227107286453247 346
2.2361369132995605 345
2.2447421550750732 345
2.2529516220092773 344
2.2622897624969482 345
2.2724249362945557 345
2.2808730602264404 346
2.288973569869995 346
2.2973127365112305 345
2.3062567710876465 345
2.314650058746338 344
2.3243408203125 345
2.333965301513672 346
2.3424479961395264 346
2.3507277965545654 346
2.3589534759521484 345
2.3698456287384033 344
2.3772330284118652 344
2.385887384414673 345
2.3946642875671387 346
2.4029879570007324 346
2.411924123764038 346
2.421694278717041 344
2.431821823120117 344
2.443676471710205 345
2.45232892036438 345
2.46174955368042 345
2.471736431121826 345
2.4802780151367188 344
2.4885036945343018 344
2.496811628341675 344
2.5055923461914062 344
2.513820171356201 344
2.5231525897979736 343
2.534191370010376 343
2.542640209197998 343
2.551982879638672 343
2.5612077713012695 343
2.570052146911621 343
2.579281806945801 343
2.5868642330169678 343
2.5962061882019043 343
2.6047332286834717 342
2.6130597591400146 342
2.6223981380462646 342
2.6326189041137695 342
2.641063928604126 342
2.6492786407470703 342
2.656860589981079 342
2.6660702228546143 342
2.676058530807495 342
2.6843104362487793 342
2.693199396133423 341
2.7019777297973633 341
2.7102298736572266 341
2.7184364795684814 341
2.7296712398529053 341
2.7370822429656982 341
2.745724678039551 341
2.7538793087005615 341
2.7628438472747803 341
2.7712795734405518 340
2.7809560298919678 340
2.7892680168151855 340
2.7972707748413086 340
2.806032419204712 341
2.8142590522766113 341
2.8225302696228027 340
2.8331615924835205 340
2.8461804389953613 340
2.854583740234375 340
2.8632514476776123 340
2.8720226287841797 341
2.88205885887146 340
2.8905575275421143 340
2.8998730182647705 340
2.9071648120880127 340
2.9158875942230225 339
2.924912452697754 339
2.93451189994812 340
2.942774534225464 340
2.9512031078338623 340
2.960257053375244 340
2.96858286857605 339
2.9763853549957275 339
2.986328363418579 340
2.9957144260406494 340
3.003962993621826 340
3.0123157501220703 339
3.021036386489868 338
3.0310990810394287 338
3.039717197418213 339
3.0471365451812744 340
3.0558671951293945 340
3.0669891834259033 340
3.0757534503936768 339
3.0856947898864746 338
3.0947794914245605 338
3.103163719177246 339
3.1118905544281006 339
3.1201155185699463 339
3.129917621612549 339
3.1389667987823486 338
3.1471364498138428 338
3.156273365020752 338
3.164855718612671 338
3.17303204536438 337
3.1826934814453125 337
3.191734790802002 338
3.2003297805786133 338
3.2085390090942383 338
3.2163748741149902 338
3.2264811992645264 337
3.236124277114868 336
3.2488248348236084 336
3.2573137283325195 338
3.2663373947143555 338
3.274740219116211 338
3.2843639850616455 337
3.2933349609375 336
3.3020753860473633 336
3.3103363513946533 336
3.3184993267059326 337
3.328744649887085 337
3.3372981548309326 336
3.346090078353882 336
3.354337215423584 336
3.371674060821533 336
3.380160093307495 335
3.390129804611206 335
3.3979299068450928 335
3.4061198234558105 335
3.4145474433898926 335
3.42368221282959 335
3.433035373687744 335
3.442718744277954 334
3.451319932937622 334
3.460505247116089 334
3.4688336849212646 335
3.47666072845459 335
3.4898340702056885 335
3.5019478797912598 334
3.513091564178467 334
3.526904821395874 335
3.5409817695617676 335
3.5520026683807373 334
3.5629098415374756 333
3.572707176208496 332
3.5813417434692383 333
3.5912129878997803 334
3.600320339202881 335
3.6085855960845947 335
3.6164913177490234 335
3.6268749237060547 334
3.635590076446533 334
3.6499531269073486 334
3.658518075942993 333
3.666640281677246 333
3.6755897998809814 334
3.6841213703155518 334
3.6942942142486572 334
3.7031216621398926 333
3.7119739055633545 333
3.7210307121276855 332
3.730206251144409 333
3.7385094165802 333
3.7472710609436035 333
3.756603717803955 332
3.7651350498199463 332
3.7732605934143066 332
3.781919479370117 332
3.791006326675415 332
3.801056385040283 332
3.8093490600585938 332
3.8169240951538086 331
3.826815605163574 331
3.835279941558838 331
3.8446381092071533 331
3.853851318359375 332
3.8625102043151855 332
3.8710927963256836 331
3.879382610321045 331
3.8873488903045654 331
3.896897792816162 330
3.906177043914795 330
3.914480209350586 330
3.931687116622925 332
3.940248489379883 332
3.950486183166504 331
3.9600226879119873 330
3.967921018600464 330
3.976148843765259 330
3.9871833324432373 330
3.9967503547668457 330
4.0057079792022705 330
4.013901948928833 330
4.022621154785156 330
4.031977891921997 329
4.041306495666504 329
4.056284427642822 330
4.06508469581604 330
4.073369979858398 331
4.082208633422852 330
4.091646671295166 330
4.101091146469116 329
4.110190153121948 329
4.118662595748901 329
4.127242803573608 329
4.135932207107544 329
4.144134998321533 329
4.154108047485352 329
4.1626152992248535 329
4.171064376831055 328
4.17971658706665 328
4.1884355545043945 328
4.196382761001587 329
4.2058775424957275 329
4.21460747718811 329
4.224707126617432 328
4.2331554889678955 328
4.2418577671051025 327
4.252074241638184 327
4.2603678703308105 328
4.268704652786255 328
4.276521921157837 328
4.285753488540649 328
4.293948650360107 328
4.303116083145142 327
4.312432050704956 326
4.322001695632935 326
4.3316261768341064 328
4.340145111083984 328
4.347934007644653 328
4.357340097427368 328
4.3659961223602295 327
4.374416351318359 327
4.383322715759277 327
4.392016649246216 327
4.40041971206665 327
4.409857749938965 327
4.4186692237854 327
4.427136659622192 326
4.435916423797607 326
4.450026750564575 326
4.4597861766815186 326
4.467136859893799 326
4.475907325744629 326
4.484842300415039 326
4.493063449859619 326
4.5017781257629395 326
4.511058568954468 325
4.520719766616821 325
4.531012058258057 325
4.5392844676971436 325
4.54689884185791 326
4.559995174407959 326
4.567303419113159 325
4.57612943649292 324
4.585328817367554 324
4.593653440475464 324
4.602064371109009 325
4.61176609992981 326
4.620699167251587 326
4.629995822906494 325
4.637956857681274 324
4.6463539600372314 323
4.656249761581421 323
4.664714336395264 323
4.672900199890137 324
4.682306289672852 324
4.69062614440918 324
4.698856592178345 324
4.708496332168579 323
4.717164754867554 322
4.727043390274048 322
4.735746383666992 323
4.744122266769409 324
4.75290322303772 324
4.76257586479187 324
4.7711381912231445 323
4.779650449752808 322
4.788603782653809 322
4.7964255809783936 322
4.80485200881958 323
4.814673662185669 322
4.823328256607056 322
4.832522630691528 322
4.841074228286743 322
4.853906869888306 322
4.8631813526153564 322
4.871952772140503 322
4.881207704544067 322
4.889682769775391 322
4.897008895874023 322
4.905697822570801 322
4.9157304763793945 322
4.926255702972412 322
4.934568881988525 321
4.943054914474487 321
4.952507495880127 321
4.961888551712036 322
4.970469951629639 322
4.978679180145264 321
4.98712158203125 320
4.995877027511597 320
