0 0
0.012932300567626953 0
0.032569169998168945 0
0.04907560348510742 1
0.0688011646270752 6
0.08541131019592285 14
0.10291862487792969 20
0.11355400085449219 27
0.12251615524291992 32
0.13124942779541016 38
0.14281296730041504 44
0.15657496452331543 55
0.16856169700622559 62
0.17995715141296387 70
0.19270586967468262 82
0.2114417552947998 94
0.22296810150146484 105
0.2352917194366455 112
0.2445998191833496 118
0.2528955936431885 125
0.26321864128112793 133
0.27255845069885254 140
0.280972957611084 147
0.2893712520599365 155
0.2987394332885742 161
0.3080112934112549 170
0.31673526763916016 176
0.32538771629333496 184
0.3333740234375 190
0.34295082092285156 196
0.3514285087585449 204
0.3615884780883789 211
0.36988186836242676 217
0.3791689872741699 222
0.387681245803833 227
0.39678120613098145 232
0.40509939193725586 236
0.4138064384460449 242
0.42262935638427734 246
0.4315793514251709 251
0.44037508964538574 254
0.4494771957397461 259
0.459611177444458 264
0.4684407711029053 268
0.47689294815063477 271
0.48517394065856934 275
0.4935581684112549 277
0.502281904220581 280
0.5115737915039062 283
0.519822359085083 286
0.5293285846710205 290
0.5379326343536377 294
0.5484633445739746 297
0.5572249889373779 299
0.5667719841003418 301
0.5746066570281982 304
0.5829510688781738 305
0.5923361778259277 308
0.6049857139587402 312
0.6146318912506104 314
0.6254973411560059 317
0.6334433555603027 318
0.6431617736816406 320
0.6515352725982666 321
0.661456823348999 322
0.6697406768798828 324
0.6789913177490234 326
0.687368631362915 328
0.6967105865478516 329
0.7040505409240723 330
0.713834285736084 330
0.7231283187866211 330
0.7315540313720703 331
0.7400083541870117 332
0.7493588924407959 334
0.7585220336914062 336
0.7680015563964844 336
0.7766687870025635 337
0.7845377922058105 337
0.7933712005615234 338
0.8017539978027344 339
0.8099391460418701 340
0.8194656372070312 341
0.8287084102630615 342
0.837181806564331 342
0.846470832824707 342
0.853806734085083 343
0.8628518581390381 344
0.8723883628845215 345
0.8806345462799072 346
0.8899493217468262 346
0.8987524509429932 345
0.9071292877197266 345
0.9165060520172119 345
0.9251992702484131 346
0.9330575466156006 347
0.9470527172088623 349
0.9557018280029297 349
0.9636580944061279 349
0.9734909534454346 348
0.9818732738494873 348
0.9911007881164551 350
1.0037024021148682 352
1.012556552886963 352
1.0231401920318604 353
1.0315425395965576 352
1.0399432182312012 352
1.0491735935211182 353
1.058574914932251 353
1.0668714046478271 353
1.0766849517822266 352
1.0840504169464111 353
1.0934045314788818 354
1.1020011901855469 354
1.1103641986846924 354
1.1195032596588135 354
1.129746675491333 354
1.139399528503418 354
1.1488287448883057 355
1.1583471298217773 356
1.1666231155395508 356
1.1756770610809326 356
1.1836092472076416 355
1.1926400661468506 355
1.2010741233825684 355
1.2093384265899658 355
1.2177882194519043 356
1.228414535522461 356
1.2367057800292969 357
1.2456691265106201 356
1.2552039623260498 357
1.2632720470428467 356
1.2728638648986816 356
1.281172752380371 356
1.2899231910705566 356
1.2992477416992188 357
1.3078060150146484 358
1.316523790359497 358
1.326612949371338 357
1.3340508937835693 356
1.3438167572021484 356
1.3528835773468018 356
1.3613476753234863 357
1.3698501586914062 358
1.3795812129974365 358
1.3887302875518799 358
1.4022963047027588 356
1.4106478691101074 356
1.4196555614471436 357
1.4294226169586182 358
1.4380462169647217 358
1.4473519325256348 358
1.4565463066101074 357
1.4639413356781006 357
1.4727497100830078 356
1.4820184707641602 358
1.4910268783569336 358
1.5033340454101562 358
1.51171875 357
1.5206596851348877 356
1.52982759475708 356
1.538503646850586 357
1.5486714839935303 358
1.5577499866485596 358
1.565927267074585 359
1.5736050605773926 359
1.5831129550933838 358
1.592421531677246 358
1.6012003421783447 358
1.6094791889190674 358
1.6189618110656738 359
1.6285691261291504 359
1.6371073722839355 359
1.6472456455230713 358
1.6564347743988037 358
1.6637823581695557 358
1.6724286079406738 358
1.6817479133605957 358
1.6909840106964111 358
1.6992206573486328 358
1.7075541019439697 358
1.7156691551208496 357
1.7245774269104004 357
1.7336320877075195 358
1.7432177066802979 358
1.75258207321167 359
1.7609679698944092 359
1.769254207611084 358
1.7777760028839111 358
1.7878904342651367 358
1.796447515487671 358
1.809664249420166 359
1.8187716007232666 359
1.8271172046661377 359
1.8365483283996582 358
1.8457164764404297 358
1.8545351028442383 358
1.8628859519958496 359
1.8712868690490723 360
1.8797106742858887 359
1.8896574974060059 358
1.8984286785125732 358
1.906754493713379 358
1.9140210151672363 358
1.9233319759368896 358
1.9315650463104248 358
1.94179105758667 358
1.9509055614471436 358
1.9591901302337646 358
1.9674298763275146 358
1.9756181240081787 358
1.9860243797302246 358
1.9935731887817383 359
2.002328395843506 359
2.0189895629882812 358
2.043578863143921 356
2.077638864517212 362
2.113377809524536 369
2.162554979324341 365
2.208953380584717 345
2.253685474395752 338
2.3077008724212646 352
2.362745761871338 382
2.3928470611572266 393
2.41109299659729 395
2.427999496459961 394
2.4538636207580566 389
2.4708669185638428 383
2.4919512271881104 376
2.5133936405181885 376
2.529958724975586 378
2.552532434463501 379
2.567918539047241 376
2.5894358158111572 370
2.6171209812164307 365
2.642545223236084 365
2.662628412246704 369
2.679903268814087 371
2.700794219970703 370
2.7192423343658447 367
2.7808589935302734 365
2.8283298015594482 381
2.8699474334716797 384
2.902845859527588 377
2.934009075164795 354
3.00732159614563 354
3.041841506958008 365
3.0685346126556396 370
3.0860631465911865 371
3.101822853088379 369
3.1254355907440186 365
3.149061679840088 363
3.1717612743377686 366
3.1839358806610107 368
3.192852020263672 370
3.201350212097168 370
3.2115464210510254 370
3.2198870182037354 369
3.228736162185669 368
3.2371397018432617 367
3.2477047443389893 367
3.2559924125671387 368
3.2659554481506348 368
3.2735483646392822 368
3.2828383445739746 367
3.291170120239258 366
3.299579381942749 366
3.3094069957733154 366
3.3187971115112305 366
3.327061176300049 366
3.3352932929992676 365
3.3459956645965576 364
3.353639602661133 363
3.3633177280426025 363
3.3717026710510254 364
3.382453203201294 364
3.3907456398010254 364
3.3990530967712402 363
3.4117507934570312 362
3.421412944793701 362
3.4297702312469482 362
3.438694953918457 363
3.4485366344451904 362
3.456913948059082 362
3.4664344787597656 361
3.473802089691162 361
3.4828555583953857 361
3.4911108016967773 361
3.4993512630462646 361
3.5085084438323975 361
3.5176706314086914 361
3.52593731880188 361
3.5336132049560547 360
3.543588876724243 360
3.552743434906006 361
3.560966968536377 361
3.571427345275879 361
3.5805556774139404 361
3.5888876914978027 360
3.5972609519958496 360
3.605447292327881 361
3.6138763427734375 361
3.6234092712402344 361
3.6317343711853027 360
3.6415815353393555 360
3.6506576538085938 360
3.6591432094573975 360
3.6686275005340576 360
3.6777291297912598 360
3.68593430519104 360
3.6935577392578125 360
3.7023515701293945 359
3.7112910747528076 359
3.720886468887329 359
3.729173421859741 360
3.7377171516418457 360
3.747390031814575 360
3.75651478767395 359
3.763918876647949 359
3.774592161178589 358
3.7829551696777344 358
3.7913339138031006 359
3.799806594848633 360
3.8125722408294678 360
3.821885108947754 359
3.830744504928589 358
3.840524673461914 358
3.8494694232940674 358
3.857947587966919 359
3.8665688037872314 360
3.8765671253204346 360
3.883875608444214 360
3.8926470279693604 359
3.9011311531066895 358
3.9100053310394287 358
3.918630838394165 359
3.9279470443725586 359
3.936438798904419 360
3.946281909942627 359
3.9550540447235107 358
3.963162660598755 358
3.9728217124938965 358
3.9811320304870605 359
3.9895153045654297 360
3.998053789138794 359
4.0069873332977295 358
4.0152857303619385 358
4.023988723754883 358
4.032632112503052 358
4.04264235496521 359
4.050912857055664 359
4.059222221374512 358
4.067772626876831 358
4.078933238983154 358
4.088885545730591 358
4.097253799438477 359
4.1059935092926025 359
4.113580703735352 358
4.122482776641846 358
4.1315388679504395 358
4.141340494155884 358
4.149596214294434 359
4.1652984619140625 359
4.173645496368408 358
4.183098316192627 358
4.1914660930633545 358
4.199872732162476 358
4.213402986526489 358
4.222326278686523 358
4.231565475463867 358
4.2418248653411865 358
4.250061750411987 358
4.258843898773193 358
4.267136812210083 359
4.276418685913086 359
4.285505533218384 358
4.293460369110107 358
4.306402921676636 357
4.318019390106201 358
4.3307366371154785 360
4.343731164932251 360
4.356431722640991 359
4.368529796600342 357
4.3822643756866455 356
4.393113851547241 358
4.401428461074829 358
4.41084623336792 359
4.419184923171997 359
4.427779674530029 358
4.4378886222839355 358
4.44710636138916 358
4.4553046226501465 358
4.4631757736206055 359
4.472645044326782 359
4.482325315475464 358
4.490642309188843 358
4.499191522598267 358
4.508294343948364 358
4.516592025756836 358
4.523894309997559 358
4.5333476066589355 358
4.543887138366699 358
4.552582740783691 358
4.560975074768066 357
4.570321559906006 357
4.5787646770477295 357
4.589098691940308 358
4.597912311553955 358
4.607167720794678 357
4.619561672210693 357
4.628439426422119 357
4.638365030288696 357
4.647320747375488 358
4.655706405639648 358
4.663504600524902 358
4.673240423202515 357
4.681840658187866 357
4.691267251968384 357
4.6995017528533936 358
4.70881724357605 358
4.717091798782349 358
4.725510835647583 357
4.733294725418091 357
4.743951320648193 357
4.752609729766846 358
4.761022567749023 358
4.769908428192139 357
4.7787017822265625 357
4.788032054901123 356
4.796860694885254 357
4.805482864379883 358
4.8134050369262695 358
4.821781396865845 357
4.830303430557251 357
4.841380834579468 357
4.849836587905884 358
4.85875678062439 358
4.867931604385376 358
4.876945734024048 358
4.88516640663147 357
4.89387845993042 357
4.9031641483306885 357
4.911469459533691 358
4.919973134994507 358
4.928586959838867 358
4.947157621383667 357
4.956645250320435 356
4.964537143707275 356
4.973241090774536 356
4.982571601867676 357
4.992014408111572 358
