0 0
0.031522512435913086 0
0.07902669906616211 0
0.10804581642150879 7
0.13039159774780273 16
0.16386032104492188 32
0.19981598854064941 55
0.2179567813873291 71
0.2457752227783203 90
0.2714066505432129 110
0.2984945774078369 133
0.3197941780090332 146
0.3370208740234375 160
0.35970306396484375 178
0.3783142566680908 196
0.39796996116638184 212
0.4180729389190674 229
0.4397299289703369 244
0.4604790210723877 264
0.4781789779663086 278
0.5060133934020996 300
0.5257902145385742 318
0.54361891746521 330
0.5611567497253418 345
0.5805621147155762 363
0.5997512340545654 375
0.6194794178009033 387
0.6379413604736328 396
0.658008337020874 399
0.6813616752624512 398
0.7014400959014893 394
0.7184708118438721 386
0.7394998073577881 377
0.7579696178436279 366
0.7773654460906982 356
0.7999451160430908 346
0.8283991813659668 336
0.8500885963439941 336
0.8814702033996582 341
0.9071719646453857 352
0.9240152835845947 360
0.9461429119110107 369
0.9626495838165283 374
0.9816586971282959 375
1.0014567375183105 374
1.0204734802246094 370
1.039945125579834 364
1.0652129650115967 356
1.0924770832061768 347
1.1185736656188965 344
1.1477158069610596 346
1.1674840450286865 350
1.1843409538269043 355
1.203840732574463 359
1.2216534614562988 363
1.240642786026001 366
1.2652804851531982 367
1.2816376686096191 366
1.3098061084747314 363
1.3244943618774414 360
1.3435554504394531 357
1.3620073795318604 354
1.3821403980255127 352
1.4016499519348145 352
1.4206435680389404 353
1.4403328895568848 354
1.4574956893920898 356
1.4771597385406494 358
1.4940361976623535 360
1.5121848583221436 360
1.5324430465698242 360
1.5531408786773682 360
1.5695748329162598 359
1.5844981670379639 358
1.603212833404541 357
1.6224396228790283 356
1.643193244934082 356
1.6584744453430176 356
1.6811645030975342 356
1.703660249710083 356
1.721656084060669 356
1.7384274005889893 356
1.7602026462554932 356
1.7785165309906006 356
1.7996723651885986 356
1.8146512508392334 356
1.8324766159057617 356
1.8526020050048828 356
1.8766906261444092 356
1.8939204216003418 356
1.9106650352478027 356
1.9305591583251953 356
1.9477319717407227 356
1.9671330451965332 356
1.9916560649871826 356
2.013277053833008 356
2.0359385013580322 356
2.066126823425293 356
2.119154691696167 356
2.150686264038086 356
2.209900379180908 356
2.261288642883301 356
2.2934892177581787 356
2.333143472671509 356
2.3584041595458984 356
2.390052080154419 356
2.423098564147949 356
2.454237461090088 356
2.4891602993011475 356
2.52174711227417 356
2.5406744480133057 356
2.559763193130493 356
2.5772716999053955 356
2.594456195831299 356
2.6159615516662598 356
2.6480541229248047 356
2.6638951301574707 356
2.6837244033813477 356
2.703356981277466 356
2.721440076828003 356
2.7562711238861084 356
2.7740421295166016 356
2.793382167816162 356
2.811694622039795 356
2.830332040786743 356
2.850693464279175 356
2.8730628490448 356
2.9015915393829346 356
2.9202375411987305 356
2.9333791732788086 356
2.9435179233551025 356
2.9516494274139404 356
2.9598121643066406 356
2.9690375328063965 356
2.977748155593872 356
2.986299514770508 356
2.9959840774536133 356
3.0040078163146973 356
3.0122230052948 356
3.020287036895752 356
3.028568744659424 356
3.0382754802703857 356
3.049635887145996 356
3.0578811168670654 356
3.066978931427002 356
3.0741899013519287 356
3.0824172496795654 356
3.0903897285461426 356
3.1019556522369385 356
3.1109790802001953 356
3.119389057159424 356
3.127469062805176 356
3.134631395339966 356
3.148696184158325 356
3.161140203475952 356
3.1724023818969727 356
3.1839637756347656 356
3.1961305141448975 356
3.2085461616516113 356
3.2203383445739746 356
3.2326395511627197 356
3.2459323406219482 356
3.259157180786133 356
3.2674598693847656 356
3.2745954990386963 356
3.2830891609191895 356
3.29170560836792 356
3.304555892944336 356
3.3131911754608154 356
3.322075605392456 356
3.3302066326141357 356
3.3572423458099365 356
3.3840038776397705 356
3.4018845558166504 356
3.4234635829925537 356
3.4405503273010254 355
3.4618477821350098 354
3.480290174484253 354
3.4973466396331787 353
3.514173746109009 353
3.5334200859069824 353
3.551262378692627 353
3.568511486053467 354
3.5893659591674805 354
3.604403495788574 353
3.6204617023468018 353
3.629122734069824 353
3.637321710586548 353
3.6461970806121826 354
3.6559135913848877 354
3.6637885570526123 354
3.673389434814453 354
3.682652711868286 353
3.690553903579712 353
3.7026453018188477 353
3.711817502975464 354
3.7205379009246826 354
3.731383800506592 354
3.749802589416504 353
3.7642111778259277 353
3.773420572280884 353
3.7901837825775146 354
3.816042900085449 353
3.8324856758117676 353
3.857238531112671 354
3.8765690326690674 354
3.8921773433685303 353
3.9114978313446045 353
3.9352903366088867 354
3.953223466873169 353
3.964216470718384 353
3.980631113052368 353
3.9960343837738037 354
4.004242181777954 354
4.014652490615845 353
4.02384352684021 353
4.033032417297363 353
4.041926383972168 353
4.050176382064819 353
4.058449983596802 354
4.0691962242126465 354
4.079099655151367 354
4.087206840515137 353
4.099591970443726 353
4.107872247695923 353
4.117334842681885 353
4.126923322677612 353
4.1341471672058105 354
4.143767356872559 354
4.151937961578369 353
4.161008358001709 353
4.1701133251190186 353
4.178544044494629 353
4.187145471572876 353
4.1943395137786865 353
4.203039646148682 353
4.211167812347412 354
4.2209436893463135 353
4.22972559928894 353
4.237885236740112 353
4.247796535491943 353
4.255927801132202 353
4.263788461685181 353
4.274530410766602 353
4.313536643981934 353
4.350634813308716 353
4.37003493309021 353
4.387380599975586 353
4.407635450363159 353
4.424229621887207 353
4.4470131397247314 353
4.463967800140381 353
4.484084606170654 353
4.5040974617004395 353
4.522174119949341 353
4.542897701263428 353
4.5593225955963135 353
4.5763561725616455 353
4.593953371047974 353
4.608307600021362 353
4.630267858505249 353
4.649835109710693 353
4.669333219528198 353
4.687459945678711 353
4.704304218292236 353
4.724156856536865 353
4.755288600921631 353
4.771823406219482 353
4.79065728187561 353
4.807888031005859 353
4.828406095504761 353
4.8496928215026855 353
4.869765520095825 353
4.887128591537476 353
4.913574695587158 353
4.931904315948486 353
4.9506471157073975 353
4.970240592956543 353
4.987511396408081 353
